SK_ID_CURR,TARGET
100001,0.032468847967064014
100005,0.199213277403042
100013,0.021318560471717696
100028,0.03347723764283209
100038,0.12325329788241239
100042,0.040042965658436326
100057,0.010942338691340554
100065,0.026141019377531133
100066,0.010635983527728463
100067,0.10365785974799042
100074,0.042248139233549406
100090,0.02150000267246721
100091,0.18833234215883438
100092,0.06525740179003195
100106,0.05366601386488103
100107,0.21801346486096942
100109,0.05139691205964235
100117,0.03349723766029891
100128,0.1076320849096114
100141,0.12151153725203197
100150,0.015599884175438509
100168,0.010692091209326378
100169,0.09117796043076168
100170,0.07628234988290059
100171,0.05081194902868238
100172,0.06761156413773438
100184,0.0770460669669065
100187,0.041870205918803666
100212,0.023469028015582993
100222,0.04533047373004863
100223,0.015527250365390868
100232,0.011899958278416497
100241,0.12645648168276993
100245,0.011823554951987166
100253,0.027224953060061053
100256,0.05159192995710697
100271,0.01053076549830728
100278,0.19380886882687562
100280,0.012975705454614355
100306,0.11949176984568692
100311,0.08136178569192476
100312,0.02714350755036607
100330,0.11270036845284856
100331,0.028907776352994595
100352,0.0902019205615368
100358,0.09881799778776068
100367,0.023632398847365493
100382,0.17372530006525458
100384,0.09420987423362416
100385,0.08211426477717775
100386,0.0940471745906685
100399,0.03842311356838686
100404,0.04807260405299352
100416,0.018881521443841993
100422,0.06438043750414746
100426,0.024043308252774915
100438,0.018653288905402236
100444,0.16855782835823496
100445,0.19885583476139868
100446,0.06535183264694172
100447,0.013336549307292394
100450,0.06169565424415933
100466,0.0172237503755943
100483,0.015576994473866868
100484,0.014291192296035144
100494,0.04283330636819259
100510,0.12754935615268553
100512,0.025154043556730732
100517,0.0636647141755687
100548,0.03130448290539505
100551,0.04605129211799626
100552,0.08752899980017728
100553,0.011502198069862503
100561,0.16162840253491068
100568,0.3670042895879061
100569,0.02777048095318015
100591,0.07580028613516875
100592,0.011282306051723198
100602,0.04767124972023709
100607,0.05235854200548814
100613,0.09092879365934613
100617,0.0930508553179613
100618,0.060123392459480965
100622,0.03042684611149164
100625,0.13309159269301865
100677,0.21290554202379597
100699,0.022069032484767197
100702,0.40082484734777457
100711,0.040626931631343025
100729,0.11190085337109242
100740,0.17854481449786735
100744,0.11461808062057659
100745,0.04014141120997323
100747,0.11897328681212546
100751,0.35547318434268976
100752,0.030180756423365967
100753,0.36672905507836107
100754,0.3097678018562185
100760,0.07751386339241513
100762,0.07331281415745408
100763,0.03551184142740792
100765,0.011595323096354478
100770,0.08329629256103752
100772,0.01634008316981237
100777,0.028435134443483306
100791,0.013334940147977783
100792,0.010837877725587074
100797,0.03180638827371313
100823,0.018570558532179864
100826,0.02721272454616343
100830,0.04803462117838956
100836,0.14918144026696656
100872,0.055790506479819625
100910,0.041304129043715596
100913,0.16145794747394962
100918,0.022439523225684217
100931,0.010737777482482381
100952,0.020707154484015174
100953,0.026618987004177686
100965,0.30312347868187706
100970,0.03852803212528843
100982,0.1306845122323384
100983,0.31628795267765436
100984,0.02532551904188509
100987,0.05173231852436112
100997,0.06164186272830693
100998,0.18746358319961082
101002,0.059028459775588495
101005,0.22231177309124117
101008,0.22200757360842155
101020,0.06847880290173085
101021,0.05783992866909761
101024,0.04057894348479253
101025,0.1352373916633529
101026,0.0316869812866882
101031,0.011383029462729236
101041,0.020412136686061306
101051,0.013048705325357804
101055,0.055237063936956675
101056,0.23547574587117323
101057,0.03124856389731176
101064,0.04930019178061499
101079,0.0977013331688545
101087,0.02724676502708196
101090,0.06717259304970598
101092,0.09686718330721547
101097,0.17766807366858656
101099,0.011126145908348394
101107,0.07940272047223232
101118,0.07115450900092556
101125,0.12148835035979037
101126,0.011870275509306262
101128,0.023146191652726127
101136,0.15698853687732992
101140,0.12280322701866064
101149,0.11221202014529186
101160,0.08676460773343526
101169,0.20167182536498607
101181,0.07175642792465156
101186,0.015534680167428806
101190,0.08396585759344774
101193,0.11505205748567662
101194,0.13758342905351545
101198,0.20412767520953326
101200,0.02370531111448687
101204,0.01790673818571258
101211,0.05588144374657823
101213,0.04125324971508211
101223,0.05775294657521873
101225,0.19135180526342366
101237,0.1042999800600819
101243,0.07847973728388523
101244,0.09967763470937363
101258,0.05516277832098894
101259,0.16086733048308322
101268,0.17867154699996596
101269,0.013039186415297993
101271,0.08308908493504383
101279,0.027472234584433118
101281,0.11839096182691669
101287,0.034504456153669295
101292,0.06625247017039741
101294,0.022041135993677213
101296,0.07342009909851226
101297,0.02210727559940566
101299,0.038048526080376954
101301,0.04286749526782206
101305,0.10698101923015109
101308,0.15828939831670133
101318,0.010948803618532059
101327,0.23944268124201643
101329,0.012276831234040586
101332,0.061424296161395345
101337,0.10808272782102128
101343,0.03295821316713457
101345,0.013642526709001748
101346,0.009732423633444108
101353,0.009389991519113915
101354,0.18591237994806692
101355,0.15305251384630195
101356,0.020316396792082574
101362,0.057160768775989815
101363,0.3540395212225048
101365,0.01744022011884446
101366,0.09666201003539429
101367,0.2209311643742707
101368,0.011459517744415122
101374,0.15951513634485995
101380,0.012247909796305963
101383,0.030636270745970702
101398,0.014832813417751523
101399,0.33346151144266994
101401,0.23033902069472098
101412,0.05703402319602876
101426,0.03714443013124115
101427,0.44797461257999915
101428,0.12072141671339176
101429,0.11959023732883614
101434,0.028900401937750127
101440,0.15101694455389697
101448,0.07778692995883602
101449,0.05223960849634961
101465,0.02626591923258716
101467,0.030659689666337996
101472,0.07756229000079792
101478,0.1964571263308803
101497,0.07798936052521158
101504,0.039839654369746354
101547,0.021757812081792532
101548,0.11656263826393036
101555,0.13358257422276243
101570,0.02359590162948485
101572,0.04595596563908415
101578,0.03602310045374137
101580,0.2877406575617896
101588,0.1813292782330201
101602,0.026985021108968048
101610,0.11679859745327954
101614,0.04159185225376673
101616,0.032546559680477434
101643,0.07437180055170683
101644,0.03774640029759101
101649,0.10673785038894121
101650,0.05208420494336134
101665,0.011583638040690628
101667,0.09105678658066825
101669,0.021881157469710075
101674,0.09280236609232624
101675,0.014095224482708852
101678,0.1720286210543948
101682,0.06648918267032124
101686,0.026953482070426103
101697,0.23332535697903967
101700,0.48598485368051236
101711,0.04029287591042058
101714,0.049049612059388716
101715,0.296342801868251
101728,0.015063728431975332
101732,0.07762813920146117
101757,0.300231234158009
101758,0.04687556362125916
101759,0.047975187746981104
101762,0.014357382535923224
101764,0.11415320356893018
101780,0.3143983700989702
101784,0.00943657349431021
101789,0.01428703100313638
101816,0.07017797461130183
101819,0.025583571206163187
101827,0.011186666174889576
101863,0.10068756184573761
101867,0.037885247048039236
101870,0.00929904251164912
101873,0.18516486773066915
101878,0.06552042408446981
101879,0.04468084988400507
101880,0.02032449622023396
101887,0.04892316331645034
101897,0.01947936203060175
101901,0.06092440488249303
101903,0.3136806431073025
101920,0.030489195824631186
101921,0.02954754938251327
101922,0.0713938661090123
101961,0.09507261460806408
101962,0.015343455837707815
101971,0.032198281426128135
101976,0.3189331330093158
102002,0.15592962594416634
102005,0.01490543775066636
102007,0.3110929829459407
102017,0.011140207929728417
102019,0.2243760504690709
102029,0.010431339464924031
102051,0.1797584482606932
102052,0.00943657349431021
102054,0.019264604284974347
102062,0.0784321544794916
102067,0.19005228798828297
102068,0.071107383177501
102070,0.04088928543484278
102090,0.08486532779329484
102092,0.04806008946347482
102099,0.13177944323977733
102100,0.03170876920063486
102112,0.11217531643234761
102113,0.02465956990226021
102122,0.22703003461326093
102123,0.03836508144890012
102125,0.03811209377037775
102126,0.19389128616898968
102146,0.0317526502163399
102147,0.0810864946467067
102151,0.026213824894775507
102158,0.16077580536902786
102159,0.055352968047456985
102162,0.06758616911112729
102165,0.022365188269384946
102166,0.02333915158714408
102174,0.013818415423266454
102193,0.23742932617981216
102198,0.03708465548837015
102205,0.07991561742052003
102206,0.009064684510904012
102218,0.02084303600569996
102221,0.040338940741103065
102230,0.061656258192322656
102238,0.04649784713539928
102248,0.04767124972023709
102252,0.2591242067037667
102259,0.10757678186411335
102262,0.08504626286355292
102273,0.08298915843718174
102286,0.15946828518083592
102293,0.016820257646829755
102294,0.03452598206609536
102296,0.09289648099538719
102298,0.11534622717044066
102303,0.022041135993677213
102309,0.046765307810506904
102315,0.018651641075077448
102340,0.06069976323583855
102342,0.10643322532855588
102344,0.052747118610962006
102346,0.09955055046741783
102347,0.01393820016347028
102374,0.04178053554621849
102380,0.02451283030481213
102387,0.012763234274430876
102393,0.04672915570214065
102403,0.01868556817753028
102413,0.02636666525808118
102414,0.012990268457859966
102415,0.016343219476023765
102416,0.1138851109066529
102439,0.04210143430150008
102441,0.022704344348062244
102443,0.01695806529987434
102444,0.11476787966741597
102445,0.14132073630244674
102448,0.027962795068032516
102449,0.05913415493804486
102450,0.21500320113702798
102456,0.01766783449504724
102458,0.06710124537237672
102459,0.04389998203671614
102465,0.02301672925075839
102470,0.26002653657500724
102471,0.03759876778462433
102475,0.0478696294944278
102476,0.21686941031792634
102506,0.04158891731446364
102509,0.03883301906483576
102519,0.013443831058528524
102522,0.025464790227504662
102545,0.02472921776985043
102549,0.040864780427541776
102562,0.011322854301388147
102563,0.01929725400515178
102568,0.09894066942983468
102582,0.060852479255369164
102592,0.030526025804007796
102597,0.11542832075018053
102605,0.036875707276733095
102614,0.026375498598014045
102617,0.08578566923044849
102634,0.08468078839897394
102652,0.011439393533629801
102655,0.00899671800403247
102671,0.0810797019845382
102694,0.18248308878809558
102701,0.03435075437617897
102703,0.009574839082506972
102704,0.02125561927191199
102713,0.013105211622652543
102720,0.1379862774501102
102731,0.020468761098070394
102733,0.03509269486710241
102749,0.0381023814518255
102755,0.04115752721638293
102763,0.013668385067172545
102770,0.03848602289172006
102772,0.10396247738752087
102799,0.12087729613020808
102838,0.02037627725173824
102854,0.02670604441863081
102862,0.1695693270252699
102863,0.04403072959422951
102867,0.011344024812879475
102868,0.010117376112571009
102878,0.07920569999715947
102887,0.04452242024595595
102898,0.24803997677587045
102904,0.11111853527707113
102912,0.039376870642327595
102919,0.023301339000391698
102927,0.05551130059391589
102932,0.04024917503711489
102933,0.07779052299647474
102935,0.02226003316919702
102958,0.09632904924766617
102969,0.13740382523887887
102971,0.024667786925846636
102975,0.1122957025931001
102979,0.043474233729656024
102982,0.012371665872447623
102987,0.20528264190621673
102989,0.05668368224630983
102995,0.0638143653301597
102996,0.038892905386343914
103000,0.024536191912171424
103001,0.12655150411182325
103004,0.04779995827203155
103010,0.021964758738830175
103025,0.16164601352018523
103029,0.019663952256625823
103046,0.09357579324401168
103056,0.03169684606629797
103062,0.05933738531490242
103078,0.014130768189454013
103083,0.013245277650552547
103092,0.07590175640704996
103096,0.07446264486718245
103097,0.11846730599616714
103102,0.2546811497568856
103112,0.029990386581816304
103132,0.04478525274782352
103144,0.05308250010915032
103145,0.12375339443798652
103146,0.012170558646009648
103147,0.09249575483261538
103158,0.024408764893030416
103171,0.08768750646567552
103173,0.014272756518588156
103184,0.02521388227067748
103195,0.16405378259470416
103196,0.03640862457336678
103206,0.013919390198577056
103230,0.21767539682849293
103231,0.19621574156980698
103232,0.02017918967213799
103239,0.13452097737694627
103240,0.1795718913297879
103243,0.017844165483460375
103252,0.09021462678245165
103258,0.045486594726911855
103259,0.15603436747634317
103279,0.029067966531754853
103280,0.0095889158964013
103286,0.01845713767432742
103287,0.3281093884210465
103290,0.019320337492772628
103298,0.02737269288410394
103315,0.00943657349431021
103319,0.04340338806809946
103334,0.10256500460997338
103336,0.04574542570479661
103345,0.057237907861342696
103368,0.020249440962081762
103371,0.2093701279017833
103377,0.02002613287472963
103398,0.012798602487688557
103404,0.057531830373597256
103408,0.2058831107690473
103410,0.049632928726529454
103418,0.014830267123987675
103420,0.20064423872558407
103432,0.08069282628754512
103433,0.012147655397964106
103436,0.017825932302058728
103440,0.023805144661166667
103453,0.029274359327022666
103459,0.05281266381584119
103460,0.02673580401535775
103461,0.01146740986672231
103462,0.04615426579033626
103473,0.14535416507588134
103474,0.03997080069225795
103475,0.16552180767983715
103478,0.11574988725124868
103480,0.07615047326338556
103484,0.02075223375526341
103494,0.173515658628347
103513,0.06318954564255654
103515,0.04800156861998109
103516,0.15175656404303547
103525,0.08490210104981805
103541,0.22011333837801925
103544,0.010780104747391713
103562,0.43380997798172183
103570,0.4915660182709097
103572,0.18680282571642084
103574,0.01563800692717466
103575,0.0438834322961983
103591,0.14203547153164528
103594,0.018636368684953275
103609,0.035036103593435654
103613,0.08209594469531993
103614,0.024110708282173703
103615,0.05325165807641326
103624,0.043706392518918856
103625,0.22972022389439495
103628,0.13021553284776394
103629,0.02449804637638451
103647,0.05753251503614161
103648,0.07859886879728485
103651,0.022883912879027316
103658,0.02158538775311016
103668,0.07153195456805289
103669,0.021958339235830383
103676,0.08139518008144733
103682,0.04462382562729164
103683,0.025997037887169873
103689,0.013110874461773026
103725,0.04590082564673408
103733,0.13722069547476684
103744,0.021654696917212078
103762,0.12459870534039172
103771,0.2198858587889402
103773,0.010635983527728463
103783,0.0562886142449036
103784,0.04457411404154809
103808,0.011431037324973236
103812,0.07384102702375403
103813,0.11469645762148924
103814,0.06843946884117383
103818,0.23733186646306387
103824,0.01325681219830025
103828,0.011126145908348394
103830,0.4356459765949867
103840,0.011403315451145372
103842,0.08527250071094776
103847,0.3294887239738417
103848,0.15652121363011334
103851,0.012210730488471482
103854,0.17465122480218076
103857,0.14515603431311272
103861,0.02024020715642464
103862,0.053446112013279215
103865,0.07975502095626671
103870,0.010737777482482381
103876,0.041581830200044606
103891,0.48981063846290746
103908,0.04332860174611862
103914,0.09247834464738844
103918,0.09774632449605161
103940,0.023512491707951035
103963,0.1086216731052652
103966,0.06269621967741822
103971,0.2049523632024529
103980,0.09132267000056905
103984,0.042408097266862656
103985,0.01669329577331594
103998,0.37290017002576165
104019,0.01072772903854674
104026,0.025548176745225394
104035,0.0849528084489513
104044,0.08239884104120718
104045,0.07310557760265735
104047,0.261136931253546
104051,0.04890564773271366
104058,0.10458574997940018
104063,0.009443927319897185
104066,0.12776955340947843
104087,0.012539843699218688
104089,0.0465822501875736
104095,0.04400056215812568
104098,0.08086344531165099
104104,0.03356960060071289
104110,0.2878182133123354
104120,0.08073223766728024
104122,0.011537456988177621
104131,0.037777046946291123
104132,0.05881158353675668
104135,0.03486787673713209
104136,0.030788935476157832
104149,0.04995596697312911
104150,0.10306258423651202
104156,0.3930723780342523
104165,0.2488465869828052
104175,0.03171000553258806
104179,0.10678709308266063
104184,0.18020244637905086
104206,0.047111410796567735
104216,0.3249038026272453
104230,0.1174470474492055
104257,0.020334717924129907
104272,0.04637885230473381
104273,0.11713585028699525
104278,0.020659251068661538
104294,0.049133934158756984
104295,0.025171056138409552
104297,0.027981997539959218
104298,0.08018889432589837
104308,0.026240112350664285
104318,0.015597917078923088
104319,0.10130451636930013
104320,0.08007395111740995
104327,0.09693614141497767
104334,0.04946888248859312
104344,0.035904740907918634
104350,0.027950481210152662
104351,0.11606330404996648
104354,0.01985769132184749
104369,0.11179642533929743
104376,0.07692643312778227
104381,0.03215155729841891
104384,0.05435382567525723
104391,0.04123252408704449
104394,0.0262059587885742
104398,0.17433480277924115
104402,0.010653323965033752
104408,0.038150217613119715
104409,0.01117381720227299
104410,0.5377183491130005
104412,0.08472790053896548
104417,0.05294797609294679
104424,0.09995707066216167
104426,0.025516605021519083
104435,0.07434690161893402
104445,0.015189583305128415
104458,0.02140212587318251
104460,0.05344159674658024
104466,0.02489887613971998
104472,0.09950876689256662
104473,0.06500752689612235
104479,0.00921458899420049
104480,0.01630196937003335
104482,0.04607643321536807
104499,0.014962265793061855
104501,0.016354569663824217
104502,0.02038310220830744
104506,0.059256377436830765
104510,0.008615703403753432
104512,0.09674553551931017
104520,0.12245153232791309
104528,0.07021470234077343
104529,0.011459517744415122
104541,0.09166641641797749
104578,0.023037139798243143
104584,0.09146931451924842
104588,0.12188674787624162
104602,0.19779886995725507
104610,0.02859308908924224
104611,0.1896355905912675
104618,0.11979055835848447
104620,0.04149061949335525
104622,0.02707887342220871
104624,0.040693566311099286
104625,0.15051685126021022
104634,0.10766200684089877
104639,0.06080417177288627
104646,0.015614374967122239
104647,0.06226748327929875
104652,0.015431683423224077
104670,0.17472669072828503
104677,0.017208290906262982
104685,0.07814815095392832
104691,0.025838169833223845
104696,0.08553705333134452
104699,0.018238899602431923
104712,0.07799965253621187
104714,0.032534959025288704
104717,0.039316894414197404
104718,0.01316222419970239
104740,0.036689410778608524
104741,0.02815381857537107
104743,0.009362294383405797
104744,0.03401183809503688
104747,0.09270984893822956
104767,0.056415697846449966
104772,0.2519707741363641
104776,0.1320987352653335
104779,0.0407093130638373
104814,0.018426890485186368
104815,0.04691810937788166
104830,0.0608762573910797
104831,0.13603091438969378
104833,0.051022942781795
104839,0.016119134999339445
104840,0.023699925668392647
104860,0.087370557405926
104861,0.019793318458392058
104866,0.07368497367406353
104870,0.027752198429273713
104877,0.052972467758536056
104878,0.017542702529677302
104879,0.025499862503115107
104880,0.03321626507775779
104899,0.016298600634304692
104906,0.045212146263467666
104907,0.06413496989716858
104913,0.07712584147770159
104916,0.07136528042341805
104921,0.045623236714116264
104930,0.04321350069804504
104931,0.2710845685369288
104936,0.027948661456522562
104937,0.0258635879024832
104942,0.024014435529914592
104943,0.020446681017252742
104969,0.10226053887648538
104972,0.3053279834523373
104988,0.03281829979803075
105013,0.011096991807638356
105015,0.020749919226032483
105019,0.04098781188845398
105027,0.1251770592598735
105030,0.05679395191601612
105035,0.21912481215024768
105041,0.052213257892126164
105051,0.22588537549309712
105056,0.03649114737387446
105067,0.40984857818565124
105071,0.044023981945591886
105072,0.012200182962604621
105074,0.1426720189758417
105091,0.05235854200548814
105101,0.04735135323253177
105103,0.030056998980409318
105134,0.03347723764283209
105139,0.013232502022243419
105142,0.1211152755322334
105146,0.05522281037596409
105163,0.04432585821422895
105168,0.1031878603655432
105172,0.014333882315821101
105176,0.25550575135795806
105195,0.05874532401624436
105196,0.21574848173382005
105197,0.02128943423906491
105203,0.07694412897710637
105223,0.10279020658894458
105227,0.19304541698799763
105228,0.011227234661729087
105230,0.12119858464948915
105231,0.13470343855779204
105239,0.02231158274546478
105242,0.14846995810356697
105244,0.047353545477268826
105245,0.04931775418242058
105248,0.019483854505043995
105249,0.021860838534966405
105266,0.12060603270795549
105271,0.197196925853251
105276,0.04259515929334105
105282,0.027223141898406834
105292,0.10637027806464786
105297,0.010339422444898057
105332,0.08331376794465657
105333,0.017294258872152225
105343,0.04368708516023218
105344,0.019009235467734673
105345,0.1056702231945752
105357,0.04805257229314305
105359,0.10750411594892788
105366,0.046277596847072215
105367,0.0618800643954329
105370,0.009275247783291111
105377,0.07731283419943201
105390,0.03965494174740723
105399,0.011266625073923061
105403,0.14778319831405576
105404,0.04666875880802073
105414,0.024757139241337756
105417,0.10158920323889009
105425,0.21169477099961878
105452,0.14605588840057498
105454,0.05218433961515108
105456,0.04368840755108129
105470,0.029314680332659642
105471,0.04314551114448471
105483,0.11907843658672704
105493,0.14247246985661804
105508,0.070052454131348
105514,0.05210764559418155
105515,0.02631015561641496
105528,0.2919198228039313
105529,0.021392093706069624
105531,0.03712855790192401
105532,0.04988640935023893
105558,0.01835775542070413
105574,0.014889880105836287
105578,0.010776544726775007
105584,0.3046060329775296
105595,0.0663317279111497
105617,0.1184788087592071
105618,0.03015366544507584
105621,0.02643577550225868
105625,0.04836086398386417
105629,0.06584991161936812
105630,0.010720437045177096
105634,0.024029900732390815
105635,0.009528380837345814
105641,0.14566662980243217
105647,0.03866063537525066
105648,0.046744420031757015
105655,0.07222988315184163
105657,0.02472992293007707
105672,0.12065067528460187
105678,0.11487669388260786
105682,0.07893387546912758
105691,0.03789079221745399
105692,0.015929770553169346
105706,0.02301672925075839
105712,0.036865533003801146
105720,0.027491594653319313
105734,0.010705309364775328
105735,0.05043918460565892
105736,0.1964189246924007
105737,0.022090157887356264
105738,0.0993436987560484
105740,0.20162324685559732
105744,0.05177613169146883
105747,0.029395975544707093
105749,0.1262954230224321
105754,0.0546305787614534
105758,0.02743554437517091
105760,0.02361002467153529
105767,0.1862843426336306
105784,0.1723000343259903
105791,0.01774984512021622
105802,0.12985804786144856
105807,0.2242203160538685
105809,0.036937164036286455
105816,0.11873381097952199
105817,0.029695716919412297
105824,0.18024465998753564
105832,0.04311001629116788
105856,0.016670395933200667
105865,0.03585774298072421
105899,0.13681604333176695
105906,0.03089246775520945
105916,0.05739032266642772
105923,0.07361952069536547
105937,0.11708701724684631
105965,0.050684156030860496
105966,0.0898715881115837
105968,0.045844184591664304
105973,0.02519086700364793
105976,0.13725398766145122
105978,0.07693146954437967
105979,0.033028847790441004
105991,0.11234468370032476
105998,0.12281041472499443
105999,0.022103987484744188
106000,0.19193773720139845
106001,0.025563871219677244
106010,0.15921055976591905
106011,0.012605113136824839
106013,0.10952612771566947
106015,0.022713354957486703
106026,0.019293772357394427
106032,0.02390387451277749
106035,0.2086791396474462
106040,0.059099132413375534
106041,0.21232658303445334
106044,0.011167578192274947
106053,0.16994163124136868
106054,0.01771326494545284
106065,0.19036771710585437
106081,0.02855246465052519
106083,0.09185685685641483
106087,0.024322768162840864
106090,0.11454312381275458
106101,0.015508575367674993
106102,0.04165465827764354
106109,0.04307061957101374
106116,0.1138859915162718
106150,0.009158043715051568
106155,0.11342545830793098
106166,0.021311425315595614
106176,0.1475853020130575
106189,0.041342161087146084
106199,0.09669056294654389
106205,0.07625333731385411
106206,0.12831950225830874
106211,0.01873094197190204
106214,0.04417598521544342
106216,0.02590431066562527
106217,0.06075233169317732
106225,0.04284377204816246
106249,0.025718109178970622
106256,0.07973491272930132
106258,0.05089284000428231
106261,0.040738325728970154
106262,0.08574286826692977
106264,0.010949692516927527
106271,0.033810664950267896
106276,0.012179421111025771
106277,0.10873952568468166
106286,0.07253684974600275
106293,0.02273141903078238
106295,0.05543649416464391
106296,0.01902458052232717
106297,0.10835538822922411
106298,0.04626033600837584
106311,0.05918354788325923
106314,0.06010453335706532
106320,0.03690073889716068
106334,0.04758333157138041
106346,0.07244742279283407
106347,0.01601995206182985
106349,0.10519955154983815
106354,0.05598148514167493
106360,0.024655473996553594
106373,0.11157770591389966
106377,0.04648395362754814
106386,0.15344003039730042
106387,0.06259724560915012
106391,0.010254968927449428
106401,0.3069227006178906
106411,0.14545881983610384
106413,0.4662156457690195
106426,0.14700266964122677
106427,0.05758364527683687
106428,0.06324521864997433
106434,0.05858168887630831
106438,0.022365188269384946
106440,0.027885290387164825
106441,0.021654196891721832
106452,0.08394194896435149
106453,0.0492845602358216
106454,0.035419703429708196
106457,0.12734701915106877
106484,0.02636257321708645
106488,0.12626833198556384
106491,0.18793769937627253
106514,0.13689142025852089
106527,0.04549430996263784
106528,0.03369239286875363
106529,0.01196208484990791
106534,0.13233917111151083
106550,0.23826327774713638
106577,0.04982520076306991
106585,0.10117459108732083
106590,0.009158043715051568
106607,0.057187407280437384
106610,0.05793101283910316
106611,0.037355027280817125
106612,0.06067812280400066
106624,0.15319060062036619
106631,0.010737777482482381
106647,0.3902278771054558
106660,0.1642025433728528
106674,0.017469072384250377
106687,0.01801325818376901
106712,0.04122936146740185
106713,0.06689877194445258
106717,0.046271767207282426
106720,0.07963518598175993
106721,0.13198679647290062
106724,0.07944213185196744
106735,0.0634162389019907
106739,0.038548353371300983
106740,0.0880056005285709
106754,0.053163956243754106
106760,0.20437113229510412
106761,0.05004047949783373
106784,0.10004430553146189
106787,0.04423230269450146
106797,0.014732927467365162
106798,0.07360153117070276
106802,0.07714558116551815
106803,0.07093663404861031
106804,0.39302351720243406
106805,0.01467375727699465
106810,0.1095598035013073
106812,0.14329134840363494
106813,0.0528956714818538
106817,0.054327732594179445
106822,0.04645131956744655
106823,0.018051631718811866
106827,0.010523947238764753
106841,0.045378563553988935
106851,0.12619418054072046
106852,0.04202125125762148
106853,0.13166232628258048
106854,0.5760142966058152
106861,0.037087008481053424
106873,0.06735164199737546
106877,0.03286067181167905
106878,0.009521027011758842
106881,0.04945108293712754
106900,0.014600928798290983
106906,0.05629075905503759
106907,0.0529299199212082
106914,0.10176856572599835
106916,0.07137453679740172
106924,0.011392572179929557
106931,0.01787961274243501
106936,0.06202903729643079
106937,0.08108198590165622
106938,0.02696132588623385
106939,0.06719856580546511
106943,0.02971602856157901
106944,0.21217803761454804
106967,0.0507532142547372
106980,0.04366109019358165
106986,0.13627122579661205
106987,0.04133981526094282
106990,0.021356269858517542
107013,0.009258872930187859
107023,0.032504048006859444
107033,0.09762228965420575
107037,0.05448750488722574
107048,0.026580112151331853
107071,0.023865909997697794
107081,0.013540951105021076
107113,0.09937201777654672
107130,0.05523214413769807
107131,0.01707565315852396
107145,0.09878877787536501
107156,0.12419180441510058
107219,0.08646517156344335
107222,0.1977784142964557
107223,0.3004482081432388
107232,0.2200594537694575
107245,0.056668159735143754
107246,0.031440330959312264
107247,0.05945652585417281
107256,0.00899671800403247
107259,0.014871516009083255
107260,0.0112808448277096
107279,0.2907289244919161
107280,0.10729336232590661
107281,0.02087270981497999
107285,0.04161188207064193
107329,0.016158626367789794
107337,0.13355447823787286
107349,0.074685474635836
107350,0.02959315173835663
107351,0.014272756518588156
107359,0.21035194389259043
107391,0.13093342366828786
107394,0.04689766831030445
107395,0.01888852555563928
107406,0.027418049313965902
107416,0.14228968681584603
107417,0.011546652965315476
107418,0.09322311484603547
107419,0.04228616413427017
107444,0.01103498990030723
107445,0.037137291736163966
107446,0.18879193476257655
107460,0.12815634094098904
107470,0.0580940893290963
107475,0.04742389783201896
107520,0.018163949676524842
107526,0.0774719316586435
107527,0.011081448145468391
107530,0.008891499974611285
107532,0.061955661411185095
107534,0.11024352977792733
107535,0.05465419459465608
107554,0.2344702704308966
107556,0.011516692476205063
107559,0.15171466882838452
107561,0.0161465584039793
107564,0.05991641770573623
107566,0.02640096838373515
107571,0.04426262548403718
107590,0.21764077941735688
107602,0.1196417058652598
107625,0.09808676567199046
107626,0.42303853305328315
107635,0.010054156515837779
107636,0.08654714922154938
107645,0.03154091971116353
107652,0.21304234778859757
107655,0.024196562447174504
107668,0.034527837373257805
107670,0.054401539440256684
107677,0.00931311932554345
107680,0.10745008901732118
107683,0.2112278584265433
107684,0.010906532718023094
107691,0.06675630881850861
107692,0.03996872462882256
107703,0.03745098557425624
107709,0.012828568568116405
107710,0.08394506916837341
107721,0.19072605515850355
107725,0.10476367815193374
107727,0.08314036573543895
107739,0.013421166364817253
107740,0.05008653724604413
107741,0.028422450920146614
107747,0.04333570747490082
107765,0.43938358767535146
107768,0.01810059286103475
107775,0.10310256661397807
107782,0.2241551098315485
107790,0.07390690105902888
107801,0.04375345315146245
107807,0.011661555064323354
107811,0.02913624547374939
107817,0.09445828902970431
107826,0.054834662356233535
107838,0.19247889038945756
107839,0.024404651360189395
107843,0.10900509192703037
107847,0.082131982228051
107849,0.10172094196058816
107850,0.11541855904432934
107867,0.08681506544286073
107871,0.1272630203445035
107908,0.022267994611549158
107913,0.034400185699090376
107927,0.014328093438332756
107931,0.0239407908827317
107955,0.04909104451748781
107962,0.14307871975576622
107977,0.062136503368600736
107978,0.04731628178881697
107993,0.021814229405328962
108010,0.08091855685974686
108016,0.04242625337595473
108018,0.31022542186742436
108027,0.2355694312497437
108045,0.24044820603732822
108069,0.16145997146371022
108082,0.022103987484744188
108089,0.0713938661090123
108092,0.011950082785329077
108106,0.018819572396047403
108112,0.18484899381562608
108120,0.05692520350037483
108122,0.23368953869582457
108135,0.016321982060674103
108170,0.027597841175394343
108171,0.04449705940346092
108177,0.010924998254035267
108180,0.0988909875022059
108183,0.02792096324482653
108184,0.019265220026903875
108185,0.1363046287910493
108192,0.08714664807773125
108195,0.1279660204474395
108196,0.11228286507842208
108218,0.021907112615477804
108219,0.09647821269103508
108243,0.13499781585088994
108249,0.01259474759291268
108251,0.010910869604031724
108274,0.025736447758535553
108280,0.48097976452854796
108289,0.05077089883199598
108292,0.030885635694870524
108295,0.04302926255612024
108327,0.02569713205195906
108332,0.04360830554707686
108346,0.04574994853026343
108349,0.15458354134790783
108353,0.07345146189149768
108362,0.052691436129708946
108363,0.017328627802469847
108377,0.2834487975023416
108378,0.12607172553818177
108381,0.010911356609332805
108383,0.20068953580218554
108390,0.03937521825751034
108407,0.018892140858287783
108408,0.045893415595705554
108411,0.02656193996053498
108412,0.03931082187123401
108419,0.04179571584576471
108436,0.30476582297366045
108437,0.19410879554116028
108438,0.14008109070344651
108441,0.0345032286483834
108448,0.010138140624543563
108449,0.12909123351921573
108466,0.022078661593330003
108467,0.18816976926117612
108473,0.07646809332345106
108474,0.056774292943097916
108476,0.020042694003442576
108479,0.02184089326818655
108486,0.01314726075044594
108493,0.015614374967122239
108501,0.016517760178474183
108506,0.14673232259370353
108510,0.038763076290291534
108511,0.024993226816708014
108514,0.060620133733334844
108517,0.015522774327434591
108519,0.07764300469146673
108522,0.014310804372443406
108548,0.12499723458071481
108554,0.04549586571585207
108555,0.1527986083678872
108559,0.0474671830833763
108562,0.017484407999706655
108571,0.1264880977467521
108572,0.04124799318600881
108579,0.07907272242433977
108583,0.011459517744415122
108584,0.010868482800491304
108592,0.02407392406774983
108602,0.0191845453439005
108609,0.023172095084876537
108613,0.2112419565804693
108616,0.05758183762503048
108618,0.12742418910620545
108620,0.01929725400515178
108643,0.0133033758837065
108649,0.016883820768128326
108654,0.1593215355448881
108655,0.014214626376516774
108656,0.04119396401215851
108667,0.10221056873648016
108668,0.12393784359712878
108682,0.11267807638532538
108690,0.059729326781288894
108691,0.10283272468576246
108692,0.12566918369872757
108695,0.027491594653319313
108699,0.04892988683996639
108710,0.2725873034522287
108718,0.3095428996625705
108739,0.1520096997324834
108740,0.01673196582096835
108741,0.010653323965033752
108742,0.052931629502127917
108763,0.014133151708849078
108767,0.12126395745263138
108769,0.09749932043033369
108779,0.1815766134062979
108788,0.021762227440342084
108801,0.04015276108179983
108802,0.040149702977275395
108810,0.054238328592696214
108811,0.01144924284230066
108813,0.039934762897392916
108814,0.11933732875527418
108825,0.022620039303132215
108826,0.09244972835508179
108830,0.08504194653590005
108834,0.04808687040213068
108852,0.0309609411021445
108887,0.10518125759831816
108901,0.13130131382468205
108908,0.010791589553230514
108910,0.045810844482803106
108920,0.05263489594704405
108922,0.02386661580485247
108929,0.17145855679422334
108930,0.042164929777818785
108937,0.13583943978152738
108938,0.02533897479861617
108943,0.08570895114821139
108948,0.019343665956138165
108953,0.05568501060667523
108956,0.1075615726301398
108965,0.018002724420612203
108985,0.1595171569403921
108986,0.2352784254245382
108987,0.0292934254584566
108990,0.009473124709302129
108991,0.031135357211460303
108993,0.20482582344182196
109000,0.12342781183813659
109001,0.08191945831461406
109012,0.3864897758107605
109014,0.062020901389903196
109015,0.11061806685548255
109021,0.022653548060117462
109037,0.10524455378891953
109042,0.21299848186645692
109044,0.07845284082897423
109046,0.5135389141802531
109064,0.010908835097254009
109084,0.09428539309010767
109086,0.06866689274931698
109092,0.008975953492059914
109093,0.14340898182605383
109100,0.18448549527666455
109101,0.01018792136263565
109110,0.04423933247189196
109114,0.17574793748761774
109126,0.1283864736020106
109152,0.011090254536448456
109162,0.04637376441613007
109167,0.04705964673549103
109168,0.10644202386783468
109169,0.015467094874984868
109179,0.06880617796179857
109184,0.0869729309440096
109191,0.11061592530971105
109192,0.019165217362271208
109193,0.01216905235868182
109196,0.10341784287224443
109206,0.05310988169852737
109210,0.01053076549830728
109244,0.12727413926605236
109249,0.03128263154926005
109273,0.03305934478933006
109276,0.3366668506229436
109281,0.045347594918115464
109287,0.11038978464464314
109297,0.15576056512470338
109298,0.04246142185272935
109306,0.039112529177636295
109309,0.0779898305566404
109321,0.2947271889291768
109328,0.13915479072169173
109336,0.03404801385584494
109342,0.0612284824717627
109346,0.011438753232442568
109347,0.07979817984117912
109348,0.1507486752783495
109362,0.08047517273785906
109363,0.0526274496845542
109367,0.030203922750235042
109370,0.011708937237626919
109393,0.09369240910118831
109405,0.04091945939526301
109413,0.08609856299780143
109414,0.5097160533229799
109421,0.03904239110141483
109427,0.09951453257762496
109428,0.06318048978005496
109429,0.1253949847360386
109437,0.015798860333239937
109443,0.024722608727867114
109461,0.05954602927536399
109468,0.0409744052071391
109469,0.012816907544653552
109471,0.10503469707623339
109479,0.07906344892150115
109484,0.009539255034096505
109501,0.045123171631885214
109505,0.07781202056410444
109535,0.03441939584734426
109539,0.010653323965033752
109544,0.06411152138889621
109545,0.010700297471368898
109551,0.1520422233851311
109553,0.034577899552337345
109555,0.02212227573923555
109561,0.046239346716269794
109580,0.014637504537840596
109583,0.31441023548944724
109593,0.13712123649757535
109604,0.09400658259491788
109620,0.09191505837202338
109635,0.012975705454614355
109637,0.29190465366820206
109638,0.11002075667874008
109642,0.04243307704616395
109649,0.023847751806760624
109652,0.035844774114385136
109656,0.03669061848830753
109663,0.03595194340524388
109696,0.17948915971777618
109700,0.20360383141867494
109709,0.0841336839302664
109735,0.01899820239374839
109740,0.06327779064703393
109741,0.07394501779349986
109749,0.06996347455758473
109764,0.012043493592744798
109771,0.164698655353705
109772,0.026200991120858996
109773,0.1569460699927463
109798,0.034637440132777406
109802,0.15955598541649998
109804,0.02625201495035127
109813,0.04423029511267205
109818,0.08890604068356779
109848,0.04242683907690993
109850,0.020166088653185487
109851,0.030452239107923933
109855,0.022952105445890873
109871,0.2925455074274259
109877,0.04737458952881396
109883,0.016668520077760946
109886,0.011117686103626297
109905,0.08025247103917033
109936,0.23117059340348015
109950,0.11000719973621038
109958,0.04754619362721192
109959,0.07957725407546026
109969,0.03389442947955103
109971,0.043811918724626184
109984,0.0154558989017247
109985,0.24302140788797127
109988,0.036034485268905604
109992,0.0877774461610952
110005,0.04448210847712779
110009,0.04626236011848349
110011,0.32476966741873087
110014,0.03706521654147269
110026,0.024431180805453645
110042,0.029431507868087105
110058,0.013211628802044462
110069,0.04702523266090786
110080,0.014683439866451025
110087,0.028235367815175993
110091,0.05214213762248001
110094,0.051948758933060765
110098,0.2174763942230316
110105,0.033780271224047545
110117,0.05746481892202958
110136,0.1473551361553718
110138,0.21703055955941117
110149,0.10006709427395995
110164,0.190743252393451
110202,0.17767082022984615
110212,0.03276461651508037
110226,0.009254483271318555
110236,0.03443128537186051
110249,0.012841315726557384
110257,0.0448391396001135
110258,0.00877702911477253
110277,0.012496687640641171
110282,0.05042801019649131
110284,0.056265334396945275
110286,0.07875417125558035
110289,0.012398390684378513
110304,0.01595241043335782
110319,0.11533613641057734
110324,0.0826351762114428
110326,0.02739245915588282
110335,0.026097209577418123
110337,0.17318258940889927
110338,0.07416347135315762
110343,0.030670898818267022
110345,0.041245312948187327
110347,0.11812335190730287
110355,0.013259844361335186
110359,0.05742018724713516
110360,0.056901909256942294
110364,0.05979609309273778
110371,0.16942625433397968
110372,0.025422099504945166
110376,0.08225742154146841
110379,0.2553708452333513
110380,0.04169149219002931
110393,0.05909749645345993
110401,0.4046552776096276
110406,0.029165710072580082
110411,0.04247589800676871
110416,0.04140315914581101
110420,0.022404405512017854
110443,0.01483456901105742
110465,0.028996507350445483
110468,0.08126768131739427
110469,0.10988632751906979
110471,0.23598885904554043
110487,0.20057215721320185
110491,0.17233116180245714
110504,0.11116279030060394
110547,0.04271471375997492
110550,0.05070861565068492
110559,0.2299815173411343
110578,0.09601032044013276
110582,0.059713417066792715
110590,0.029475229258004998
110598,0.05177904226428474
110601,0.4375304873124935
110602,0.03371112978508881
110604,0.046148299294406295
110625,0.3031756637471859
110626,0.15666243125905746
110636,0.2985460315454673
110637,0.08803683512924122
110638,0.12535108960368255
110646,0.021762227440342084
110648,0.04120942900535353
110652,0.048075462963697135
110681,0.05035292591310967
110682,0.21227510392875643
110687,0.1376547952762902
110691,0.01402460822799824
110694,0.0596644759154298
110695,0.05265485320784659
110696,0.08327605190205419
110708,0.022580966803276002
110710,0.015067415503705089
110717,0.07144708564897825
110730,0.07299394683614205
110740,0.046112128395461284
110742,0.0889290321076834
110747,0.04379523030928833
110761,0.04598770945207571
110766,0.029538556999564165
110769,0.015404721973568722
110774,0.09308481637971056
110803,0.020055123415122965
110805,0.011455507819765877
110809,0.2695163413475093
110827,0.13146755443459304
110832,0.04200600118400856
110839,0.21772825914065722
110859,0.19011498352660663
110861,0.009909395437624851
110863,0.15546021495760606
110865,0.1917357801356921
110881,0.07943324561120699
110889,0.04479170451896556
110891,0.01531474078690275
110894,0.010621074647222395
110895,0.11966267385836075
110907,0.33365391084127605
110914,0.11918978740072181
110933,0.010705309364775328
110934,0.011459517744415122
110937,0.10029178866463653
110953,0.029298034615648116
110954,0.18543211630272483
110958,0.17472216661976117
110970,0.060945456512043174
110974,0.10476716195804048
110977,0.1183720941111874
110989,0.019768711752574244
110993,0.2550812672054239
110994,0.16838729359184135
111018,0.009359701300739742
111019,0.04014141120997323
111030,0.05787918715214106
111032,0.09499601463159399
111041,0.019980464173434073
111045,0.055786316637348524
111048,0.014930330646280271
111052,0.07051755073340686
111070,0.37104617513133276
111084,0.20065462953217258
111091,0.07715145198655673
111104,0.011020927878927207
111108,0.03853044757858438
111112,0.03817983218334301
111127,0.012521364359292655
111142,0.04768251616316862
111146,0.13891208988876397
111165,0.025964959828645877
111168,0.02023297374957917
111169,0.33030939146624566
111172,0.02348991363970373
111173,0.010797309238747561
111174,0.08355298096760665
111175,0.33532150978225184
111176,0.03875780465312491
111177,0.06307666176007545
111180,0.020144055742340954
111182,0.015333268223436345
111192,0.022755563125137622
111194,0.20607107610472739
111196,0.20180059340346382
111197,0.01431245833642412
111198,0.0430785231587706
111205,0.03761095065125477
111207,0.049521407981131034
111222,0.009275247783291111
111228,0.02299435638204727
111233,0.06324376186584105
111256,0.025965161627333984
111258,0.010757436015319814
111262,0.02669211692818723
111263,0.07768113370131144
111267,0.018672921734597142
111269,0.046964291226204616
111276,0.012962681683365585
111277,0.1975158600751892
111279,0.10857539717951004
111290,0.019572308791551585
111294,0.016393141798761005
111295,0.1024878714480146
111315,0.23163991142714563
111318,0.13053675332563913
111327,0.018434963309805243
111328,0.08650643738408642
111332,0.05881701120655599
111338,0.009574839082506972
111343,0.11471509930238152
111344,0.04556333940578953
111345,0.40202447539620767
111347,0.03980398399102596
111356,0.012879964507788975
111359,0.04168975517637873
111367,0.010780104747391713
111368,0.015887596031257032
111391,0.22097231873958106
111408,0.00899671800403247
111412,0.127466342702119
111419,0.13577479295194653
111422,0.03643273627073025
111423,0.3730740370962496
111439,0.03844747772553146
111452,0.38901902193948384
111456,0.05025590381334862
111467,0.022302669879908282
111478,0.1336884284514425
111482,0.05561138698143796
111488,0.31966523486754145
111503,0.11826813504096982
111510,0.01736485362348241
111512,0.010653323965033752
111518,0.04416460455726248
111532,0.08167616034808053
111537,0.010548105935612569
111541,0.17472555827683978
111544,0.21662267318989709
111550,0.011540074733491999
111554,0.05622818058744885
111560,0.14023533390803397
111566,0.019038152309006358
111567,0.1854823728433601
111592,0.0496927953658798
111618,0.05016190140811079
111620,0.03396102581439981
111627,0.01768668780339111
111641,0.13347480879667784
111646,0.3157763410649918
111652,0.03756744878715622
111657,0.023699925668392647
111664,0.08691210035179926
111665,0.09238228936779616
111669,0.02018394162105485
111673,0.026447689559939036
111687,0.014054786345736888
111688,0.02726035384611649
111689,0.042346196720785836
111694,0.10107851133137673
111695,0.03647037529922915
111698,0.04225779339412984
111703,0.009521027011758842
111709,0.01294643205292596
111712,0.01978530055941772
111715,0.04312922393004446
111724,0.08252259200092527
111730,0.018130940632646485
111747,0.02521388227067748
111760,0.02167303869542302
111761,0.0113162887191447
111763,0.07223877779946278
111776,0.025259046360483456
111777,0.011165901662917022
111781,0.009804177408203666
111793,0.03916980538489252
111804,0.23516526841083726
111810,0.17715832593752592
111816,0.017523631956371296
111818,0.042091633865515864
111830,0.018960979290720926
111832,0.03331911150570764
111841,0.015937999732091493
111842,0.043583208466970606
111843,0.04481593298331939
111846,0.1132744604789238
111848,0.24769875707861502
111856,0.02131098374432651
111857,0.011271119692338207
111877,0.01222587935618693
111882,0.05058944485932425
111883,0.06069237682444105
111891,0.014954088784481411
111893,0.034075394830378636
111901,0.028007558772907237
111912,0.06992194733245895
111913,0.03570512621457569
111955,0.05185209067462761
111958,0.016545111551639197
111960,0.13663175952636292
111967,0.014936663378710482
112000,0.08145176346111234
112003,0.11088644556075211
112015,0.284921880882461
112019,0.2957639995942721
112020,0.04753704773109425
112028,0.056049945205929395
112029,0.06602765560561982
112031,0.08944458348086731
112039,0.07860150031236787
112042,0.01053076549830728
112049,0.010500748155917155
112052,0.20402518454093754
112054,0.010491998254014655
112055,0.03174909147354032
112063,0.07983952693731741
112070,0.024016590729666415
112071,0.04688362996061411
112080,0.02068849790185101
112083,0.01401405859184921
112085,0.02807862850324528
112089,0.04633516325112154
112098,0.2613868874137574
112100,0.053186866369121386
112105,0.13439817046961341
112124,0.02788447701443202
112126,0.07484264979148825
112127,0.04589612635869157
112128,0.025604001569493662
112148,0.029778853786035918
112149,0.0523364860088568
112165,0.11968844887733465
112170,0.023273320384075574
112171,0.04361008186544062
112176,0.10643303976355575
112186,0.03454421609885138
112199,0.07398675295436549
112203,0.023020315751140757
112214,0.09600837537492604
112215,0.033361142058095115
112216,0.04022605465933122
112224,0.11904419751903669
112225,0.06482782322864764
112231,0.19335769256295346
112234,0.17158238124047873
112235,0.018091966030242403
112236,0.10041827060518005
112254,0.18335878677612372
112265,0.07720844219145295
112271,0.026033982666363097
112284,0.021639105484807374
112287,0.07717550980400564
112295,0.2063808650602585
112303,0.0906844970575021
112307,0.23565748824391783
112310,0.04389607655505735
112312,0.13351890136998737
112313,0.018726334826121852
112326,0.06091439779060518
112333,0.0419229616229717
112334,0.038966308765128195
112339,0.030614400282327182
112347,0.06285974599555996
112350,0.04297422997292215
112356,0.1415699415896399
112357,0.05448592201647108
112359,0.08898358494675075
112360,0.1287410366549471
112371,0.18445726157807205
112385,0.027106168923002806
112392,0.034221364803425275
112401,0.18081161583409788
112405,0.10497461600819365
112414,0.2311245796191974
112429,0.10482681699975356
112448,0.021351932614695812
112467,0.0708468724519894
112468,0.15170540685517503
112469,0.07286892890153979
112491,0.08225736218171596
112500,0.10042802882667753
112510,0.34754637911326375
112535,0.19862478388205165
112537,0.04870775940277137
112551,0.029952583837945607
112552,0.04660075017076126
112556,0.07279983804221422
112577,0.040713874666403624
112590,0.07226784004247727
112593,0.02970316868800509
112596,0.2518161949362704
112601,0.010632559453061198
112604,0.12073784816654945
112622,0.022003964799176205
112655,0.012947786731840563
112663,0.011139965432016603
112667,0.010653323965033752
112670,0.016436510571905157
112676,0.03117318771743926
112677,0.0557647161609517
112679,0.02510023398521129
112683,0.171118446931193
112688,0.030208425108329794
112692,0.08723662096533903
112696,0.21842973062956741
112702,0.047491957253114246
112709,0.010491998254014655
112720,0.07374760981872794
112735,0.025686672343837806
112738,0.08414753582430015
112742,0.010898816810553762
112748,0.009628838123846078
112749,0.025630506902227807
112766,0.02033896588433812
112767,0.029342065437858566
112769,0.08138634071968552
112771,0.08156987871655201
112775,0.04732402503238188
112794,0.10230758013843559
112795,0.02356134179140325
112796,0.024421187409500927
112815,0.014448772543164437
112817,0.07787091505649045
112821,0.04808470734471782
112822,0.09383637720117557
112829,0.19340143024158973
112831,0.16270407598341213
112835,0.08041760100511143
112838,0.04186292903645603
112842,0.04112676009387682
112844,0.2543157809083794
112845,0.009415808982337655
112846,0.01158391523333878
112847,0.010652961883151391
112867,0.0700511692576086
112868,0.028805906431878147
112874,0.0228556971276061
112879,0.011543971261863751
112882,0.059984116337214045
112886,0.0648887525719236
112895,0.1016591180778655
112896,0.08516299989944731
112902,0.09342920555542218
112904,0.027789530801120826
112917,0.3709111692187709
112932,0.12037326578093013
112944,0.014487994861400465
112946,0.20777122396715128
112947,0.047561466642145125
112948,0.022638870782027355
112966,0.1299435210688336
112967,0.00976710371204284
112971,0.07693082515592119
112973,0.05545947992118665
112974,0.016582918956873863
112978,0.07709007114991089
112988,0.018863025122581138
112992,0.2509440082366373
113003,0.023534952163668875
113004,0.08379819278217016
113007,0.3682289954941904
113020,0.09008907739408355
113025,0.2397076520817254
113032,0.027141026736857633
113042,0.16261049680181677
113047,0.022041135993677213
113066,0.024674052130488393
113067,0.1266931747287831
113071,0.07334697022583139
113087,0.10524413636176846
113108,0.01277940528465755
113109,0.0229316669648104
113123,0.044309719716992914
113128,0.38147023271660335
113134,0.09626858498104941
113151,0.047797656776027826
113175,0.258871482120105
113181,0.012255211833897089
113188,0.13550714546661677
113191,0.03368155826184639
113193,0.2233119563105171
113201,0.12192499592949982
113209,0.04862037342738183
113222,0.03824324800588109
113248,0.012693812456026179
113272,0.10680177127333138
113276,0.018649516898300827
113287,0.00877702911477253
113302,0.03604585374970639
113308,0.048565411964226056
113316,0.10884579751225383
113318,0.045997594969991944
113320,0.08457069869511827
113322,0.27171332185741165
113325,0.10822037934106854
113326,0.15839254590807958
113332,0.03773023911618912
113346,0.3096267455149932
113352,0.02166166332898877
113361,0.01816647252008026
113362,0.01000822020430196
113365,0.04728045604323389
113366,0.01739931105734785
113368,0.019865922116099145
113382,0.011851392288678809
113385,0.015992814060678213
113390,0.06255032115913692
113391,0.04888597426921205
113393,0.12284242628219577
113396,0.0630437257678303
113397,0.05747618073644526
113402,0.05573215343513739
113403,0.02661495268828607
113405,0.04372453635202162
113406,0.1062777865556592
113410,0.47431720412428113
113413,0.04373731265980313
113418,0.03768910581533203
113419,0.038116119861523454
113435,0.2917394490617816
113438,0.08635236646612914
113447,0.017318988764777974
113458,0.1095001174439266
113466,0.015757283062601397
113475,0.033932883456435844
113482,0.04416590635792305
113490,0.024067560722711025
113505,0.037524557715946184
113508,0.08427835395558289
113520,0.05464508619844516
113532,0.0839683606935455
113535,0.021993898118701522
113549,0.022397326411347236
113557,0.07216444005050147
113558,0.012078325603505816
113561,0.043596011725277065
113566,0.0113162887191447
113569,0.04115303399620561
113574,0.040600352027208006
113576,0.12666795457676613
113577,0.03764216017260403
113585,0.03239158342938071
113587,0.137052633875705
113599,0.10666473487470116
113601,0.060525821185131314
113602,0.03533418803890305
113605,0.09545365086446765
113609,0.16204184531351812
113611,0.08260545373583182
113616,0.041070863335632354
113627,0.5129301248898933
113631,0.20812583066780382
113643,0.0663794320070708
113652,0.1260977599722203
113657,0.051856966982680074
113659,0.017558324505463928
113672,0.10042741181228779
113680,0.014021426618244626
113692,0.101363450178152
113694,0.04177626515570545
113695,0.1280137660726433
113701,0.024278123909003274
113733,0.0164218192531848
113738,0.18557293247756396
113740,0.10706617371384741
113742,0.025257977175849523
113777,0.009343214290162653
113783,0.08360086949060538
113788,0.0686382608774562
113789,0.044720823914821926
113791,0.1699261514818713
113795,0.03145665122266774
113799,0.06233844192794409
113805,0.016459013149983468
113820,0.13511393561715948
113822,0.01808497091714447
113824,0.012728069251409166
113829,0.07048014565116792
113832,0.020073831701711054
113833,0.10900842351995961
113841,0.020810196933761453
113849,0.11097017703416638
113862,0.10421401961989793
113863,0.08571760707453067
113864,0.028107239671745166
113870,0.022274037989372615
113875,0.07701405876782516
113882,0.03315217058223692
113887,0.05837819460375345
113894,0.05451438005481192
113909,0.018765075805022936
113930,0.10469544251151039
113936,0.10265110112426704
113939,0.051492287624761844
113942,0.03898007100533069
113943,0.1687473820961099
113945,0.1333634221716883
113947,0.010254968927449428
113950,0.017837217369716406
113951,0.12008271381987637
113957,0.06351990639885043
113966,0.10552488806171331
113967,0.029177013930108825
113977,0.11106678592231996
113984,0.11577855206051357
113986,0.08702004868865296
113992,0.012353127825727148
113998,0.010110983653735618
113999,0.4929504693911727
114003,0.05847575301295847
114010,0.02039712594852593
114011,0.29201355535429807
114032,0.010110983653735618
114047,0.06598930572169029
114055,0.03306440395277275
114056,0.23780068409289595
114064,0.21594876626853873
114065,0.04375345315146245
114067,0.07331717052281492
114068,0.01262658238871384
114075,0.031295176707873955
114076,0.06627047854852619
114077,0.01354459782264753
114094,0.026373268367140806
114095,0.020987382054156643
114109,0.09105760626994427
114114,0.10466113991453858
114116,0.04838699908965063
114127,0.013551160160051099
114158,0.08395692050401307
114168,0.1675717896368695
114169,0.09284077055368176
114171,0.11978092817235213
114180,0.2933676910039156
114193,0.009574839082506972
114198,0.013309370420482344
114201,0.024130884143281336
114202,0.32083046437516816
114207,0.042527025805244575
114210,0.11176110820516527
114221,0.0952543412394973
114222,0.152114492986204
114227,0.08480660990617192
114250,0.013319138141802514
114253,0.08331214330959452
114265,0.050710017676496764
114267,0.0771486453921866
114273,0.25000044633713514
114280,0.1964571263308803
114281,0.06196653429723278
114283,0.5166204837609325
114291,0.24474265049559657
114310,0.22184203452625173
114316,0.008891499974611285
114326,0.018616040036661063
114327,0.027422493310645463
114339,0.06579367134454062
114352,0.06491035903085256
114359,0.19890697033247212
114360,0.05153615782803449
114382,0.1613352209772981
114396,0.11849236052253131
114397,0.03400970257854885
114415,0.06156684177861713
114425,0.030214559389974333
114434,0.023215485609461396
114456,0.20505747344399977
114463,0.01661737167460145
114469,0.010471233742042101
114476,0.01497936789184696
114480,0.010471233742042101
114482,0.1314256165995752
114492,0.017381191694679728
114493,0.06735468123487542
114501,0.04773827555740708
114506,0.12620877976294656
114510,0.02535205570999355
114515,0.23293403202342838
114524,0.1908040717948431
114545,0.2138501642859092
114546,0.010386780224593469
114560,0.029134857799492198
114562,0.0512940214220573
114563,0.02598619182620726
114566,0.07649796331204368
114599,0.01552696425995947
114601,0.010117376112571009
114607,0.11205238845469404
114612,0.01103498990030723
114622,0.1082210417859254
114625,0.38848899159624767
114634,0.05615136313722653
114635,0.04213605332002855
114641,0.009242497232500198
114644,0.06059339545162976
114645,0.0739086721369019
114651,0.013363901683657425
114653,0.010897997214366358
114654,0.05124836889550941
114667,0.018048576619455612
114668,0.19191393584425614
114670,0.03317679798589794
114686,0.05237462242074621
114688,0.21978895716316244
114690,0.13385774530594544
114691,0.04569891228218292
114700,0.035338083614386756
114706,0.01816906338438264
114740,0.09426114148314145
114741,0.11595836317414003
114755,0.01855646197311331
114757,0.014446192719887735
114767,0.03127523061342212
114772,0.31779543106748964
114780,0.15408455680925992
114782,0.056295105640835966
114791,0.015015034333953542
114815,0.11787582329541549
114823,0.031832829045746254
114835,0.04588483794561855
114838,0.01183732504208779
114840,0.018261253266104005
114842,0.11592531809240192
114844,0.13065220585209475
114850,0.12406252693941625
114853,0.00926160613858865
114856,0.23887375672046923
114857,0.02759328506337324
114858,0.08470978799476359
114864,0.03992558241268989
114871,0.01995989724559575
114875,0.041984556067874636
114879,0.020062664566865444
114893,0.03577625040300987
114912,0.0861173395544626
114922,0.04327719661129311
114930,0.010498390712850044
114945,0.022798874813381727
114951,0.010635983527728463
114958,0.05248556829421982
114962,0.06435180051368963
114976,0.08305025632690667
114978,0.07454109660806371
114987,0.0463181903263942
115002,0.022397030191848865
115005,0.03271505047233635
115023,0.29706466731114606
115030,0.02085622252356776
115033,0.18599992279083818
115034,0.06485206504956856
115038,0.010254968927449428
115046,0.08514708424508619
115049,0.09343123593919642
115055,0.026107139610238972
115059,0.03639761334682861
115076,0.11481701230257066
115078,0.027242401263162474
115081,0.10310962095063188
115085,0.0585728708023977
115096,0.045510531077929864
115101,0.02721272454616343
115114,0.05492986338780938
115119,0.044431653876642344
115121,0.05976145544173354
115122,0.07826377850670513
115144,0.055809030655939985
115147,0.10095875590045385
115151,0.021718496364847007
115172,0.014779580355992925
115175,0.03182844062101038
115183,0.01099670592098877
115185,0.08675632911142854
115197,0.03718685130205517
115200,0.04208961741536789
115207,0.05941935129286191
115217,0.013057405712803172
115230,0.09313054457812045
115237,0.013937655522898626
115246,0.01198351455090617
115251,0.02221659234950734
115269,0.06796282557814896
115290,0.06193793667932782
115299,0.029991751846339017
115309,0.154943925822954
115310,0.04448226024929657
115311,0.010694013808975595
115312,0.017404402701751275
115323,0.009160776923452357
115324,0.022438762456570123
115341,0.1368617769189962
115342,0.03976285098830194
115343,0.00929904251164912
115350,0.07232821830384147
115354,0.07523089634942247
115360,0.08713055765650082
115368,0.018568779636143316
115373,0.042312036559901185
115396,0.19177248538756925
115400,0.08435339393053927
115401,0.06081388206142441
115404,0.018939707458761217
115405,0.055453402597156365
115406,0.024677361501820327
115407,0.022294835254013993
115412,0.017511758236758705
115413,0.023078204478989107
115415,0.04102016428757399
115423,0.019619586221510162
115427,0.10148293573929881
115428,0.009140012411479801
115439,0.044130102529497
115440,0.16059904638003278
115447,0.05447434892376979
115450,0.025173348659333274
115457,0.044000869214984986
115459,0.11840826648996317
115463,0.01577598988138354
115473,0.2630912527221868
115477,0.011426631343970296
115479,0.01704282895118428
115480,0.07669721629844106
115481,0.04789333201849338
115485,0.11951962150497915
115489,0.02721272454616343
115495,0.02140215861168454
115500,0.03811996932232307
115521,0.051830743449636466
115572,0.0156551932974997
115580,0.027131644349215604
115582,0.02094175655720344
115586,0.013259844361335186
115587,0.21561318740669644
115588,0.033192373910207074
115591,0.13044768956380146
115592,0.021203079562749257
115618,0.013871174639286329
115619,0.0739117633304539
115621,0.2125545067706313
115632,0.09770386501194714
115646,0.0809137458403973
115658,0.08185988695670923
115671,0.027044548567401478
115680,0.030627235270123808
115686,0.05207486758406289
115688,0.015757283062601397
115705,0.11160262683317645
115707,0.012597221014517651
115708,0.10898104244063252
115726,0.24999867506029058
115759,0.03251657449470276
115773,0.013927282320884244
115777,0.01100827972704654
115778,0.1223826710099919
115781,0.015709188598728774
115801,0.2469455459736078
115804,0.05003792230666641
115810,0.09738978786940926
115812,0.18897464652926488
115820,0.3146709385851002
115827,0.045300297085906285
115831,0.09379661655725106
115841,0.11147675206877924
115846,0.15918332564100962
115852,0.013070552349201469
115857,0.03377315532735805
115858,0.026496468382064604
115860,0.016182814825659614
115865,0.02068838169727353
115867,0.12292940869127338
115869,0.11414790834032063
115877,0.1271414120953515
115904,0.061244393432383935
115913,0.07273546079000395
115916,0.026265316519783016
115928,0.06047131956375164
115932,0.022949268108367844
115933,0.019193228686503062
115937,0.3854586474278748
115938,0.01766001467413461
115957,0.02701346350216623
115958,0.04027701666349202
115969,0.009883508100849018
115980,0.06355212877594539
115984,0.00899671800403247
116006,0.09260317398765296
116007,0.09970481963775087
116008,0.08342351236619222
116009,0.20093501881410863
116011,0.013660932386546875
116012,0.077122944195517
116015,0.31319180765204757
116025,0.11515318263595817
116047,0.0202373523638141
116052,0.03661349235254119
116068,0.015307088056099292
116077,0.05457811387042986
116084,0.03484904432035847
116089,0.02010411175190962
116093,0.011165901662917022
116097,0.05141537690558891
116102,0.06256728849420215
116118,0.03419711596610838
116119,0.011332452691150272
116125,0.03992736544712765
116128,0.05106012287945881
116135,0.016171367524195034
116140,0.23944268124201643
116141,0.027691328436005042
116142,0.061117060217309095
116153,0.0522800129515959
116156,0.011899958278416497
116157,0.08192766112526605
116167,0.021958339235830383
116168,0.17238354021173366
116175,0.021241840893022387
116187,0.027890857050773384
116189,0.08572615526595372
116191,0.05308499469170412
116201,0.1430488676147635
116210,0.11000125062814865
116213,0.05857847640147442
116215,0.18535142925935771
116223,0.03255960670068453
116226,0.016753351257671294
116228,0.011227234661729087
116241,0.02173790681340876
116247,0.015984624840068642
116266,0.016379858060831847
116276,0.4083422936248648
116287,0.011126892451893876
116289,0.0434419913400205
116292,0.06115132614275916
116306,0.02495817592279957
116309,0.03658112314869307
116312,0.009785034262564236
116313,0.035683640971610905
116335,0.03652299066926789
116342,0.07977217044396037
116348,0.014487994861400465
116367,0.038325349025875206
116380,0.11658032892694474
116383,0.15126421184335298
116389,0.07274132506409485
116395,0.19995642070501124
116397,0.04311156281464461
116398,0.15279241674478422
116402,0.08047517273785906
116404,0.044960290561106855
116406,0.010908835097254009
116424,0.0538560170239208
116428,0.012555639365118753
116436,0.02280846748885404
116440,0.016047581971688017
116448,0.03303729680726823
116458,0.016761007929889583
116466,0.040732171157442175
116469,0.027069666792388695
116473,0.034080329774992986
116474,0.029436995029221518
116479,0.03442701721986561
116480,0.03844376736135859
116491,0.021516104304498674
116493,0.017890054813046882
116505,0.06895875796165998
116511,0.038306570388327826
116525,0.04384524206244765
116535,0.08103234787916196
116544,0.020168676762251446
116546,0.01196208484990791
116562,0.05164554062117412
116565,0.04800826422904553
116578,0.028452057548677346
116579,0.020104210537531225
116580,0.224806402257237
116582,0.00929904251164912
116584,0.012520036339763623
116586,0.02295805843111026
116596,0.015180398297988205
116597,0.12865809423946015
116598,0.021203079562749257
116604,0.23379747964114297
116608,0.027304058605671172
116609,0.08285642219365166
116613,0.016616454603778308
116614,0.06159526396163215
116615,0.13737931195882488
116633,0.05119973121696986
116637,0.06264908115351314
116643,0.02432119867359974
116647,0.10923705309284375
116656,0.07608519532147642
116659,0.024564898572475288
116662,0.0978358826833225
116676,0.04170719416695469
116680,0.051645130850167496
116681,0.05590486546156233
116683,0.1453861230519234
116684,0.02863240924863627
116712,0.034697956571353175
116720,0.029162873403017542
116726,0.1719036647266119
116729,0.01125713755958813
116737,0.1300596461120378
116745,0.048843736989526654
116747,0.04823910676389453
116766,0.014115439521581369
116781,0.04955878903427154
116783,0.03690888716610738
116787,0.041824682499621756
116788,0.23319397425114868
116789,0.010776544726775007
116801,0.012011947721198972
116803,0.027381358171708718
116804,0.1335581936169101
116806,0.048279021679481685
116815,0.06780654927975915
116817,0.04603924600576663
116825,0.02567423316712847
116828,0.011279011814645395
116829,0.02862183159551913
116853,0.1637081738621143
116854,0.0816612616479223
116859,0.03515022962308728
116860,0.13871057884737364
116865,0.06990336753584792
116872,0.1927674807361676
116880,0.3777593223510826
116882,0.06163969084614568
116893,0.06327342929403619
116896,0.0593053753522562
116906,0.017126245997621158
116908,0.07056636060314112
116925,0.011070160808273107
116926,0.2543341071122201
116948,0.06067825293184792
116949,0.06001008349195688
116955,0.11445786814094192
116964,0.03665041020387868
116974,0.04651650385367798
116976,0.13901077100020093
116990,0.01420370532013574
116993,0.04467133179905919
116994,0.12881797824855606
116997,0.13741041168903156
117003,0.014542142807491509
117007,0.09800658433583312
117011,0.06675639601322902
117012,0.060461111954516464
117019,0.01601430950303445
117021,0.008720921433174617
117030,0.07193746628366617
117036,0.023569808220309473
117043,0.1214893654902098
117054,0.022162946174401964
117070,0.1690396370364693
117077,0.1414813073116576
117087,0.035633387293803456
117093,0.09249432558977384
117105,0.05436926463498196
117112,0.042205416649379913
117129,0.38600899289126567
117135,0.1401719266266784
117138,0.18494462057578728
117142,0.047558883526397575
117148,0.19018016489125025
117157,0.11761195856450748
117170,0.01673196582096835
117171,0.01600654410028943
117172,0.1144273841123052
117178,0.1147363591925987
117186,0.04054480616319363
117187,0.08865696060721659
117193,0.18973386961504451
117194,0.11368855611920145
117199,0.010416294638468524
117207,0.04433795676758056
117211,0.04406601503972797
117216,0.19092187242186429
117217,0.027639816352355222
117218,0.024172834431266926
117219,0.043518638020926655
117224,0.025922175144582577
117225,0.01785232983186284
117239,0.09251173953231885
117242,0.045949463523365285
117249,0.11377363269142285
117255,0.022365188269384946
117257,0.18041911465821436
117272,0.00877702911477253
117284,0.2219632742454805
117287,0.05589997318083671
117293,0.014828055263273299
117298,0.24739224373012872
117299,0.023762777159459618
117307,0.022051366504493703
117321,0.025283374199197895
117323,0.04685160716210166
117326,0.06601809931826655
117327,0.15983804228956114
117341,0.012636887793344528
117350,0.03932757419599303
117362,0.12707666120184358
117375,0.04887436790031984
117391,0.19694578013599312
117392,0.06256164754871044
117396,0.22216801670911002
117399,0.038654198870482014
117400,0.08563956754070753
117402,0.07078709318477014
117406,0.21579932312304795
117417,0.5002183590960322
117418,0.07350601544469072
117425,0.08373328950364788
117428,0.04563022909636451
117443,0.05226617904760735
117448,0.025068046453178998
117449,0.011438753232442568
117450,0.22003448887106555
117463,0.05858219117983887
117467,0.0293899242257258
117478,0.04336616443200058
117480,0.12040927157344952
117483,0.1715289836975528
117484,0.08703432336402918
117495,0.05099549742091086
117498,0.009806326319922735
117501,0.04448391778462549
117503,0.13848883536733875
117520,0.3759132831253104
117524,0.07135757932685054
117525,0.2076704607240106
117526,0.1258912861175592
117527,0.09428697919450184
117531,0.015465911103096478
117545,0.07585137190546867
117547,0.2443698272189446
117557,0.06482331978629823
117563,0.04897566568160121
117564,0.0906720339359968
117598,0.2137494923696325
117599,0.04269721606109782
117610,0.011126145908348394
117614,0.051632345797018475
117616,0.1421274031052438
117623,0.05159004311965032
117625,0.32141550080145126
117633,0.01114765696386643
117634,0.17420130311240062
117639,0.1482634207323814
117652,0.016507560092595637
117653,0.19668971846620847
117660,0.028745191467079746
117661,0.009137279203079014
117662,0.10747140475746016
117676,0.02584240914589042
117677,0.15069760908694624
117681,0.0606907299346577
117684,0.09964005655186733
117707,0.0388591580800994
117736,0.28297495969341596
117737,0.0844095674565425
117741,0.11333973330507148
117746,0.14516805321094875
117753,0.13475514856180598
117755,0.05534455045006538
117775,0.07761349986822164
117784,0.12040200784481656
117786,0.08031599565563612
117791,0.03540450248369352
117801,0.1850981282166156
117805,0.013781319004063064
117816,0.024122522884867693
117824,0.04827022030122269
117835,0.061006068033931916
117837,0.0268071748892711
117847,0.039679990589101044
117853,0.09640796543325306
117854,0.056561234320516886
117886,0.040962071315643736
117900,0.029543467132102402
117920,0.37581725731439103
117924,0.04719113232835651
117925,0.20456171102519272
117934,0.033439069875729296
117957,0.05244816507634742
117959,0.24493514624147777
117967,0.20398953255513236
117969,0.2166822471411744
117981,0.03364407722146384
117982,0.03798785278730098
117996,0.1657369654794525
118000,0.06338809863664799
118018,0.1577989655528117
118025,0.06636480392213301
118026,0.38025594101061927
118044,0.05451586476669925
118045,0.1837356928021053
118048,0.029911801936863096
118055,0.057682206200468336
118058,0.022088412735911066
118060,0.13456536059770124
118066,0.010588795779554412
118071,0.07270749127307025
118072,0.19530905259528963
118082,0.026375498598014045
118089,0.20994105983176575
118106,0.07710511806867798
118115,0.03645285063695656
118127,0.48471793469889385
118144,0.10758603206721393
118150,0.028438772262576434
118151,0.015532901072197014
118157,0.21076807611524817
118162,0.01367768799339301
118163,0.01831258143854294
118166,0.027135387459019063
118181,0.031456979389917046
118191,0.047331741557152904
118202,0.20263930177172668
118205,0.09255726882871221
118214,0.029502364921538383
118251,0.14661343786794
118264,0.2128465222378238
118271,0.35204168371308964
118272,0.11123830902227952
118276,0.16256422504583593
118287,0.30084207040757804
118291,0.02362068641269826
118292,0.05174449141882419
118294,0.02123698944990323
118305,0.05099275233317078
118312,0.06409103365234294
118319,0.057483323121225616
118321,0.012097231970076252
118326,0.2568318601033949
118342,0.15491234383349672
118343,0.036344168644250004
118353,0.1053650501082632
118354,0.03412664501270719
118358,0.026198511739972168
118359,0.12516718484145584
118365,0.06134080686030704
118367,0.05039801352295673
118368,0.0187007232908319
118371,0.05733856916163073
118378,0.11754643475992299
118379,0.053592435673729476
118383,0.029767149351607826
118386,0.07855827214286089
118387,0.034596001615599684
118400,0.055693402715557686
118403,0.03393534828957686
118428,0.05403768276102318
118440,0.1375868835614316
118459,0.02182673131513041
118490,0.020534986386763703
118491,0.01867153677159083
118492,0.08792570440667094
118498,0.1039732506266902
118499,0.07465745675651686
118509,0.050755471247302196
118518,0.041305213151121914
118531,0.1269858647006087
118532,0.025484856605712935
118546,0.008975953492059914
118548,0.030184153348802402
118558,0.025493129245592078
118560,0.1084668510147897
118561,0.01511411751201112
118562,0.32232938149867585
118564,0.02621736130928526
118569,0.1079083046915275
118578,0.037168708902737886
118585,0.036445501474621125
118591,0.014980860624556318
118592,0.10432244538053859
118594,0.04143359183883026
118611,0.010674886717970527
118614,0.03526963929307558
118622,0.048822933932703635
118641,0.036811601717324255
118642,0.021982036883548675
118650,0.011077075072920417
118666,0.0361504505655856
118696,0.12347855322497969
118697,0.018768587506951474
118710,0.014272223507345754
118717,0.042821956570854226
118720,0.009491307141184988
118735,0.01548158272467202
118747,0.01815902680022043
118750,0.06409529806230244
118789,0.01880900436181183
118791,0.04655184221454385
118803,0.11527627052488383
118804,0.049850366015991264
118806,0.2164903482722979
118809,0.020455360758952785
118823,0.11511562664238753
118842,0.04854068253415735
118871,0.472446633589112
118874,0.11784660143281393
118876,0.01997704669864477
118886,0.18057207071168474
118888,0.06923233436716421
118889,0.011324004626614034
118894,0.09087726554047405
118898,0.010776544726775007
118905,0.24448506293936725
118911,0.017402042568479013
118915,0.04621587665483359
118916,0.20043083532204245
118925,0.023189324539495397
118926,0.06478230009657654
118929,0.09549595980571107
118935,0.0301964898310636
118947,0.041650610395087814
118951,0.02117663730414358
118953,0.028313130601048304
118960,0.11593719991789368
118973,0.021737301328869515
119001,0.044326057933336126
119003,0.17351281086329085
119009,0.1256977347037922
119011,0.02273141903078238
119012,0.16742648223641715
119014,0.032310200820834634
119025,0.011077075072920417
119047,0.09824900534351293
119049,0.0197387126927684
119057,0.07229330436744405
119062,0.017841489990698855
119064,0.011426631343970296
119069,0.0573286657428284
119079,0.011540074733491999
119088,0.010973700829912487
119091,0.4793011933615908
119095,0.19988958530819073
119104,0.09541613002483637
119108,0.3332059543111713
119109,0.071789293009888
119115,0.041873797663155764
119125,0.0147723440759674
119146,0.019257854777150633
119148,0.04147386056708542
119160,0.19511396775794615
119164,0.309853575486421
119169,0.06880977031883126
119179,0.10781664408955541
119187,0.032777005285603095
119191,0.021866833065436676
119205,0.009610840542474046
119207,0.04845797965133446
119208,0.012922619252226226
119217,0.09154152731087441
119230,0.04460881886691618
119232,0.07528991990315312
119236,0.11687514032568802
119238,0.044007138204857424
119240,0.10692976285524221
119250,0.12379054424768887
119251,0.10604336630619096
119252,0.05059609016640369
119266,0.015197320736194841
119267,0.028328024738716928
119270,0.08494751676791777
119272,0.09605476490700857
119276,0.20841622934248658
119281,0.011020927878927207
119295,0.05452639173283051
119313,0.11724978912876376
119318,0.028257639229494307
119321,0.0947827811319705
119340,0.04289099621242273
119341,0.01325681219830025
119344,0.124001736871454
119348,0.09354436002522633
119353,0.07061935021494424
119361,0.10896406447894177
119362,0.5351740928674107
119376,0.20395622636660976
119383,0.04703108299599499
119391,0.13127685913955683
119394,0.08056494582130583
119395,0.06949065623086621
119415,0.03790251013070162
119430,0.16186727459997485
119441,0.016287024561005708
119454,0.048897772247873464
119468,0.06547181753393323
119474,0.24909073086336772
119492,0.024663841970634266
119496,0.16401247065926716
119500,0.20747156911284223
119501,0.3810954457663738
119510,0.02372352940976829
119518,0.019282946031161718
119524,0.1921957700694016
119533,0.06541847250235304
119540,0.119829577932164
119553,0.021640752855371707
119573,0.024615927712606307
119593,0.043531841165136795
119594,0.011438753232442568
119595,0.21344089571974365
119596,0.05718695518842344
119607,0.40322481566950785
119609,0.045005361040941015
119616,0.07268893194237362
119618,0.08420920272671874
119619,0.2270737428026834
119628,0.037671700909488584
119630,0.010791589553230514
119632,0.03105027285951998
119648,0.4268841438880987
119671,0.037785757551253664
119675,0.061972441881897045
119683,0.056289406222481374
119689,0.024552253057871697
119697,0.038013514923183285
119698,0.3222661026531458
119702,0.19077861455880255
119709,0.05908920144569502
119715,0.00971329164129471
119718,0.016618537597861294
119719,0.27061009560278404
119731,0.060028121556499184
119736,0.07496833224099372
119745,0.0643602932639098
119749,0.016389289189514773
119751,0.04298624301632564
119757,0.1886122966522203
119761,0.02453899981074976
119762,0.11917288879787147
119771,0.06061102297769575
119778,0.029822766207654467
119784,0.02088977347208842
119788,0.026079768884295196
119802,0.008978686700460705
119803,0.22304859821541081
119806,0.037635952357941455
119810,0.03969444383316159
119811,0.12221972170417013
119813,0.29082877205423785
119820,0.11095606553429657
119821,0.43934074269641865
119842,0.030106802781459458
119843,0.022594580015329897
119844,0.028400971408650916
119861,0.010896871218080247
119866,0.020042694003442576
119868,0.04281827461591616
119875,0.18926752654197548
119896,0.19523827751004327
119898,0.01455863245269135
119921,0.05071576237451621
119922,0.07813058385497021
119929,0.026559356681978934
119934,0.027219183614172016
119938,0.05562457003950344
119947,0.01103498990030723
119948,0.4845224251557889
119967,0.061458499974670476
119977,0.03656084246988287
119980,0.03423962698379436
119984,0.08216039818297544
119989,0.1303284065679952
119990,0.05235854200548814
119994,0.08401426986167199
119999,0.16523678127616748
120004,0.06057566224260767
120020,0.11078364373311127
120030,0.010949692516927527
120036,0.04908116013327103
120050,0.2004399287198309
120051,0.3932635386762204
120053,0.08848205522028894
120075,0.03478353851417978
120076,0.012179593610912209
120088,0.011241089073140972
120099,0.039920836317624345
120101,0.05680410983614711
120102,0.015300011199910868
120108,0.00943657349431021
120145,0.13460924313881656
120146,0.2042182196515364
120154,0.04947877058516819
120156,0.04941544635943455
120165,0.09296937824691714
120166,0.028570587012159955
120176,0.027079242613598925
120179,0.21037811767726367
120182,0.015241536061613489
120198,0.020726065333072273
120205,0.17497873253717117
120208,0.06564994298948802
120214,0.009595603594479528
120220,0.11288657547406145
120227,0.05727732707024778
120233,0.07379376579252929
120240,0.06853980878782315
120243,0.013268524740994686
120266,0.07835857959937557
120268,0.12248742322005939
120280,0.09354354095527793
120281,0.04009048757933899
120284,0.024617752501960778
120298,0.011560725849187062
120304,0.09872114862474844
120306,0.05164554062117412
120320,0.18005853661433052
120325,0.024273370933971944
120326,0.11731491223055779
120335,0.26855889896666285
120341,0.018699747294214773
120343,0.04385473254581837
120388,0.01147568090119638
120390,0.02451246873905309
120404,0.009521027011758842
120405,0.05451676223392983
120408,0.16269056831319106
120415,0.11929902915231223
120421,0.3603464981645498
120422,0.03743001084905316
120433,0.03999220043790619
120437,0.2149068229623262
120440,0.043948568031242835
120441,0.07166041813598142
120449,0.13603400351047842
120457,0.12281669630264418
120459,0.021117167169044236
120460,0.012399833560178503
120463,0.11831922686824985
120464,0.02301672925075839
120470,0.10857589545640027
120488,0.30522747842107967
120535,0.030545591329089107
120538,0.05949106992608327
120539,0.15091352439142794
120541,0.13550258384554972
120562,0.048637322461317814
120570,0.07477260929598671
120580,0.038153508994032914
120581,0.04405500045100013
120591,0.21573292533835436
120593,0.11327775013013597
120598,0.028591967923788153
120603,0.011584707798212603
120607,0.22252274920093917
120642,0.030786471761172683
120647,0.02712354757588299
120649,0.008988910097626101
120664,0.023531777835529604
120665,0.013926781852891996
120671,0.16636850387737256
120678,0.01314145284504532
120679,0.059257395110759906
120680,0.08110590969068461
120681,0.07919518683023707
120691,0.12904390313000305
120696,0.022559423005642308
120697,0.13111388631854765
120713,0.10582806690681668
120721,0.14727152779120523
120725,0.07550876987374786
120734,0.2629420956339822
120740,0.250418219760556
120748,0.13019497353690518
120755,0.04208870317755188
120759,0.025953132809708714
120761,0.02407392406774983
120764,0.05602374032444798
120770,0.06775162227225957
120777,0.020359283595200502
120796,0.011404671833359196
120803,0.044378999161767706
120809,0.05620226141828919
120811,0.03160632673022689
120826,0.07601684844401321
120829,0.08690781168738476
120832,0.04588157426739478
120840,0.1413629080344241
120857,0.08028551490037453
120885,0.03362152752797986
120891,0.021958339235830383
120894,0.022925829128714166
120905,0.20058296739283685
120913,0.045947300613840655
120914,0.010913042040821865
120918,0.06711081151305956
120921,0.028204014185206776
120923,0.09976258409940938
120927,0.13119089503549514
120928,0.12918657482708268
120934,0.20554574983203588
120936,0.12024159255212044
120942,0.054480429598863636
120946,0.05123516073832831
120947,0.022182932092367037
120953,0.026132885736498516
120955,0.013180266663472528
120956,0.19321209213512752
120977,0.022814215788629206
120980,0.12756351043137054
120981,0.021654196891721832
120982,0.009998433103548409
120991,0.2838831073558766
121011,0.059254247595168986
121013,0.015485016498403243
121018,0.0643355852459905
121020,0.017517890244651214
121037,0.012950924630238805
121038,0.01395380014882587
121039,0.03297263751667589
121045,0.11335351249262227
121046,0.011117686103626297
121059,0.1707401212018707
121066,0.31541818620965395
121078,0.20350328461143277
121080,0.2666691505773509
121081,0.07707773346634554
121086,0.10465201504159363
121099,0.06690340228417171
121100,0.053850338280068785
121107,0.11805705210273179
121108,0.07234360333370984
121111,0.027010911567073026
121130,0.07100845526811474
121131,0.2196073230138269
121135,0.2471232362343398
121152,0.01769097899800533
121156,0.010498390712850044
121160,0.039974284172622214
121162,0.19243191088503442
121175,0.09375633253578827
121181,0.03366023266141876
121186,0.03644745227448427
121197,0.009850052501478487
121201,0.24730510997836555
121208,0.026368892328244586
121215,0.12205165482751004
121220,0.34145793078231634
121225,0.222320502639678
121227,0.04225616951214882
121228,0.15425181980870165
121243,0.07647921202766508
121258,0.054451444682274065
121259,0.031393333137131586
121265,0.010272309364754716
121279,0.06321626890131148
121280,0.056091413548625915
121281,0.10663770806843935
121283,0.012371665872447623
121288,0.0477102573876413
121296,0.015013755515609187
121300,0.04184342315627419
121308,0.2047824550380847
121321,0.10564857083385551
121323,0.01843828702869774
121332,0.01353331388865971
121334,0.048155470300809244
121348,0.01656192796778587
121350,0.024802624692625796
121351,0.08972502825057983
121363,0.013540951105021076
121379,0.13581061512935907
121380,0.06721286974849497
121383,0.042240406057294136
121387,0.21693891957620615
121414,0.06455879797034635
121416,0.03342577440603842
121422,0.0695179289056115
121423,0.014455374286965755
121427,0.04391912530642741
121431,0.011108231779495218
121438,0.027418586350753848
121460,0.1229685031791996
121479,0.011897879576370542
121482,0.06675543509238176
121483,0.2392111263807486
121488,0.16093933894062742
121489,0.075623123752348
121492,0.08299694330736992
121502,0.021516104304498674
121503,0.021416909920435385
121513,0.03605320241697847
121544,0.02396709873047333
121545,0.012179421111025771
121546,0.01881061411910987
121552,0.17542491556484624
121553,0.05450845520032459
121556,0.18713854837670457
121557,0.05246678157528738
121583,0.06016779552948651
121588,0.01449390536698007
121596,0.053323941142917754
121597,0.02662489327719763
121612,0.010110983653735618
121618,0.03586332910652199
121619,0.03365058358437172
121621,0.07115450900092556
121622,0.04804530120571877
121626,0.0946644009746669
121628,0.03888758430195595
121630,0.3096780617218862
121631,0.01856612284039413
121632,0.058833424854124426
121641,0.04730246191070493
121695,0.058399763589841294
121733,0.17419037610560578
121754,0.093449087213373
121762,0.07503514293345581
121765,0.011271119692338207
121766,0.022273822453581702
121771,0.044011033624025565
121772,0.49149228579733145
121778,0.23909517626134189
121791,0.06763978673205137
121792,0.019716276186894664
121822,0.12001495271797283
121825,0.17375010861195594
121832,0.013991649774902266
121841,0.12111486506093336
121846,0.02067356211836636
121850,0.04186292903645603
121851,0.03808219403991535
121853,0.320961118063614
121857,0.043051147748303216
121862,0.04474348615189095
121863,0.009491307141184988
121875,0.015293332234878724
121881,0.06375247846944655
121896,0.16528567495904803
121901,0.030849075121410458
121908,0.09450404453659753
121909,0.1391021668974026
121916,0.0879755830967191
121919,0.032700506458680105
121921,0.053529571769231475
121933,0.08725377148904849
121947,0.048836489296250805
121948,0.30066444873446896
121963,0.20867165414090555
121968,0.014353289733131918
121970,0.04923701014807472
121978,0.057867720914802655
121991,0.08941729938495038
121996,0.08241746311239663
121997,0.5138885032601684
122000,0.15140221376348567
122015,0.10159081640099772
122017,0.09428546933158177
122027,0.11575168839307029
122044,0.01286522324701925
122047,0.03814561778861066
122055,0.13339151949851358
122065,0.058776245289427084
122069,0.03405317039899684
122074,0.11363261759656432
122086,0.06320913079179573
122089,0.08777347631926335
122099,0.011583638040690628
122102,0.0451173111566197
122118,0.13383491689188848
122124,0.021771971009794683
122125,0.010805651574610537
122129,0.01500210688323295
122133,0.10171398014439466
122135,0.13451440562686162
122136,0.04208961741536789
122142,0.07373989831163881
122154,0.020585183588139426
122158,0.11736040660901517
122160,0.0313248742077405
122165,0.024279939849917376
122166,0.12479840707667056
122170,0.03692975244085558
122175,0.010517123853604817
122192,0.11482747612370911
122207,0.014094197412795214
122210,0.18658069155113471
122215,0.01277072468896455
122222,0.012508969419234189
122234,0.32936671946549134
122235,0.014428553284768594
122236,0.017599907950940238
122248,0.2249220297895
122256,0.014683521043428589
122257,0.009160776923452357
122258,0.04614827041601534
122259,0.027518216215327972
122260,0.11976752188036899
122264,0.021507258281200536
122266,0.23985777117716184
122268,0.04129734344977069
122271,0.09500408044672187
122283,0.03653182347935264
122286,0.022708037092278578
122288,0.013725732164393618
122301,0.05626107388495545
122313,0.01443304364583243
122322,0.0806255349079631
122323,0.025227391055005478
122324,0.022282391511538113
122336,0.07212554914613437
122338,0.2657424990209273
122349,0.015855059161298722
122351,0.06449935501471689
122354,0.043528055829190906
122358,0.07394997052402213
122376,0.16719133315257642
122378,0.06869361551046278
122387,0.06902179958276729
122392,0.13321426773705355
122405,0.21424592848604518
122409,0.09863350305546867
122411,0.2024575508619019
122415,0.06082517164341765
122416,0.1128393923918017
122425,0.25063173981626863
122452,0.16158350842578198
122453,0.14276805007394017
122456,0.07636275465483829
122458,0.349676069121717
122465,0.03988252055293214
122468,0.011279011814645395
122477,0.016406878142821258
122483,0.01831436566191272
122517,0.21617229103318344
122521,0.36644744994179
122537,0.015725429918130987
122538,0.08223988377780332
122552,0.10176813740094619
122557,0.050902992917488434
122561,0.012232108915412735
122568,0.06992444224511998
122573,0.17601588536047824
122583,0.11973097238204429
122590,0.10918043493280061
122609,0.05322919713962322
122617,0.009574839082506972
122621,0.060949209133305995
122635,0.1430517860185297
122638,0.09706387430737598
122639,0.12283195102823204
122644,0.011126145908348394
122675,0.023616738607023968
122699,0.23111906846266797
122703,0.03036879689307063
122706,0.04693065621904975
122712,0.10305633770299223
122730,0.03425747063946957
122731,0.0090811715214811
122736,0.14251263783922807
122741,0.031091295723605646
122745,0.017496919449389168
122751,0.24682795712822228
122768,0.018843714757457566
122785,0.14708243224448805
122797,0.05799406296851657
122812,0.16109453944227645
122816,0.015095772280653137
122817,0.03406139646548477
122826,0.16031489805806176
122838,0.045712438802484164
122845,0.017661547285783247
122848,0.05883156554090448
122850,0.010691394936255864
122856,0.02700762688049128
122862,0.16505104547477784
122869,0.13181111626610423
122871,0.0937855759195565
122874,0.24930457154941715
122875,0.020911138388267185
122885,0.05015987946318144
122901,0.04634566653917424
122902,0.03029630236427569
122903,0.13444614828403045
122904,0.019613031366019475
122910,0.044539685278052916
122921,0.046076295282725936
122925,0.02520024737233622
122964,0.04424356606691057
122975,0.036749299127455025
122977,0.02798101669062671
122984,0.2900432190652575
122999,0.01718864419761857
123004,0.28981680295442047
123009,0.04810742911330601
123012,0.09547836995341275
123018,0.02261810399314091
123025,0.21354483078663566
123037,0.06206433695562591
123038,0.06483472174097579
123039,0.027982458072505396
123045,0.03611963901227445
123046,0.014669005083559556
123051,0.06967736481186895
123052,0.08051156971099957
123056,0.11909253166334954
123061,0.04933479978560343
123072,0.13853880427410573
123074,0.019574864021506298
123086,0.061248733179844014
123087,0.023155412368090218
123091,0.1701486654914738
123094,0.02103283499195431
123105,0.12974589281741603
123110,0.055531695279483075
123113,0.028394638675584193
123114,0.15919013286411504
123124,0.02907644152446901
123131,0.029779556937573136
123136,0.5763300251364325
123146,0.01696392076049178
123147,0.06092576384971101
123155,0.061516073964195284
123163,0.025795475086642927
123182,0.022282391511538113
123196,0.03126608926162452
123200,0.02636966602655213
123204,0.037165227552890305
123207,0.015487782438462393
123210,0.011698155878053649
123215,0.10562325763937166
123227,0.010386780224593469
123234,0.04098781188845398
123239,0.3033775200127481
123249,0.11487045263924504
123252,0.11520614497493084
123255,0.010548105935612569
123257,0.04142834412698032
123260,0.05605233577015571
123263,0.1404905234614049
123274,0.04949318256479399
123275,0.04132446149471677
123276,0.010924989555639777
123292,0.03764328127244048
123308,0.02231158274546478
123316,0.021006967767260958
123328,0.018770514290387095
123330,0.10318249901046268
123331,0.155641866468867
123334,0.1895087933546654
123343,0.00899671800403247
123344,0.07910280032546668
123345,0.0286748901634581
123352,0.13048620080821535
123356,0.014482047780045606
123365,0.1764606774298531
123368,0.028844816351301168
123376,0.012018192531505822
123381,0.03204263156367195
123384,0.03666306210064714
123389,0.024349045735322473
123401,0.284128871661217
123419,0.018198401775037034
123433,0.07395650014421987
123438,0.1407374517995644
123441,0.10671155045658764
123456,0.07415518297932984
123457,0.1317999070776835
123476,0.019988379303540638
123477,0.043506148214319404
123489,0.10472099631056628
123490,0.041902245629814865
123496,0.1443235809109081
123502,0.05696132533816182
123503,0.22346789514978949
123513,0.05048421198843086
123515,0.057036240952892905
123530,0.036209750349111725
123532,0.022422450891706202
123537,0.014193417762262132
123539,0.12308473632025337
123540,0.042746229519741545
123546,0.03456195791319222
123547,0.10655526083161541
123554,0.07554552190398801
123572,0.017483102152913342
123574,0.1784274421384648
123575,0.21092144917288963
123576,0.04378155646052946
123584,0.04472510711862517
123586,0.04712530806335072
123591,0.0465327862265631
123606,0.022133383988921434
123607,0.1387635079474184
123615,0.013735511528042801
123616,0.26660106234223735
123619,0.11898624632387027
123621,0.06609029781117085
123622,0.013489182687031878
123633,0.034596001615599684
123635,0.1207898526690971
123658,0.09696698682031493
123659,0.02585439899741144
123663,0.06019920506680883
123666,0.05209652891280684
123670,0.04116103031051604
123678,0.02591606861458327
123688,0.0717018874623346
123707,0.027083582064409428
123709,0.13045460494313338
123720,0.1491626351971589
123741,0.03515662507423858
123751,0.08706478610532944
123759,0.10942795822459032
123765,0.25331541413949565
123766,0.07565705105209558
123793,0.24066428787914834
123794,0.015745197171060456
123809,0.11671851589554957
123837,0.024939211180111255
123839,0.02412168759705682
123843,0.056595216070050615
123851,0.06060777452539669
123854,0.10060717570242486
123860,0.013210587657914876
123863,0.18472268606164027
123879,0.10749505774861631
123888,0.16192665483914753
123891,0.03771931623777194
123912,0.01690007291145182
123942,0.027735766324210848
123952,0.1421297490050986
123953,0.03524493999538268
123958,0.18593656965790045
123966,0.009170029753869926
123977,0.021438896415397556
123981,0.021741890724154157
124000,0.00922601022192311
124023,0.026543478218677037
124026,0.012170558646009648
124027,0.033917339620668056
124033,0.13425683898985613
124053,0.06169390111031462
124057,0.058341679506287866
124065,0.2558833211489654
124074,0.00953548115502152
124079,0.10776673790270389
124095,0.03598454101018703
124110,0.07730083144579733
124138,0.012252271640380235
124167,0.20070371280633564
124168,0.11088351290076796
124175,0.011279011814645395
124176,0.1059086724307902
124181,0.07154232489266948
124195,0.07871316541630854
124197,0.011733167423831778
124206,0.009170029753869926
124225,0.07275613074739748
124230,0.03666241669069291
124231,0.12346836458733165
124253,0.10587682451621168
124257,0.06525947630446596
124263,0.04290343983525942
124277,0.04181055089613307
124285,0.04132826689902648
124289,0.010615219015755909
124299,0.23793469418189944
124303,0.04761280913659581
124309,0.19436567463032403
124316,0.04107207370248418
124319,0.21286076308494808
124335,0.21021130809227842
124347,0.2880703186107728
124359,0.12114589996297562
124362,0.008720921433174617
124363,0.14062737695788302
124389,0.020505656140026342
124390,0.015682689171020735
124393,0.11062626641539894
124401,0.42123567831536546
124406,0.02284646061267477
124407,0.03281635770645029
124416,0.10353384831095906
124423,0.0424018111660107
124429,0.024212179570289864
124431,0.09339187879126606
124439,0.009359701300739742
124441,0.023060673378194584
124451,0.1034503454981333
124454,0.011493341609903186
124463,0.33584789020154443
124492,0.04240797931910256
124493,0.1126725310876782
124503,0.04532687350378754
124506,0.04578111554818319
124514,0.13817634737819162
124516,0.013015939324855855
124519,0.011146362218046369
124520,0.13767525410661058
124539,0.059349930262687124
124545,0.18013739314342309
124546,0.03647316024781647
124552,0.07464961461724341
124553,0.25953147557855316
124555,0.012712164179310228
124575,0.009855459636841585
124586,0.04281702214609183
124587,0.028193600626280575
124591,0.2522672136059382
124595,0.10949940265086573
124597,0.11863430424035999
124625,0.07918379232385789
124628,0.07317941297704995
124647,0.1912790610923212
124648,0.023544764631088365
124654,0.1855421569686196
124655,0.0638909297464709
124656,0.030958577812722977
124658,0.020012130570408147
124674,0.1544492058760848
124675,0.024728379406890804
124686,0.08906071684294972
124696,0.2109989756627578
124698,0.03080927930544668
124702,0.05235854200548814
124704,0.13000214604081273
124705,0.023405268592779013
124719,0.020565294442004063
124732,0.012412425287233807
124734,0.07342838068831611
124737,0.011454247971694819
124742,0.083171361022487
124793,0.03881912925259624
124816,0.30335849447416796
124820,0.011551863384170939
124823,0.19590489757637758
124826,0.011941220320312956
124829,0.03836508144890012
124844,0.09402670168791061
124850,0.014113474957477154
124866,0.022937161733610028
124868,0.018981019705192725
124874,0.16306407055302716
124875,0.04470956054241281
124876,0.014899474501093158
124887,0.03935531760117955
124893,0.22593351599411343
124901,0.010973700829912487
124905,0.21719173500228917
124906,0.07472909203230002
124931,0.07832894181680317
124938,0.1078261472099569
124940,0.16464662120645715
124947,0.04785179474525066
124948,0.044477172351720065
124949,0.034458376686035644
124971,0.12048174842816597
124974,0.03876967338051916
124976,0.018636368684953275
125004,0.21982844106701957
125025,0.07262869370572027
125029,0.051346011367439125
125031,0.041198324235164153
125037,0.05200747628468366
125046,0.015167827124822513
125052,0.013523915325757196
125053,0.015230672073813779
125090,0.13096147172645592
125093,0.06833223823365187
125100,0.017792319267377368
125101,0.024652810039057244
125104,0.17324161082832554
125111,0.0819215291371725
125133,0.04970985649392002
125144,0.06691402227848726
125145,0.07900685712168995
125149,0.06034150341597083
125157,0.04507590658345982
125158,0.41861117279225857
125164,0.04648999066345702
125167,0.021917386144347448
125170,0.06799843262625609
125177,0.024007141727249957
125185,0.14050688218985255
125190,0.07937260265004753
125196,0.07609381833984116
125200,0.12071952114765638
125203,0.16225028735177688
125215,0.047010924142481286
125221,0.04672440717087659
125224,0.015608933416245552
125227,0.16574585376615075
125252,0.032541934265667094
125256,0.02666679150787916
125264,0.009443927319897185
125266,0.05478481380390453
125267,0.022041135993677213
125268,0.45507792032015326
125270,0.01985760405795297
125271,0.040392728823447584
125276,0.0113162887191447
125290,0.023726106374480162
125300,0.06983207928723918
125311,0.043981924397097374
125327,0.043787262036181655
125338,0.041649530983189485
125359,0.05272705196763463
125360,0.02838936301323778
125366,0.02072872454126618
125373,0.07404015816572022
125376,0.38609086309120905
125384,0.01431047952286028
125387,0.1425712325804252
125388,0.03031758998156302
125393,0.01804769789924633
125394,0.20962152511111273
125396,0.009307274592629342
125397,0.011856866820486723
125408,0.12125053971315033
125409,0.08519158223073772
125414,0.2509507332302764
125423,0.04249530134418502
125425,0.20269192262843666
125436,0.07587213523782219
125450,0.075510901206853
125465,0.035755543532356715
125471,0.31805626596887493
125488,0.03807889005298966
125496,0.058333532943854016
125500,0.2362086218978726
125505,0.015484459950488267
125507,0.0427833098015493
125519,0.013930484256000946
125521,0.12069603300102258
125524,0.03714987761036926
125531,0.1888449488458144
125542,0.03342672828099126
125552,0.017599907950940238
125560,0.04284700231389335
125573,0.018721196298825675
125574,0.05511329006067851
125576,0.13255108088156933
125592,0.028076755937955906
125604,0.11705702866050341
125622,0.058642109125349375
125628,0.0392375229990485
125649,0.04063560741833791
125668,0.10813711628672602
125695,0.046532208698137074
125698,0.04058033951443833
125701,0.2464941709904696
125705,0.05855633769726063
125709,0.08311279009622306
125713,0.00943657349431021
125720,0.14876871380877565
125727,0.46510084563960874
125747,0.07660146939332461
125752,0.07797717746077731
125758,0.05822359078943884
125772,0.08326169769325932
125779,0.6033622453335508
125798,0.04844831957627656
125804,0.0592227578162872
125814,0.028229632778956786
125817,0.013211628802044462
125835,0.02412352465469373
125838,0.05068174536442275
125842,0.0829694069731172
125852,0.20699007362080374
125878,0.013547012627239976
125886,0.02775253468788729
125896,0.18261895558601388
125924,0.13555747711176858
125930,0.12679077270649478
125939,0.02970316868800509
125957,0.08674164420011672
125961,0.04022025924559987
125972,0.027146862069085953
125973,0.12649205532495433
125975,0.022942428416406778
125983,0.011395239988613717
125984,0.44665812277733624
125990,0.08957600865133272
126016,0.13736432630166767
126022,0.026050510792899734
126028,0.11148239448994308
126047,0.12381678319031386
126048,0.0540037564292644
126067,0.028015019915337242
126068,0.016693843069232196
126069,0.060814068496714335
126088,0.14609165324068923
126121,0.01517815577943044
126123,0.021631153384050788
126125,0.010023820189657553
126136,0.13623151041701723
126159,0.017484407999706655
126162,0.04435245107347509
126165,0.1125511914746566
126172,0.051067228654089934
126175,0.15777287776261698
126178,0.012819973771497063
126184,0.015897449885078928
126198,0.1394851946176404
126202,0.12680217961121815
126203,0.011324004626614034
126205,0.011156318598290086
126214,0.041528994470174115
126231,0.2786594760061717
126238,0.10067376974443984
126242,0.04102027560261971
126252,0.016703106617462868
126263,0.07296681361526555
126265,0.10812055910324736
126267,0.04252739606312698
126274,0.04388867368698931
126299,0.04089404281008298
126307,0.056232658009454685
126310,0.0788884495118169
126329,0.045125292105979514
126331,0.09118967171416029
126340,0.02140750268541067
126341,0.13416081118899376
126348,0.06252616626112827
126349,0.015525072990284144
126351,0.022725181139164358
126354,0.04373176935166545
126366,0.01499510447574525
126370,0.010896509136197887
126398,0.037273370945136594
126407,0.04897804452009259
126409,0.08055844360182858
126431,0.012223475256933214
126438,0.17980416397429716
126448,0.03695935321238965
126462,0.020165321584509656
126464,0.030916188716286746
126468,0.03451628488850448
126472,0.1052558738968766
126473,0.02498888986602949
126479,0.075562633510478
126484,0.13893937382113203
126486,0.01903326787953056
126488,0.04261067395891526
126490,0.027757391224984596
126494,0.04575026120241093
126506,0.0770600248947245
126510,0.034458376686035644
126513,0.049757124845171585
126526,0.22227019318069843
126533,0.024982650084266856
126538,0.05733537082066733
126549,0.2055853821036498
126553,0.05791032502435767
126554,0.01917933143641183
126555,0.03574268116582084
126579,0.04194234305038746
126584,0.033474886666025674
126594,0.01989532525554043
126595,0.031289093736276655
126596,0.15227963553055118
126602,0.07613465874790756
126611,0.012565384311584863
126614,0.021820478797592607
126636,0.011708937237626919
126638,0.04707732192785581
126651,0.09854700032085462
126658,0.0217148948737516
126674,0.01973065351559797
126685,0.010491998254014655
126688,0.13183612528077807
126689,0.04641766097359546
126707,0.4134299897473589
126715,0.12620551061729587
126716,0.010386780224593469
126721,0.3431443030155255
126722,0.06329555931293801
126732,0.0570672652255253
126738,0.06537416713258143
126743,0.065745672584828
126744,0.023699925668392647
126752,0.025510754647445084
126759,0.06129863459739436
126763,0.28140207800852607
126775,0.05241723785229491
126778,0.1513423570648098
126784,0.05587369079274677
126791,0.03944250873305025
126792,0.029654171300347913
126804,0.24438655687849803
126816,0.11752066883012746
126817,0.029800633064702774
126822,0.009170029753869926
126832,0.033515517799572465
126842,0.021586867693665773
126849,0.009595603594479528
126850,0.021507258281200536
126861,0.012910437455138785
126871,0.014919526208253694
126872,0.2082861401326046
126880,0.035904740907918634
126888,0.04313972459231803
126896,0.010503252600344293
126913,0.06522226850682561
126918,0.06622819479536539
126954,0.0103775273941759
126961,0.05946713067178884
126963,0.009804177408203666
126965,0.25453084887361704
126968,0.32361492085908167
126971,0.009521027011758842
126981,0.08232300917598846
126984,0.0954780322343521
126985,0.08812241927156259
126995,0.2005954277134995
126999,0.08736177698677672
127007,0.04036450513064084
127015,0.06620706528835656
127038,0.04404897633507375
127054,0.026674579340146432
127057,0.02051515893334544
127062,0.0780805003143186
127083,0.06458662792733258
127098,0.04344459355263332
127102,0.01229837472698867
127110,0.021610266101959465
127111,0.05349521715575177
127116,0.02194489130412795
127126,0.019828579693049343
127135,0.024029900732390815
127137,0.029487503660244878
127142,0.03733340353165226
127151,0.04646673578755372
127155,0.03222530229693956
127156,0.024259127340701597
127160,0.08098830284810943
127169,0.15356326235374107
127174,0.07070459063951175
127175,0.07833315284510403
127177,0.05986376530275683
127192,0.013937508240263342
127193,0.059945576042498304
127196,0.012111323890724309
127197,0.0808545270959283
127204,0.04864844831868569
127207,0.058702964421364724
127215,0.017811355361884815
127226,0.14034573139897882
127230,0.06321013161357411
127244,0.01536868353543958
127247,0.02261197369364623
127249,0.03263181694223928
127259,0.12596896053018125
127299,0.12129573234385857
127304,0.010117376112571009
127308,0.21012956776168584
127309,0.05743288276080949
127313,0.057520869152629606
127316,0.056389632063690465
127317,0.04854658939567612
127318,0.02464766344785326
127333,0.020534986386763703
127334,0.02057810913135002
127336,0.01743653724637973
127346,0.10064421646665697
127370,0.013624672665763633
127375,0.21455790770108235
127390,0.03940940160974737
127392,0.15792209779510646
127398,0.041462748459634144
127400,0.028866006223485792
127402,0.11361942734357407
127407,0.07481382475611008
127412,0.010561324091061518
127413,0.04542510372886174
127415,0.01597309086931118
127418,0.2938950714430656
127425,0.1951212098459895
127432,0.01501460248746469
127436,0.02776208856898052
127448,0.06358227052848481
127449,0.11316243911781698
127463,0.10850956326887111
127464,0.1511509349903355
127468,0.021685710723467717
127481,0.013967134732106609
127492,0.11844911691159898
127495,0.01821203597040932
127496,0.05531055337732567
127501,0.07522196403885888
127508,0.046636509408641495
127531,0.037514426935552694
127554,0.013530407901255637
127562,0.02075226156952843
127565,0.010761005532016605
127567,0.02134199811737132
127582,0.029900059574490212
127593,0.06589175568009212
127595,0.022271514976513217
127614,0.03038565919495475
127627,0.06016289789961941
127630,0.044449084312106195
127638,0.0896624934125295
127639,0.044175961603286594
127641,0.0604766269026756
127643,0.07806583581085313
127665,0.05820434065739388
127674,0.012359657663950483
127676,0.08396585884916788
127693,0.1159306781711166
127701,0.009574839082506972
127702,0.06183305621747255
127709,0.04735801221278222
127720,0.06324417387258356
127733,0.05203313927555277
127739,0.14042039460160857
127753,0.022949268108367844
127756,0.025314815894703697
127757,0.13769332102872858
127777,0.1065390107848196
127810,0.21783728891833856
127811,0.062042095193061086
127821,0.12938253711861145
127835,0.037917469979672894
127839,0.031088618998375672
127870,0.1963351739062255
127878,0.2052307129398593
127887,0.13811310513026154
127918,0.10268841195712633
127919,0.0776494318457949
127920,0.04288319728197524
127932,0.028725807399281746
127933,0.30693440978859604
127953,0.03568001740616987
127955,0.04664236601931129
127957,0.012109373989570462
127961,0.05306693210837419
127967,0.23659272528752945
127970,0.10712916258767682
127975,0.06751636539997254
127985,0.014862190967348619
127991,0.014312439198886251
127997,0.025699136704501867
127999,0.034413405826312096
128004,0.024731828337619416
128005,0.049630903485346364
128015,0.0970708829755754
128018,0.03266653396681983
128044,0.0866764249783309
128046,0.014625350350849586
128047,0.10294228801709204
128048,0.14853055652884634
128054,0.057187369769792176
128066,0.06243049235763223
128070,0.012074203081604585
128071,0.059888113329415696
128094,0.10695728716593075
128095,0.03933970788863502
128099,0.11235571125951997
128116,0.00886148263222116
128130,0.054754375004064715
128132,0.06817941716273994
128133,0.30955689560812916
128140,0.015176913174671156
128154,0.0501710239968314
128156,0.20235025623882502
128160,0.011271119692338207
128165,0.1293437371985055
128166,0.023168774499490324
128169,0.011730145534007351
128171,0.044780796156754454
128177,0.046298340050541974
128178,0.014815328949705876
128182,0.008894233183012074
128191,0.095143934741045
128199,0.1385723752588917
128213,0.08429476409032056
128214,0.02285311468767253
128216,0.02359590162948485
128217,0.18478342643631906
128226,0.07983779692015537
128229,0.03725505664172931
128232,0.06215578122607675
128246,0.01790228661289666
128273,0.08541227368415652
128274,0.06141589542343958
128283,0.02412347859245672
128284,0.04081188764784862
128294,0.1748239266147429
128295,0.1093398666881202
128297,0.07585395072486477
128300,0.016401720079309744
128314,0.032493028406338595
128317,0.03014694308851031
128339,0.03317059370735796
128340,0.009719723890755035
128342,0.08227362517030638
128343,0.0396751921609595
128364,0.1030543327898579
128368,0.16706938836360832
128377,0.017483973860082005
128380,0.011165901662917022
128383,0.016577809184834
128407,0.019629133291900365
128409,0.01354165350316838
128423,0.0935619195612043
128428,0.028328024738716928
128433,0.0418305986650909
128438,0.2137160738475444
128439,0.08026888484478305
128446,0.023558323209622607
128447,0.04487412700174614
128450,0.13066276066062654
128455,0.12148312539657902
128457,0.04460749331074287
128464,0.05676830874693465
128465,0.05265516587986082
128471,0.041377749221784645
128474,0.044399413973460575
128483,0.0988245362950233
128514,0.10263562678152041
128516,0.030505547707815255
128519,0.09678232883346004
128528,0.023017297444581676
128529,0.1149254518616799
128536,0.06372830681942539
128541,0.021109619364263987
128542,0.040341625971078696
128545,0.009567123175037637
128557,0.016605717811275737
128560,0.06484481166482475
128568,0.06557767918728491
128571,0.015624562581393706
128578,0.012467974188570046
128582,0.18075398361331496
128588,0.223260726704743
128597,0.1285747915391026
128610,0.17342938082663717
128619,0.22504825722953864
128630,0.06204754579213397
128680,0.04159185225376673
128684,0.03385381318191476
128687,0.02085622252356776
128699,0.13793252180244833
128702,0.0498999704226799
128704,0.0445154744604425
128710,0.21796223186196637
128720,0.10097404706541117
128724,0.02519665288506054
128727,0.12921633695266177
128744,0.06819176551618669
128745,0.016258498322081875
128760,0.04166404618885418
128766,0.3245739856398493
128770,0.04573910439623723
128782,0.1873510108242678
128822,0.010910869604031724
128830,0.13189796987790692
128836,0.11946348468523552
128845,0.043991651574226756
128858,0.04747535457089419
128859,0.02484818498026984
128860,0.08705920417351999
128874,0.059502424059466485
128880,0.07331459124648347
128882,0.165591771518549
128883,0.1751443993270672
128884,0.012138355126108832
128892,0.12665787459179434
128905,0.1139433633946231
128910,0.07441916124214507
128912,0.04600416827051439
128915,0.020370063509249994
128917,0.1098525861279944
128937,0.02087270981497999
128942,0.11043515377583946
128945,0.016350427264240398
128957,0.052953871215972684
128962,0.04976546562848073
128970,0.013157636195240113
128985,0.04380780575104156
128986,0.02199392778470296
128992,0.009052825685630383
128994,0.05836723836876423
129003,0.08957604126611017
129005,0.08135487723141376
129010,0.01044018982781702
129024,0.06097340295615693
129038,0.015913803498032515
129042,0.02697043987079381
129049,0.0156698518806096
129062,0.22048241547032044
129067,0.14751522615540014
129070,0.0536574377565293
129073,0.009055558894031172
129074,0.09406019310213412
129088,0.042456144675396164
129090,0.07103751747085987
129101,0.32949135297902327
129102,0.03925116105062183
129106,0.1165982353866613
129108,0.12459989425121598
129120,0.07245136355769889
129122,0.024795883748615317
129123,0.25321724697666553
129135,0.07043142138766116
129141,0.10271481786851289
129152,0.1531495754414634
129160,0.04231858439099874
129168,0.09260556377482229
129174,0.07660288726476883
129178,0.027685865702177497
129183,0.1136361033851158
129187,0.019020059976397996
129197,0.04361130775140789
129200,0.044890518553724175
129205,0.0758810509930821
129222,0.07650436282833759
129230,0.018549387704878028
129235,0.0144957107688698
129251,0.01603658950261012
129274,0.0249266869279759
129282,0.036331045008823185
129284,0.09491626919486776
129298,0.04921933740227644
129299,0.029528839802922573
129311,0.023516915868510523
129312,0.021438896415397556
129313,0.025024095308899125
129314,0.030089477335132942
129321,0.11897635392122197
129329,0.03337066836368447
129330,0.13485483609457027
129332,0.02010417779902919
129338,0.04213902800922348
129345,0.016280461121745894
129349,0.09571274038667259
129353,0.019453966572638932
129357,0.010272309364754716
129358,0.1291249419619688
129365,0.047502221586095295
129376,0.04706571109999198
129380,0.015761099972891775
129382,0.048618058518381115
129402,0.0480227211092794
129403,0.011009443073088406
129412,0.02118100112845085
129441,0.2439269543225182
129442,0.044230710999373805
129448,0.055213503385860604
129466,0.016736476376530224
129475,0.06086478444938592
129483,0.04765952065738043
129484,0.024415720925851092
129499,0.012109373989570462
129501,0.03095892804087702
129508,0.034667721853694634
129510,0.1296842770129069
129526,0.08360791645596242
129527,0.2786497180045927
129533,0.021286496124464687
129535,0.4951006033178019
129536,0.2190865816095453
129545,0.07917008540296724
129553,0.17481907547448947
129557,0.13441538700213365
129560,0.03431695407380003
129576,0.09311075368689439
129580,0.04975117627371022
129585,0.11629073243128105
129587,0.028837321415508634
129597,0.06586101499550287
129611,0.021897595473646305
129619,0.0429553887131162
129622,0.12609905191048348
129631,0.06861250090546736
129632,0.018359009106160926
129640,0.02076633205326866
129647,0.03736587814068656
129658,0.024315146372549175
129676,0.018478860349911974
129683,0.019978306656747578
129685,0.020816379229574206
129701,0.20035337422115043
129706,0.19565448676037078
129707,0.013504564974354089
129720,0.019487658953320913
129727,0.3095391821881013
129728,0.043962774480539084
129768,0.045060295880224754
129775,0.028652011080722285
129790,0.009254483271318555
129804,0.03456702370080818
129805,0.05358721388943969
129813,0.008700156921202063
129816,0.05976027321170642
129823,0.08434724978695454
129826,0.3851254438514224
129831,0.010908835097254009
129833,0.012870487425193176
129851,0.0426439952502347
129857,0.20702760751376198
129860,0.027044666628147678
129914,0.10031538489925977
129926,0.04134370129567114
129933,0.10498265124552808
129939,0.13343590518382215
129949,0.03948521463062853
129959,0.11191101936261054
129962,0.2585430996669992
129963,0.13587781189714235
129964,0.018663945449969098
129977,0.012787067255394215
129985,0.021867753068468818
129987,0.011746489185650622
129992,0.031122328973204733
130002,0.13511151745431788
130016,0.04105462659076095
130045,0.04365479540745697
130048,0.059674993950027955
130051,0.04237400568580025
130053,0.1246618130579759
130056,0.013781319004063064
130061,0.06076522151459183
130062,0.1308746881585618
130065,0.15864586774576636
130066,0.07712584147770159
130070,0.11427425302833508
130079,0.07327293526415016
130080,0.11313708496444878
130098,0.04669725392446798
130109,0.05935855885679207
130110,0.04583122218498883
130116,0.009804177408203666
130125,0.38023106958485453
130134,0.13797831466942329
130137,0.04479428184779725
130138,0.022625809734486513
130146,0.07635846925953685
130148,0.02104957225087873
130154,0.01746496347580577
130156,0.02368549610140632
130158,0.12801267141883937
130159,0.03339082634788436
130177,0.010910869604031724
130186,0.30225339679190977
130204,0.20022507604981254
130205,0.1175403713401868
130206,0.04340194251870472
130211,0.03809185186756534
130217,0.03687836877842522
130218,0.02769918002210131
130235,0.04050597250300623
130236,0.30594173297663874
130239,0.011823554951987166
130256,0.06047383126371396
130260,0.013569623599614541
130261,0.09051841441339345
130262,0.02286401620369502
130263,0.10754443766825687
130264,0.011161407044501876
130266,0.20509777637919324
130277,0.12490231305138136
130278,0.04754618781713947
130281,0.3197930748916336
130297,0.04441231510371707
130302,0.12419325758288624
130320,0.05183824124464096
130325,0.23369887195115435
130329,0.011266625073923061
130338,0.23778135280277968
130339,0.029091728080474992
130340,0.12346995121569433
130344,0.03975051763507672
130347,0.04166621649065441
130353,0.06734595515697522
130358,0.030181630885005268
130366,0.07863572701026493
130371,0.029104326563349454
130374,0.06776869545178896
130389,0.0452307185289676
130390,0.06802179630352667
130404,0.03038716210984448
130426,0.041982916843456126
130440,0.032090252258202556
130449,0.3893278147342911
130451,0.011438753232442568
130452,0.08286468759579414
130453,0.1307587343689161
130463,0.028453110437092817
130466,0.018594787819488277
130467,0.01704686596412101
130475,0.060718022583367434
130489,0.12024090650591968
130490,0.015531577546899595
130495,0.11795482342612695
130497,0.09463567760367007
130499,0.009467512412826982
130504,0.04206919905650757
130513,0.024550569354604236
130528,0.026024032042564073
130533,0.13824996692191022
130543,0.05342116708137066
130567,0.12308430334032539
130571,0.05696050841495946
130572,0.0763898642523317
130589,0.061945774216998054
130592,0.139333262226578
130603,0.07694869449014825
130623,0.026510642796020827
130641,0.07082940489433998
130687,0.020389460423119933
130690,0.05728275209380866
130698,0.055884032517404224
130707,0.09015504335377057
130709,0.18608613824431805
130718,0.10648808288369285
130722,0.05642250877894235
130732,0.02894570595470582
130735,0.08271943224401
130757,0.05228315488688397
130760,0.013589077097569763
130771,0.03146335268663591
130772,0.018727690163955747
130774,0.05440530242595849
130779,0.060904128743746136
130795,0.052277993007787335
130828,0.0886515160953911
130833,0.01882190487595326
130843,0.011459517744415122
130855,0.16619703337275366
130871,0.022039485230065402
130878,0.08047517273785906
130885,0.12702052973890526
130889,0.12515856012911208
130894,0.046743727038428336
130896,0.07773321615670878
130905,0.03251573233503133
130906,0.0428817582318223
130930,0.02729185599941818
130931,0.15506314348311032
130943,0.19048694755340959
130946,0.009804177408203666
130947,0.17657035804776922
130950,0.024596054155349857
130954,0.020625613156923298
130966,0.026640523023718877
130983,0.14675252844310416
131003,0.014886815910754064
131005,0.021577710865066196
131009,0.046200716959878735
131013,0.05728467263582905
131027,0.03373777657947484
131030,0.23433256841686165
131031,0.01141600450058627
131033,0.010737777482482381
131039,0.09236895003745454
131045,0.11972790647299345
131057,0.08773150966374653
131072,0.018008217642986806
131084,0.1980423862132394
131088,0.01866402455750934
131089,0.025106564562614526
131091,0.03690722720162195
131093,0.05053043022168448
131114,0.212268043780571
131118,0.009574839082506972
131123,0.0654940796552865
131130,0.07733702361434538
131144,0.021665776416159833
131162,0.11118912809327544
131163,0.01534175743139544
131166,0.09038559626178273
131179,0.10851609504255896
131181,0.041961532897158024
131183,0.3347056473572729
131219,0.025192068330897755
131227,0.03736063654442074
131231,0.04501177741289915
131235,0.08853862994496273
131242,0.10578185134665907
131251,0.029665893992549784
131257,0.0656638755904884
131263,0.0568827085879622
131268,0.13859787732693735
131271,0.017113074987729526
131275,0.036504146698768086
131286,0.10088639450149431
131290,0.1250693302511276
131300,0.016947022415696646
131306,0.0496136296168662
131316,0.08960014758731628
131321,0.24405644702125354
131322,0.03598565615954556
131326,0.0090811715214811
131333,0.13607760840583205
131335,0.18148679665936512
131352,0.010913042040821865
131354,0.022355507864940227
131366,0.04213605332002855
131373,0.06789043552589025
131388,0.07136136128237217
131394,0.023446948196100964
131404,0.11927212167875108
131405,0.11723137545229637
131411,0.016929524214100922
131416,0.07983860189229026
131421,0.04186686465146357
131424,0.06686608163820276
131426,0.1431418306672776
131443,0.22400538656678853
131470,0.19534678094852256
131471,0.04727976582812847
131476,0.01485220986126185
131477,0.034386138770793766
131479,0.4549581416191737
131493,0.16388067329080824
131495,0.12339965349991282
131496,0.07303380193447857
131498,0.22768905804463374
131504,0.0674862287420407
131525,0.2047427322812298
131528,0.02661333277185482
131548,0.02457537770974498
131549,0.026179189972842097
131550,0.061148787456648035
131557,0.2675005535813618
131564,0.017818193177500996
131565,0.06139653411714465
131576,0.10046660109245886
131602,0.20253376300038223
131628,0.08543048650261989
131629,0.042394578287383564
131641,0.07122945618005697
131647,0.02254204013295868
131664,0.018113825765215148
131677,0.04672633231061592
131681,0.09943733952540035
131682,0.04798050329704512
131688,0.1544636920425613
131690,0.035766222116031934
131691,0.01740735659861094
131709,0.04746256470500933
131713,0.01653671019782696
131719,0.18246358903838295
131733,0.08408547074448383
131734,0.05308886099861786
131743,0.24649681170259505
131747,0.05520071034997013
131748,0.1332856787683058
131758,0.011170990023409398
131759,0.2707944925592628
131764,0.04254850763327696
131771,0.027438266567160058
131788,0.02230527098353242
131791,0.20616505496092094
131798,0.0823875019397427
131810,0.12856293023703932
131812,0.04131197185054922
131815,0.052883272431240615
131823,0.05859680819565148
131824,0.011049396296300553
131828,0.062444026320415826
131844,0.04879875529751803
131846,0.04779183675150959
131848,0.03369779859515187
131863,0.014739618446843138
131864,0.016040757361445807
131889,0.03978812579892379
131890,0.10930285225418443
131892,0.18363290221826706
131895,0.04036226587814873
131896,0.11903964969950886
131897,0.020774333485788516
131905,0.0504535935891298
131906,0.06834264836325453
131907,0.18887294377756242
131914,0.02291186020672471
131921,0.010805651574610537
131922,0.088866235939241
131925,0.02127488695357855
131936,0.056462208032589854
131941,0.10438605834171996
131950,0.02724117399217706
131952,0.06377343741898382
131959,0.389067501092307
131983,0.016669818057887913
131987,0.1173226599589555
131994,0.04046069572809999
132004,0.13329283719827398
132009,0.05962228669796432
132012,0.056414820141272304
132013,0.02392545526727542
132014,0.3059982594000398
132028,0.42898817623793895
132054,0.039237140318636995
132061,0.03253735760883799
132062,0.12144831296589491
132078,0.15007340690833243
132082,0.013425086340096612
132086,0.0691642485751887
132089,0.052646741373497744
132095,0.04466351267372224
132109,0.09047463322382575
132110,0.08323699155018541
132121,0.013157110955500057
132125,0.021359307560552994
132127,0.13567118853080798
132128,0.012266447843026438
132134,0.04987481034923834
132139,0.02376177234610298
132141,0.016516434144432064
132149,0.32470935809575274
132150,0.03740375023875415
132152,0.026182403743400993
132153,0.09774933684675668
132164,0.018243298322681283
132179,0.4667557224704021
132182,0.07251513125425216
132189,0.049356880054975474
132193,0.021532191188580428
132194,0.01166836875078741
132195,0.06833039523697813
132208,0.4028903906184554
132211,0.14651726613764646
132212,0.0546960150346382
132216,0.01583277440664118
132219,0.017857250219166648
132223,0.056397030152346414
132238,0.07123876136497671
132242,0.01742858764919672
132268,0.04187537014571664
132275,0.022580966803276002
132276,0.07082229537498058
132279,0.017791696713339918
132289,0.4164076164825019
132290,0.011227234661729087
132300,0.19789938574817292
132319,0.09330306301252315
132340,0.009872321741464027
132344,0.10878355590824151
132345,0.010216201683156801
132346,0.11748966143413826
132352,0.10702472642063772
132353,0.036222482654402435
132358,0.4194485163787801
132381,0.061060534178713044
132382,0.015659425095683306
132383,0.1237225958616206
132410,0.024956328663548216
132419,0.019418284867403064
132423,0.07067033191111702
132432,0.18911119239068772
132434,0.01533814091162727
132440,0.24786122285792347
132441,0.038221571619292384
132452,0.022246676837801738
132453,0.016652369778524138
132456,0.07851706475285682
132459,0.027350389243204525
132462,0.013524886247110587
132463,0.027650291773530716
132468,0.20363491277321472
132485,0.29748788105262347
132490,0.015341031224689433
132500,0.05460771238860409
132521,0.1923334683485561
132555,0.0514288520270517
132560,0.015410559871153296
132562,0.02239724496759196
132575,0.03881680407591637
132587,0.028339750270417928
132591,0.04286107932752115
132611,0.045176966066153935
132615,0.021527333432698487
132617,0.2012152729950595
132622,0.2489681869092469
132629,0.014725049094566492
132638,0.04157825557191173
132642,0.027853599225574677
132658,0.0490509992137325
132664,0.10095398027907335
132668,0.03164819132758563
132676,0.2210479443941343
132704,0.09017942714637432
132707,0.10114741575955803
132719,0.06934643772434305
132723,0.21141617648169428
132724,0.16124342121847157
132732,0.07213469837458351
132754,0.02898494695726108
132756,0.06866154886192444
132766,0.06295010291292669
132767,0.04203409674668758
132775,0.0789772028204793
132776,0.1699321098146432
132785,0.11952660662634465
132787,0.07398346060987765
132793,0.044443467912366114
132807,0.02398406719877666
132811,0.009676040118745066
132818,0.022670953456859117
132834,0.021455998768633692
132846,0.027044548567401478
132861,0.04828408685533828
132870,0.10720366833605008
132882,0.010996150762088687
132884,0.011368816752412216
132885,0.2120434432756106
132888,0.09624926685444216
132898,0.07333389866635628
132912,0.011617829836491051
132916,0.1215883972241785
132917,0.05389778335285268
132932,0.13796052066277353
132940,0.04321097335515198
132943,0.014593545942572141
132962,0.063533556264442
132965,0.16241877000929136
132969,0.010615219015755909
132974,0.11681419887033928
132977,0.038827406942086515
132978,0.02970316868800509
132982,0.016467374889468055
132983,0.010491998254014655
132996,0.014144285529628747
133006,0.010339360612680728
133007,0.015372082561512724
133025,0.03331554114859134
133027,0.03131297025911543
133033,0.03391411169046996
133038,0.07116140769123118
133040,0.016181351563983554
133041,0.02356632580733302
133044,0.06669120077324765
133053,0.018998668359754882
133063,0.08453124919710611
133065,0.012032712233171528
133083,0.045417137041398284
133084,0.03031347516253325
133091,0.08738638392959225
133092,0.014830267123987675
133107,0.07409038822658881
133111,0.05520071034997013
133122,0.023037139798243143
133132,0.015378932656507055
133140,0.11592367056817639
133147,0.08394392765358832
133150,0.010254968927449428
133168,0.042305468384427385
133170,0.009655445890610664
133184,0.020532900439813186
133228,0.014600928798290983
133229,0.03032933138604369
133230,0.015624562581393706
133232,0.060080455365726315
133242,0.08276266709887145
133246,0.13961350402928407
133247,0.06065555646587972
133253,0.08271943224401
133268,0.2341235440981133
133271,0.09826706467673005
133272,0.022282391511538113
133296,0.29851115005024165
133299,0.0460699726933136
133302,0.05889914158696811
133315,0.059274371564465446
133330,0.03381708887762765
133331,0.04423029511267205
133332,0.014555178821262098
133333,0.05373332847324058
133334,0.5095128962925592
133361,0.3295821414287817
133363,0.058820763026421155
133404,0.010827871769785422
133412,0.4905771593582859
133418,0.044230710999373805
133422,0.2264305122440057
133426,0.11587463825726456
133450,0.051276960873343345
133465,0.10640096747158886
133468,0.09576091627411017
133469,0.02133796369270636
133474,0.023122932448880657
133479,0.04231863329279405
133490,0.17104259618965104
133492,0.011560725849187062
133495,0.012601004198144316
133496,0.021828523152730178
133501,0.1934332437874339
133502,0.09136701156383917
133511,0.06365876719635903
133515,0.03649399932507354
133528,0.09769224341217561
133539,0.03494159769392258
133551,0.031072903033791448
133564,0.029628778007419733
133569,0.03977105646478305
133570,0.013481466779562546
133578,0.059864344218492405
133586,0.01739931105734785
133587,0.2325581645720975
133597,0.11482371053707126
133608,0.01166809155813926
133624,0.06339688239425781
133626,0.13162944973948237
133645,0.05209440277596174
133655,0.011575189948307156
133658,0.032173622241579755
133659,0.021829688582732636
133660,0.04628565902106337
133664,0.011135026540931585
133684,0.18492537399510361
133685,0.0155865531114092
133688,0.13554163409607445
133706,0.055978502715136394
133713,0.052986252779875356
133723,0.015268696422355104
133730,0.04019614909273882
133733,0.014778424512715318
133760,0.03648416331878512
133762,0.1365020656037429
133777,0.011135026540931585
133793,0.009275247783291111
133816,0.058913272102865455
133818,0.06934994964493327
133824,0.035781611512197345
133841,0.14230319299295882
133850,0.014263671689066323
133877,0.1592117829142857
133880,0.11845598193495406
133887,0.04738501147375537
133889,0.38313236682819607
133896,0.14344787741685008
133916,0.19218777560873337
133920,0.025481182665475742
133936,0.042474655184929495
133939,0.03598203709378322
133940,0.01471733318709716
133942,0.07424596997233676
133956,0.11493782948854495
133957,0.05425527452566651
133965,0.11873714402971765
133972,0.06803715510142119
133973,0.01912717632818966
134008,0.0368212781778205
134016,0.2916191048861931
134039,0.0509181025000471
134040,0.016637243177417292
134045,0.05501280027507197
134050,0.21845265264044783
134056,0.21440418944189185
134082,0.1483303996767525
134085,0.17047038276908508
134089,0.022954965202633185
134102,0.12007715053233954
134118,0.010791589553230514
134131,0.010791589553230514
134135,0.07678679192760238
134137,0.021117167169044236
134150,0.1227063339463637
134159,0.04119431089626182
134183,0.012513648451823322
134186,0.08126614381936784
134211,0.04029755372103836
134216,0.014043418192891465
134217,0.022906200467904314
134218,0.024129196936874393
134230,0.10424949502954908
134233,0.19913195192058344
134234,0.02386573521758543
134236,0.20783286636807227
134241,0.027688400407010393
134242,0.03138790888483004
134273,0.012812968582760811
134277,0.018198401775037034
134287,0.06356549200321802
134293,0.027901042942311577
134302,0.013259844361335186
134306,0.2195865993226438
134307,0.04112443740417145
134325,0.042681083961382
134330,0.1033041923872764
134334,0.12116316854848883
134338,0.1289632996984349
134339,0.022403854667459817
134348,0.018179264349218207
134355,0.010014489737010902
134369,0.398420761878161
134387,0.028357589588426012
134399,0.1138360760870831
134400,0.01585218473096657
134405,0.02139767687980292
134407,0.011279011814645395
134433,0.0201676673480386
134448,0.010888070585281455
134460,0.033721227825179764
134463,0.06734481704652572
134467,0.03824186458955238
134485,0.017081710223564202
134486,0.26279328404917185
134490,0.30461794000462605
134494,0.22418773212481224
134501,0.3090920927743448
134508,0.023196957118737406
134512,0.1193671258035969
134514,0.014133151708849078
134519,0.030948493922268016
134528,0.04044915831864081
134536,0.06346995121019569
134540,0.032691852691131125
134546,0.014097567849595835
134549,0.1391842930783708
134558,0.10970344855149572
134560,0.1882112027544833
134588,0.12970179404060359
134590,0.047099031572408113
134591,0.08447113934257298
134594,0.029777521430401153
134622,0.02261197369364623
134626,0.017565768907598315
134639,0.02260133140552546
134649,0.10941700940049597
134654,0.05902994276874306
134658,0.055687106338425815
134683,0.04593112433046509
134688,0.311982021672236
134689,0.3305383505358752
134697,0.059522289118814166
134698,0.2204769766222515
134718,0.044193769086519404
134742,0.017411542999088415
134751,0.10232043828478946
134760,0.02674713662025362
134763,0.01099670592098877
134764,0.09537541640635844
134765,0.04708967653348474
134773,0.029854294798359143
134790,0.028022889571987553
134794,0.04508792766155241
134802,0.013244987577022208
134805,0.01350561025911983
134807,0.05642935939645081
134812,0.07065182637022778
134813,0.01741267981828627
134823,0.05568640447387378
134824,0.09297834427878318
134838,0.10562325763937166
134841,0.014141290166262897
134857,0.04399736854355853
134862,0.3602990429435276
134865,0.03262738325467411
134880,0.1333009480066191
134883,0.08515429858148123
134884,0.14974566512258178
134916,0.010682917818170363
134918,0.033812180360506
134919,0.11590098966745535
134921,0.009170951329996574
134928,0.2145326952632134
134943,0.07279983804221422
134950,0.03746445115898269
134968,0.01708996614186728
134971,0.1370961549816964
134972,0.016428920816332383
135011,0.07748459190210699
135013,0.27559586134282427
135016,0.011708937237626919
135031,0.13678450404750717
135036,0.037777794992235283
135041,0.02203628094550413
135052,0.02472992293007707
135053,0.09372931908997725
135054,0.13176692802559942
135060,0.06138133463982561
135072,0.06992444224511998
135078,0.03747129890911634
135079,0.04480324765238768
135090,0.061246689029260094
135113,0.05117304583534177
135123,0.016038378911674415
135128,0.09857989620700017
135136,0.11693341724001231
135152,0.019034262729401737
135163,0.04675048227629121
135166,0.01846902664299957
135186,0.11725440565338648
135188,0.061199434676922924
135194,0.014658783762406535
135214,0.036251864362267856
135220,0.02056288287785369
135235,0.02186599229988842
135236,0.010964942778851922
135241,0.06385522321843452
135243,0.10946157056959901
135253,0.019785389768440693
135258,0.12186979982020782
135264,0.03463016465043208
135271,0.0292597239362013
135274,0.06992444224511998
135275,0.050209764810985914
135288,0.10581151813827039
135290,0.04421626084406805
135299,0.09064109621746562
135304,0.07561936087437494
135309,0.021636350399665685
135345,0.3401452420822184
135359,0.048432909946755455
135360,0.1342175721902036
135361,0.055629891180633995
135363,0.07583417875088813
135365,0.082137552017746
135369,0.1265714304996431
135380,0.008966700661642346
135387,0.10300526154645011
135389,0.1146823211928687
135390,0.19766321338927795
135393,0.025277362234722926
135401,0.07780807143803059
135409,0.30629091026352123
135410,0.04048601168034518
135412,0.028211745369946216
135430,0.07928941122437821
135434,0.011757341572415743
135435,0.07635846925953685
135445,0.21046106005120477
135449,0.28928896176424546
135460,0.12822608370607977
135461,0.043510355790281216
135491,0.032949775824711605
135500,0.05830307878894431
135504,0.037906952807575556
135506,0.11848480200058047
135521,0.062333248199257285
135523,0.29757933562193273
135527,0.0507939185082256
135528,0.09813045047750066
135530,0.39063336274379634
135540,0.056038181040847714
135541,0.5084975310457198
135562,0.13357287823571412
135578,0.04206194825979802
135584,0.09559470155210747
135589,0.2967087454603636
135590,0.017779941341501994
135591,0.10750045277298159
135596,0.018458228669209056
135607,0.015390742357893538
135622,0.010361084604797418
135626,0.1232217497165147
135635,0.04738995396289443
135636,0.12091216862446186
135650,0.021509019492711588
135656,0.016362131061433624
135657,0.3651013344251436
135672,0.26745409939065434
135673,0.032569673646483915
135678,0.23052532253748464
135679,0.010561324091061518
135684,0.17159186622354033
135701,0.010431339464924031
135704,0.07197269090785832
135713,0.10572781943951597
135716,0.1309518799356293
135718,0.022480318813145696
135723,0.029103924164960254
135737,0.04379966072978992
135738,0.015228097287798916
135745,0.016418046498374347
135746,0.08895913084093157
135752,0.026278025977355745
135755,0.04033404465670468
135756,0.021440293082694413
135765,0.01988544698987002
135778,0.027639816352355222
135779,0.04307503993897182
135788,0.00899671800403247
135803,0.08415231526460877
135804,0.06326567680455003
135809,0.014686383402934997
135811,0.20255428365519562
135812,0.08982200360196226
135823,0.1067570975812012
135834,0.06200107322845314
135838,0.009443927319897185
135843,0.05021400153772081
135847,0.03598688145303457
135857,0.3493777078314654
135865,0.02299435638204727
135872,0.13440057014571175
135885,0.10223700548398935
135888,0.012481325603268192
135899,0.04110054116111506
135910,0.05235854200548814
135930,0.11164023631556212
135941,0.321129065961384
135943,0.17506643561568883
135949,0.06984017115775042
135950,0.039329156283087155
135951,0.11306539701565346
135954,0.10405523749990395
135966,0.18780916080113694
135967,0.06613730158553306
135971,0.045609293566367295
135974,0.15216998696337172
135975,0.0532092235869599
135985,0.01182441769829069
136004,0.024784914993389882
136009,0.04116103031051604
136033,0.09650132828762673
136041,0.09355900590033747
136051,0.014725049094566492
136057,0.06575192166515709
136070,0.23090061413145438
136099,0.013871714583379163
136103,0.015642140996317534
136114,0.08971694953510244
136116,0.06738457615182461
136140,0.04147011217966544
136160,0.011575770675642569
136185,0.059036116236697724
136201,0.07913588084840098
136211,0.11415561208799548
136213,0.19519924607519545
136224,0.11029944336623883
136234,0.07186922747240237
136244,0.05771617637625228
136255,0.021597086761416646
136257,0.09644481999900698
136260,0.022034553718637707
136261,0.08090921192483756
136263,0.05240376630176678
136267,0.036646495202045444
136277,0.04432265807055284
136289,0.047194784345429376
136293,0.06140519861140844
136296,0.025870344962616764
136302,0.1222113343057063
136312,0.06618365416957736
136317,0.13926528458062198
136337,0.14378034744598495
136355,0.023031370717935477
136356,0.3587512655760027
136383,0.04185029665249408
136390,0.02935717092236289
136406,0.02403629841660736
136416,0.011227234661729087
136417,0.010572535262132214
136429,0.16634169152213746
136440,0.04544984622766056
136445,0.20066753866576245
136449,0.011416740575473252
136454,0.11537993526485904
136457,0.011551863384170939
136467,0.10760033848669263
136474,0.10961452227626148
136503,0.0336508124698843
136505,0.18935578296548772
136558,0.021534075488194655
136578,0.09388827776999004
136579,0.025188604480927614
136582,0.05914036396242249
136583,0.01144739585594285
136588,0.04276139820430206
136593,0.04713256749406518
136605,0.21552018243934393
136617,0.04391671912754928
136620,0.04645574998794814
136625,0.02495544012801462
136640,0.030766394297318166
136643,0.12196787102223768
136653,0.19030219558687594
136654,0.23114627230925616
136660,0.024081322859390426
136661,0.010471233742042101
136663,0.08931760518371916
136683,0.24677912914518546
136711,0.07898107595284896
136726,0.15989059504390135
136730,0.07978101802914148
136739,0.21642425366247225
136740,0.20270829026163728
136745,0.010660677790620725
136751,0.04685317558294212
136754,0.04517557777439194
136758,0.07146824944469354
136762,0.1265079640021939
136763,0.02221567934414196
136778,0.009461905145616454
136782,0.027885758851487103
136798,0.10250591826544646
136808,0.20896326830082207
136811,0.04921483406842452
136829,0.0534975324508928
136832,0.023055471306490105
136838,0.048827255419501545
136846,0.07079647867176583
136848,0.08367841858899257
136852,0.03309781812078198
136854,0.05691022677657918
136856,0.04379669801822077
136862,0.2982130503564785
136863,0.04571510560168839
136885,0.013813870728231864
136887,0.11029867578190922
136902,0.12664503421105483
136918,0.016699695288609283
136922,0.023119980976103377
136923,0.013223808398663545
136929,0.33835147986271297
136940,0.08207262297299138
136967,0.08702185068591348
136968,0.2721028784715069
136972,0.04410261330919672
136984,0.17704375491296165
136993,0.05196938346126166
136994,0.040721502127825625
136995,0.021579448068257057
136999,0.011837980612504214
137013,0.021977878190161358
137015,0.17547140159758934
137023,0.1490363986503909
137025,0.09382615807748113
137032,0.028783572559602046
137033,0.3307117533455427
137045,0.05561138698143796
137049,0.010805651574610537
137051,0.07626457005152246
137052,0.049782949653624196
137101,0.3677776961765439
137119,0.10284103088795171
137142,0.13922255854705726
137149,0.07067035892140965
137166,0.012344058930331081
137167,0.0416700382968793
137192,0.03011622659536236
137193,0.1909043564296226
137194,0.04541369999546136
137204,0.1260027554930962
137214,0.012597221014517651
137222,0.042309448208129916
137223,0.03568271369292948
137234,0.022164970314675736
137254,0.013198157854285315
137269,0.022547123032214574
137284,0.05693595318348742
137285,0.31328756577592715
137286,0.25359094857220865
137287,0.054435002086553594
137300,0.12277558625454488
137305,0.051999740411157735
137313,0.036406617040984676
137344,0.22009622152078556
137346,0.12375162577285201
137354,0.13668502268172034
137356,0.10346261796506132
137357,0.1117212189497474
137364,0.16292674451195285
137368,0.011624528250940628
137380,0.05522281037596409
137383,0.036572905348692106
137395,0.04128626279984014
137432,0.013464405570193358
137433,0.09592562046510968
137435,0.02693299096952484
137444,0.031947855361276575
137453,0.08250499317319414
137454,0.040621556670497674
137455,0.11879834588873688
137456,0.034924689728423434
137457,0.11584933451734813
137465,0.09632265359041994
137476,0.028309904911675548
137515,0.02260276837768463
137544,0.10647140252305612
137549,0.011554222693187654
137560,0.16836768410615707
137577,0.22402006188527085
137590,0.0129033459987554
137591,0.04207602073351288
137592,0.04551502759532231
137595,0.03532512258803659
137614,0.05056022724879709
137624,0.031861333415114323
137640,0.010238048707000468
137651,0.10555741026812349
137657,0.011279011814645395
137658,0.34785099705092964
137672,0.045803280010330426
137673,0.05506436738069256
137687,0.31397523635509217
137688,0.09338178077319054
137689,0.027489888760705166
137700,0.15203676518951856
137711,0.028066734423042493
137715,0.06846697767648843
137718,0.04155469638369134
137721,0.03635481469050594
137722,0.2411793791999613
137726,0.1014349604507047
137739,0.15159408568123434
137741,0.01281437974359526
137743,0.04762280057871192
137747,0.02782269338391565
137761,0.03822275080304367
137796,0.013270527514454978
137807,0.043967561504255764
137809,0.09800977701413703
137824,0.026877368809890907
137827,0.08877957167174928
137846,0.19059022676139517
137862,0.014875319735541426
137865,0.010791589553230514
137868,0.06995424045649132
137875,0.013192818837151236
137878,0.022535307235294084
137883,0.06348150565823082
137888,0.04269941368152545
137913,0.11396484829588452
137915,0.011804690070683648
137934,0.10766209855497447
137936,0.1450370000590149
137937,0.09302788259619107
137942,0.11998407728839777
137944,0.22604416445458492
137947,0.011731930819017373
137960,0.02777486825832907
137977,0.09863927288148809
138006,0.05680410983614711
138007,0.026476580322779074
138008,0.03079385189320049
138019,0.06455402053979174
138021,0.01393820016347028
138022,0.09499905601716398
138025,0.13626974394716002
138044,0.017404402701751275
138046,0.0391903165110485
138050,0.0485586889865053
138068,0.11580241437650267
138084,0.05740231824831425
138085,0.020534986386763703
138086,0.015204187404317782
138087,0.013766388456353997
138089,0.06249321113780729
138100,0.028309516212993067
138105,0.02140937722914951
138107,0.035539280028582386
138127,0.011020927878927207
138128,0.04624437137326938
138129,0.015166827001920027
138131,0.013639180054749553
138132,0.009680057111928157
138150,0.011371456380057317
138156,0.02614582388189382
138169,0.12134137831372274
138174,0.07972190006725645
138177,0.03629532701518288
138187,0.05350017153121439
138189,0.04648227213847711
138193,0.07265482586955771
138203,0.022535307235294084
138209,0.022535307235294084
138237,0.034535014099784024
138243,0.07667902081132887
138273,0.012492002985096465
138274,0.04405500045100013
138275,0.013259844361335186
138277,0.04199723638161007
138285,0.021902020191583244
138289,0.08344993649666438
138308,0.041870205918803666
138313,0.03954950934628188
138317,0.01556745769534985
138326,0.07803277697363793
138327,0.19481473492025753
138338,0.018642247107353176
138367,0.014191609459007956
138377,0.2178109153360635
138416,0.044230710999373805
138417,0.04381892718139528
138419,0.03018311022434545
138425,0.07599380641887685
138430,0.033087796453638796
138454,0.07167645375116184
138465,0.026845736222217288
138470,0.02022525196575558
138480,0.02600285776256863
138481,0.21026544282061072
138486,0.06800021653537391
138492,0.019179904811316303
138496,0.08651898899428057
138519,0.07278429175116378
138520,0.04010314248262116
138522,0.1840566764410756
138545,0.008891499974611285
138556,0.1262661837714582
138560,0.009242497232500198
138564,0.05136029768551992
138573,0.04747881642160604
138581,0.1731395730204539
138585,0.04824534182879808
138591,0.047719679722458025
138598,0.027288538749749142
138600,0.01594917879544735
138602,0.03504669235119286
138613,0.1791590975417973
138639,0.04354469589327073
138651,0.05954914861364289
138652,0.08740790557973573
138661,0.18189001615558115
138674,0.023079615400845348
138678,0.2646574701284225
138679,0.012792913448514695
138686,0.034015978460936236
138695,0.07127019241226087
138711,0.0500920231803356
138728,0.09858190405562935
138731,0.023989740824751155
138744,0.11414041276891844
138752,0.36719853897582744
138754,0.1466221792185014
138756,0.18887540964588637
138770,0.017478342870580612
138771,0.2261493954405125
138807,0.009574839082506972
138818,0.03128765718918129
138819,0.08288922630672284
138820,0.04375545604032737
138831,0.026142222982706242
138843,0.016729814775107647
138871,0.08415922175569868
138873,0.028873848103696233
138876,0.04762645861440761
138880,0.08193197965658011
138881,0.08219952352823681
138882,0.01300565643235184
138890,0.07967499698651212
138892,0.014600928798290983
138893,0.034560319338987205
138917,0.01244628106230784
138921,0.05128370565667086
138922,0.21758613092271153
138924,0.021958339235830383
138926,0.012842587088772187
138932,0.12111716815284986
138946,0.12752891215626944
138959,0.21056387339488788
138961,0.011897707772722803
138964,0.009854980505585805
138968,0.13276304509439024
138969,0.1728203832979968
138980,0.05773735705055073
138992,0.19793242168017983
139002,0.09705164566577365
139010,0.12717663907119164
139011,0.014839145619688835
139017,0.21084570984923764
139030,0.02294420783870198
139032,0.04486277843092976
139034,0.11233539846598532
139039,0.07190272081830736
139049,0.1444324590426227
139053,0.023295535582865966
139058,0.1110922657413664
139062,0.154637988888297
139067,0.22777119859252584
139069,0.37881204768353294
139070,0.32105208043938727
139075,0.02786948715527999
139082,0.07214179127344877
139092,0.06795221563622841
139098,0.06373078627874393
139108,0.08337259388946863
139127,0.29075264735860595
139130,0.13478315050577586
139145,0.022163222761242326
139164,0.110689288804528
139174,0.030606342592983293
139175,0.1221576512881849
139178,0.01823904718594333
139180,0.01455940074715308
139181,0.2031781508409868
139186,0.03419140113623009
139189,0.06199777787766392
139190,0.013678225213315947
139191,0.009467512412826982
139198,0.01811971554336393
139201,0.03734772184584305
139204,0.1392563021443622
139208,0.010170833692000756
139211,0.030354082678666305
139215,0.06092679466763782
139225,0.16816586155967223
139226,0.028561247895192637
139231,0.039706346311829344
139246,0.1467065114178944
139252,0.04381583308560967
139256,0.03171642941055927
139258,0.04475010094362413
139268,0.05478094487820796
139272,0.024965414198929847
139283,0.04112723458056316
139286,0.013261107860555382
139289,0.033119737003336966
139290,0.3903483439156627
139291,0.045007315578875454
139293,0.04057796777255502
139303,0.03300538667352535
139304,0.04713145793506427
139307,0.2549928503133912
139319,0.025639363504894062
139321,0.05893945679133748
139326,0.04408401453210756
139327,0.016462655693687732
139355,0.10320590384818536
139363,0.03561289938089977
139375,0.0401807960468903
139397,0.04399986631218107
139412,0.0509248689312244
139413,0.02567059899824083
139415,0.11254885690992714
139416,0.07402923058921382
139449,0.10825851951861225
139461,0.028422560050341356
139462,0.20760686161864178
139463,0.19387716802137717
139486,0.014990149626708
139493,0.12108928702608605
139515,0.12851551973828107
139516,0.1051032318139713
139522,0.10681275665457998
139532,0.024604580299573114
139542,0.029860604610596135
139545,0.04453921591324958
139552,0.19375285900694908
139553,0.10752781321915986
139555,0.10742632815027935
139559,0.1016176719187368
139560,0.0946456226003733
139564,0.040115069835996976
139565,0.04036226587814873
139567,0.011416740575473252
139568,0.04138149760920462
139572,0.04363960914934813
139573,0.02980689730221109
139592,0.03108105985896137
139595,0.13470966076131047
139597,0.10654607924542407
139598,0.09600374355397392
139607,0.18196080183743382
139609,0.16785912384515975
139628,0.05057494995937498
139653,0.04630415176573087
139656,0.4614751548633539
139661,0.04861375556313778
139673,0.015340149261357855
139674,0.04095858411511487
139683,0.009170029753869926
139714,0.05021734631115955
139724,0.013790966615348857
139737,0.13376617059721171
139749,0.13861016722026287
139755,0.010635983527728463
139756,0.0824249804594142
139757,0.02615301475067432
139763,0.1327741722136166
139769,0.13140075034242163
139774,0.22225528130343575
139775,0.04123880350007257
139777,0.024852255203169037
139780,0.054693640860293435
139788,0.3211314360132661
139794,0.20790764471667295
139831,0.09921455341185917
139832,0.020587453407015524
139834,0.057383097152770644
139839,0.03957599240837713
139843,0.1783627537617558
139844,0.016657776885124723
139858,0.27807387646784965
139861,0.21592947446881552
139864,0.12824654947316266
139865,0.13876730911358776
139874,0.13232031058229837
139876,0.03477476635211885
139895,0.01268011712992564
139903,0.08331392423884704
139917,0.0411274807972085
139930,0.02160630366954454
139934,0.1314801615902356
139935,0.023093536009900485
139946,0.028732234351767687
139958,0.028695325339715187
139977,0.02382557481897255
139981,0.10708754876493735
139989,0.01166809155813926
139992,0.05283541185418299
139995,0.041339251389809
139996,0.09386439469084913
139997,0.013791206867737596
140005,0.1446907760090161
140010,0.19959769130863372
140018,0.04835918613300435
140026,0.03685758675737048
140027,0.09176213962412631
140031,0.04435245107347509
140037,0.014563775381309197
140039,0.009804177408203666
140040,0.11941721896218142
140042,0.019022947052766116
140049,0.2839743564462192
140084,0.10334190508140058
140087,0.0122804228260485
140096,0.02392545526727542
140101,0.4008613161177889
140114,0.052274205801571404
140117,0.10013661797398588
140129,0.1821385521868943
140131,0.3080891586373987
140132,0.017870855538779852
140136,0.1964571263308803
140144,0.021158683683954557
140151,0.11402512831309763
140172,0.027428254889469105
140174,0.01441007462946274
140190,0.1281975181635
140196,0.03321740001296893
140200,0.015012225491192827
140204,0.07269686870776716
140223,0.031183033272755727
140232,0.042038752381444756
140234,0.07381517667895557
140237,0.08055839570838666
140245,0.3488510773768326
140247,0.15373526264864407
140248,0.049789726696139555
140298,0.028475135451834756
140305,0.31977874645108884
140311,0.01990417024642664
140312,0.13652135940708415
140318,0.08056268965109027
140325,0.06203810872930191
140327,0.2382981107387573
140334,0.09314171704271482
140337,0.05236070582015524
140338,0.010491998254014655
140343,0.04501551232681013
140376,0.04513030357495622
140378,0.1308188673851311
140381,0.010653576914049803
140382,0.06814527479007623
140384,0.0610439382519896
140386,0.17787903667357913
140390,0.022484380514981937
140402,0.010791589553230514
140406,0.012505384641350181
140425,0.02969772220640534
140426,0.09535956279151815
140434,0.010615219015755909
140435,0.04364840985582687
140436,0.2812057788868648
140451,0.07079435223613265
140452,0.044073190210036736
140454,0.11445608361163928
140455,0.021737378106782605
140483,0.10732779555914884
140504,0.028247471708958832
140512,0.06747338207147675
140518,0.025671765945973368
140534,0.10496842483980177
140545,0.010254968927449428
140546,0.1251789442129609
140560,0.026242250057963712
140563,0.010776544726775007
140564,0.12968596526814563
140569,0.01683095483396488
140577,0.09226347946041087
140638,0.026668355101087636
140655,0.02354936870921697
140664,0.17629569860174676
140669,0.03782620151930594
140672,0.35938950154560445
140682,0.04514236221676125
140693,0.10214950424568899
140700,0.015110664146913127
140701,0.050668799743907235
140704,0.02014546132471227
140705,0.038732637888219026
140719,0.01166809155813926
140749,0.23245328950378422
140750,0.05476475722870444
140751,0.0926213265161915
140752,0.04606711249734061
140762,0.13527678796880294
140772,0.02996727968051167
140778,0.1608824756412512
140779,0.02848213849620788
140780,0.025163922032983028
140802,0.015708661509504514
140804,0.16274266673792898
140807,0.09137670580794993
140813,0.021255037590308855
140827,0.06369126974316068
140840,0.01894432978417178
140845,0.06422664666870821
140847,0.10243645640585337
140861,0.013739901023499049
140862,0.17597753594109022
140872,0.014590010955704946
140879,0.03550791691979628
140880,0.14338507849878482
140886,0.03824014631831684
140924,0.009528380837345814
140938,0.01054398365375623
140944,0.08265180794002278
140945,0.33256981851977235
140961,0.016113881150327074
140963,0.03682751748392255
140967,0.05711295954555133
140982,0.11802284084491066
140990,0.02293747038233613
140993,0.022936025969353964
140996,0.34482330958797275
141004,0.04098781188845398
141025,0.5538051189215653
141030,0.016418046498374347
141031,0.05192467682614902
141032,0.12249732601000765
141067,0.014146587702969282
141072,0.06611819909747216
141081,0.049015264072398736
141084,0.09265962968883004
141085,0.05053922700007233
141089,0.0492306341577248
141090,0.033425000151877604
141093,0.1432619461909921
141095,0.10217887226313445
141110,0.022041135993677213
141114,0.031046395841527186
141119,0.2759700229328935
141147,0.053727294983689666
141150,0.29308105218939967
141159,0.09601271961006612
141160,0.20510463099608534
141167,0.009137279203079014
141206,0.04427248815719968
141213,0.04435245107347509
141215,0.6044951743647976
141222,0.04409642192366127
141255,0.048717262540002124
141283,0.013638283454891162
141298,0.22801108738688014
141306,0.030774013953478802
141310,0.2078742367469352
141320,0.015724524214185055
141323,0.17738525311516748
141329,0.05578723217623995
141333,0.03591955278888802
141339,0.018623694882432894
141340,0.048728379245507644
141344,0.04333253695641623
141345,0.02777048095318015
141347,0.09312040257282002
141350,0.0512053762067069
141356,0.03989314845519522
141358,0.029925341277946837
141365,0.017890054813046882
141368,0.022633379321148027
141369,0.012763222813364592
141376,0.1211205406379918
141377,0.0671603034333574
141385,0.011872652766997433
141387,0.04059614314858914
141388,0.2425077426187024
141389,0.04892316331645034
141390,0.04930819977542967
141409,0.021820745163004546
141410,0.15600502849014256
141411,0.15149219494815463
141414,0.11170376729860239
141422,0.10912157261679574
141426,0.09971993728343401
141457,0.010622341883026
141470,0.03418218525700191
141480,0.042594521132346116
141481,0.02772450503157232
141492,0.014631224854705546
141493,0.02716442453286973
141496,0.035915080094016484
141497,0.023125664417630903
141502,0.023638300514755406
141503,0.04276686543887345
141504,0.3129271127622236
141507,0.07662301870953203
141515,0.012975705454614355
141524,0.2447733702709176
141528,0.04168381006893461
141540,0.011483472980145602
141542,0.04166795018790817
141551,0.23928890848701995
141573,0.07236773681780154
141580,0.011950082785329077
141588,0.13289544013542628
141596,0.2084576068364851
141597,0.0297616073972757
141602,0.1301314206090219
141608,0.03296686662283345
141611,0.010471233742042101
141612,0.11014410547927347
141618,0.0508602367705287
141628,0.014830267123987675
141632,0.1238049490307874
141634,0.09791400597476474
141637,0.07525174476603687
141638,0.08025058111385928
141639,0.027392723893657833
141640,0.12941304741378007
141644,0.12116183076269649
141654,0.10671807297372335
141656,0.024989343568726535
141668,0.04802517587117481
141717,0.16232228226865283
141718,0.022013851930345003
141723,0.22620943045547653
141743,0.07190223346703103
141744,0.0708722891979204
141750,0.017890054813046882
141753,0.015731695472582553
141762,0.12717736112027303
141809,0.10754443766825687
141815,0.031180427537954906
141826,0.019557034731575624
141832,0.028176179364344946
141840,0.024543830399591765
141869,0.15003584038216872
141870,0.13477839300469788
141887,0.1509981623660242
141915,0.025957999373535778
141925,0.00899671800403247
141945,0.5506106328120924
141949,0.012819366999661111
141958,0.04932273491367319
141959,0.014788739072849772
141963,0.01970816308233641
141989,0.02628688730130424
141995,0.059703527059242714
141997,0.06215839520503941
142005,0.045997594969991944
142008,0.0776050090393111
142012,0.04975620737832075
142014,0.01314892949860286
142025,0.20161330041594386
142036,0.019269461367428468
142037,0.05311457331781837
142038,0.01147568090119638
142039,0.05441976420368795
142064,0.05022968326036663
142065,0.32254323664908835
142070,0.059028953952920946
142074,0.057515595144996004
142079,0.10459168552499395
142084,0.11889085616849682
142087,0.10542001305719786
142102,0.018506328398672698
142106,0.019551900657590254
142115,0.02806892894629881
142120,0.013991649774902266
142132,0.01569279297642144
142139,0.10369593228660803
142142,0.01854457922037319
142153,0.0968060434700543
142160,0.11176258169643025
142162,0.014264948612181787
142163,0.021762227440342084
142167,0.018223621448787773
142168,0.06478448477825019
142177,0.1699205156272928
142180,0.20559290152895984
142183,0.010481166526345242
142186,0.03993482226619004
142189,0.09479546354504283
142195,0.022535307235294084
142198,0.029336744233378637
142210,0.04260417158393408
142215,0.18934358216407496
142222,0.019498571740612577
142223,0.04598341559838709
142224,0.018776958494399858
142236,0.019615799485062632
142237,0.019710733321201622
142239,0.02917704267747595
142242,0.018301758869777286
142243,0.05201869187275483
142244,0.03027489662924236
142255,0.009446747900854426
142273,0.02054160061234386
142289,0.05683132161070041
142294,0.009642805589378516
142303,0.3108233559499177
142305,0.05964889429774582
142339,0.11554492246872312
142359,0.2811375813927931
142361,0.013297046068541745
142364,0.016147193727566546
142378,0.29884378441548665
142380,0.08545160207954165
142383,0.1673852894890055
142387,0.07828730005450778
142393,0.06946816093454974
142396,0.4473640924402512
142407,0.1519784028819247
142409,0.12664114743087035
142427,0.010928758454009245
142429,0.5070530060707059
142430,0.051913884687663704
142431,0.03904362004378224
142433,0.08176152763338423
142439,0.10008012287183361
142440,0.01121763627196696
142446,0.03603256813407593
142459,0.03742922589731293
142478,0.03460403547066162
142481,0.06819762837583546
142491,0.07645096100143901
142495,0.02474977421492393
142497,0.021246713355182686
142510,0.11364885653283083
142513,0.15534380195830075
142521,0.024820062441928137
142529,0.21259344921527606
142537,0.011392572179929557
142542,0.29463958339744434
142558,0.03693554777063381
142574,0.02668201137353457
142575,0.02739494378262816
142579,0.07490606113366352
142587,0.026733596939981404
142590,0.42714132267363525
142610,0.03193956518964973
142614,0.01179999046593553
142621,0.017455155396427717
142641,0.02739399977635961
142650,0.05852004768074946
142653,0.032625589463717394
142667,0.08441622588250668
142671,0.21219315857827908
142676,0.06931156379082334
142680,0.07872308595117157
142684,0.03740764701531958
142685,0.011897707076484102
142686,0.09893271580866134
142689,0.14388120171889626
142691,0.15271187468493622
142704,0.02298040678263058
142707,0.035392791996604084
142724,0.012032037431149256
142727,0.05059832048732704
142728,0.01766001467413461
142741,0.04435245107347509
142747,0.1290383278029216
142748,0.09841552538430973
142752,0.021728069563101148
142755,0.01143179587058726
142756,0.10978354352030761
142759,0.009680057111928157
142762,0.024504914610790823
142771,0.056496212744260865
142778,0.030273514793659945
142783,0.12184968863334025
142789,0.21643860409420035
142790,0.036494970012434465
142791,0.24307689880723332
142793,0.1875887453186858
142795,0.11561158101387983
142803,0.09451071024140169
142819,0.022846437451789863
142822,0.023966284721253166
142825,0.09752671585000115
142833,0.029606055097434275
142871,0.0357018407876954
142872,0.010913042040821865
142883,0.1231628189282983
142905,0.011154614325721738
142906,0.04280163603649102
142917,0.10964704344861378
142921,0.07738741800874205
142927,0.14270305904202035
142932,0.02275571802486115
142940,0.05885067719019883
142962,0.14822607512935376
142969,0.058776290216969895
142976,0.009415808982337655
142977,0.09791587756742683
142982,0.10697546720370243
142988,0.03990117542751553
142990,0.12189681753434925
142992,0.032033873413521555
143012,0.04719113232835651
143013,0.1274386428316963
143016,0.15796883211323123
143017,0.02640540188508923
143033,0.1290909136196097
143058,0.04147386056708542
143059,0.040270778579154676
143060,0.019884594265736986
143065,0.07683607367744985
143076,0.015656884287428185
143081,0.36439690144424103
143088,0.023302962922387156
143089,0.06294934607418542
143090,0.014484025493924585
143094,0.011457642744947753
143100,0.026133797142589416
143115,0.031046590792430755
143132,0.027965250981122507
143135,0.009404260541070304
143136,0.07575632600754763
143149,0.1731861608438811
143151,0.0603558428996618
143152,0.01220479336741375
143153,0.07675185032232824
143162,0.08066576517322133
143166,0.015347948845634854
143167,0.022415861898157936
143187,0.08360791645596242
143188,0.019413217694530575
143190,0.04861584208095563
143191,0.0267336861181402
143195,0.30031037429058255
143207,0.08495578083315512
143209,0.11444077669121608
143227,0.04436982456067341
143231,0.05252871269013384
143232,0.01888803284408762
143244,0.022992310710701448
143263,0.044905875363404756
143268,0.14583163202864713
143275,0.10244801955057292
143278,0.14118439823001389
143302,0.09958317001522435
143320,0.015592923916156926
143328,0.12278184656916521
143336,0.034561672797338086
143339,0.02721272454616343
143340,0.09702902173357635
143353,0.011899958278416497
143360,0.03888715368116401
143361,0.15717597161954772
143385,0.24069051297537986
143388,0.10004198422455471
143389,0.15630613688354744
143390,0.019977143687024124
143393,0.20267743713105912
143396,0.2744861670128833
143419,0.15111580255006044
143421,0.008877858329908821
143422,0.024029997925253295
143431,0.03629463786632111
143433,0.06968950440105129
143440,0.12817589259996992
143442,0.015808418567036398
143463,0.010352379050464242
143466,0.011897855418856981
143475,0.08339511419078892
143500,0.08762333709742111
143510,0.03650238534245565
143528,0.01801117008426023
143532,0.013668385067172545
143535,0.11453919617855879
143538,0.048393986066891104
143548,0.031653465718524246
143550,0.043630400882728085
143555,0.031360259080584985
143576,0.11815169984779836
143593,0.18248136892731193
143595,0.052976990682174784
143596,0.016615350382449306
143597,0.051975485327693596
143599,0.035678799027988456
143601,0.04139684845670101
143602,0.03413018900820048
143605,0.01904609342513285
143609,0.15764153639614273
143611,0.12694747446104682
143613,0.011115430812889897
143618,0.08641303321924232
143652,0.019332895401960697
143667,0.021634323334465383
143679,0.06165601133300249
143680,0.012376977909630434
143692,0.156236119713104
143703,0.05469583677034686
143712,0.0676417813656522
143714,0.04391706910462258
143715,0.040380156642558285
143729,0.05625551229893895
143732,0.030777129963286763
143738,0.03599104692076295
143740,0.08547392292134429
143743,0.10719336822070746
143772,0.055983325536015635
143773,0.07202332665171843
143792,0.05783992866909761
143802,0.03122124834521193
143808,0.021898688170437573
143819,0.00982494192017622
143820,0.12060569669862893
143825,0.014403406137320302
143828,0.012183029449857866
143831,0.21310876138916496
143834,0.02575783752111311
143835,0.011661134196283953
143843,0.011311688179177716
143860,0.011386062857130787
143874,0.014361467028058555
143889,0.09728845311446072
143903,0.030379415259334002
143921,0.10278735055161352
143936,0.03848490550131347
143944,0.05581132680337331
143947,0.12014490776988611
143948,0.02168328626129304
143957,0.2964069388943366
143964,0.19567652509940472
143965,0.010576451771463284
143971,0.032869770387395185
143976,0.08362110179625631
143977,0.18294329114007685
143983,0.1304279091615499
143991,0.03753273858934752
144015,0.04628565902106337
144032,0.04983996562442351
144057,0.047613528739472784
144065,0.03854922919507977
144087,0.013452532210926215
144090,0.09446179732233898
144091,0.22994695512058963
144092,0.03511617836088858
144139,0.06120642002680917
144150,0.02102411985786966
144151,0.030709553832150606
144153,0.047875377937731244
144154,0.5275733422856704
144159,0.3074211619660985
144168,0.03862652977575247
144169,0.02745075507293742
144178,0.19054397831521785
144179,0.018067474417897668
144183,0.01495968042752346
144186,0.04895064512333338
144190,0.26434840212406907
144191,0.02465453207280229
144199,0.22557874715305978
144226,0.055629891180633995
144227,0.010523350123594994
144229,0.042309448208129916
144237,0.03662550149373157
144247,0.011253445610395024
144249,0.05955086078199173
144259,0.06084064599633058
144260,0.04204372770396075
144282,0.04144417815660933
144295,0.16566011114073406
144304,0.019785389768440693
144314,0.01995989724559575
144318,0.09167737587251627
144324,0.28166491691747
144325,0.016307475577456418
144333,0.086013734162246
144334,0.02856002508090702
144336,0.010653345269854701
144350,0.07310200908208032
144354,0.00877702911477253
144357,0.04313069661009834
144359,0.022159798777539437
144365,0.024391911039551118
144385,0.06845272457188464
144386,0.02283508877459191
144387,0.09229711337465399
144390,0.037871826582977136
144393,0.04178251183015713
144398,0.041942920948101634
144402,0.010835380209969674
144416,0.050435380072699584
144422,0.023202777733950207
144446,0.2016971428790239
144451,0.04610661094221165
144461,0.024521589653625962
144464,0.08365015397424513
144483,0.02624770583089183
144498,0.20524486417288798
144499,0.051489046121046746
144534,0.0232796728982511
144549,0.04409939076560499
144563,0.010636455832682289
144570,0.4892229936365807
144579,0.04077687294804153
144580,0.021294608887495747
144581,0.01565012881564693
144582,0.04196712548460407
144587,0.022025800378220932
144588,0.04167396655427151
144589,0.04210348611336873
144590,0.029389790190007516
144598,0.10409385447340694
144601,0.013877378916074944
144610,0.04132488704492529
144611,0.11267790357932868
144612,0.017857250219166648
144613,0.028077077027090946
144617,0.07088415201377832
144635,0.34160599773551553
144640,0.06897583274810848
144644,0.01991790100858356
144645,0.03100994036486986
144654,0.028095116318945068
144656,0.06940726482938167
144657,0.1552773744644907
144658,0.07635175671372615
144659,0.23027159759986962
144665,0.023056141762171682
144667,0.028157610769588993
144675,0.02140937722914951
144677,0.09264511283368933
144678,0.03189617403719305
144690,0.03961317425434562
144701,0.13238245546776856
144702,0.13709805220921253
144716,0.02610018214188926
144721,0.010576451771463284
144722,0.11983541385593802
144729,0.047844130479799615
144744,0.03861708049229643
144753,0.01664060393856537
144761,0.00934332644763649
144764,0.26422975160101825
144767,0.021958339235830383
144780,0.1297878405209996
144781,0.043108208446976895
144784,0.07279983804221422
144806,0.051075313707830194
144810,0.15936943521500832
144811,0.09003683432595169
144824,0.02634847863536855
144828,0.09354951503175102
144829,0.058642901978699
144835,0.12463547809934598
144849,0.026966134421645742
144850,0.012933706316148227
144870,0.04420575460620884
144881,0.11693352729432027
144891,0.019587725171685624
144898,0.10343516776434722
144904,0.05544585579694633
144906,0.011070160808273107
144909,0.011271119692338207
144910,0.14126074515015954
144912,0.17794522949352878
144963,0.09829639159909774
144965,0.08064940798699674
144966,0.04314172197070285
144979,0.058389349801878335
144990,0.06699314983635105
144991,0.04656378822037211
144992,0.35820149705791404
144999,0.0509248689312244
145006,0.02621868677166168
145007,0.05026909373871027
145008,0.014605049242024864
145009,0.05426599192804391
145011,0.011269557490514316
145014,0.11163439225888419
145025,0.014183231340402124
145036,0.03388670424148791
145041,0.0858823316073662
145058,0.06142911228827767
145071,0.08096965438159903
145106,0.04430037923129274
145110,0.01441007462946274
145142,0.10543828085574677
145146,0.1616931382578683
145147,0.019332895401960697
145148,0.10987973324718314
145149,0.018780353958667083
145154,0.049810214125068426
145157,0.05716362253611287
145158,0.013101002303308398
145167,0.01512163230908716
145172,0.07937650223444993
145174,0.01904264014521608
145192,0.014900649290133813
145195,0.07315336500331249
145196,0.23753772313253804
145199,0.01251635227495303
145209,0.13032154565660878
145242,0.010272309364754716
145248,0.014028111536020535
145249,0.021191758166421375
145250,0.05946713067178884
145281,0.10755276837008554
145287,0.0712987552857546
145288,0.18608925576038757
145298,0.12101019911418046
145303,0.01053076549830728
145309,0.051878291095992936
145333,0.06651571369453942
145336,0.02261810399314091
145339,0.10014653760658913
145350,0.05588153344023369
145353,0.01934146445434664
145354,0.03401846515613333
145358,0.028786817284156236
145382,0.24206004940212233
145383,0.3192931076201642
145389,0.09336059574244887
145390,0.07771560198019109
145391,0.10701792071207883
145392,0.11248254594602487
145407,0.010110983653735618
145410,0.024679583790987142
145412,0.19800429690150667
145415,0.04771912395901468
145418,0.06069539923363117
145419,0.05616840301239817
145440,0.012440068814168174
145451,0.10239996337059591
145476,0.1614530251709756
145481,0.049781356472263935
145482,0.008975953492059914
145484,0.0136454203514769
145502,0.0577243902706057
145512,0.09887357625494311
145515,0.0144957107688698
145521,0.009909395437624851
145523,0.012601004198144316
145554,0.02363347952028319
145557,0.06747762954632161
145560,0.15447609970501597
145563,0.12304587274143479
145569,0.02105861378527363
145586,0.27706521709658427
145601,0.04296760878577839
145602,0.04159185225376673
145615,0.06224975240117588
145623,0.06842741851605856
145638,0.017245903344948913
145640,0.016703106617462868
145645,0.033429356502386535
145654,0.026488262333217223
145664,0.020856944891843723
145677,0.016815568962792633
145679,0.015467094874984868
145681,0.0260999743071063
145698,0.04800156861998109
145709,0.009359701300739742
145713,0.04383995992401467
145720,0.06428071930450073
145780,0.052796196998054344
145781,0.04229730814567685
145798,0.11038197582010838
145811,0.1260937869358159
145819,0.02261197369364623
145833,0.1285032476861361
145834,0.06300914033688636
145835,0.07337525377245821
145844,0.04694020686965183
145862,0.017209358996518577
145869,0.06766282845752165
145871,0.014837713650297494
145872,0.009719723890755035
145874,0.5059656192204914
145888,0.0241494959007538
145891,0.07875548956182706
145907,0.04566264505090433
145908,0.13451987203697796
145919,0.07889734681832292
145925,0.05256415814359365
145940,0.10431612264395221
145941,0.04603252571623498
145943,0.054840845539774474
145951,0.02231158274546478
145954,0.07134702940555218
145957,0.026031009139844036
145962,0.07872060603425901
145974,0.013942317946608487
145976,0.093059208473967
145987,0.016921103183123783
145988,0.47796217268648383
145989,0.029443926212267768
145990,0.018205418665423075
145991,0.19754800802233755
145993,0.07226030806054763
146000,0.19077535240302607
146001,0.025764595411357248
146006,0.039759724529152315
146011,0.018347898311575038
146014,0.020130125709255993
146020,0.01287146417958809
146021,0.009865570206060839
146022,0.11826732438392291
146026,0.06399229622019278
146028,0.15063267313685486
146032,0.04888916754678281
146033,0.0964850271745702
146037,0.09502845604331087
146059,0.02928783987596329
146060,0.25191283619366445
146063,0.09975796853104747
146069,0.09367502310591676
146086,0.025492586658287186
146090,0.35073147568183904
146092,0.014796350090463904
146094,0.22886487236328396
146097,0.02665573436379754
146098,0.15808597352915396
146106,0.052480282079589435
146115,0.020953905847906386
146121,0.20044973096514634
146122,0.07266778647605163
146140,0.06234177565037539
146142,0.016943532704279528
146146,0.1179403719135452
146149,0.02429030486344993
146153,0.016696462985658165
146155,0.025929455845643136
146156,0.04765962307140275
146159,0.04351585146772377
146172,0.1264786154288652
146176,0.04606186460746729
146184,0.015250824419848461
146186,0.08856166229215491
146191,0.022400165629610964
146198,0.013648040590378255
146199,0.02278350676892384
146202,0.10151791446813971
146206,0.18849768675122422
146214,0.018533601011528053
146221,0.12902434779446545
146232,0.045670410362571696
146239,0.07422022751798826
146246,0.1618844168948235
146247,0.018276530878962062
146252,0.01319182803912056
146255,0.017101540768093167
146256,0.011195319533188431
146262,0.093740298226634
146277,0.18091740868178832
146292,0.12437542635443463
146303,0.015342964964834182
146305,0.11979720492379345
146313,0.06455336892457858
146317,0.0266830593620473
146330,0.02851285150359455
146344,0.02661724817364841
146345,0.05831437591294393
146347,0.13649780414713755
146356,0.013886751317978552
146369,0.035999868537389165
146384,0.07834080622463216
146385,0.015966496778714135
146386,0.18295259113524298
146388,0.01843828702869774
146404,0.021270610029295818
146409,0.224541011413348
146413,0.028946816162532113
146421,0.09842430446177013
146428,0.05164554062117412
146451,0.19610245542418778
146458,0.013354144548170336
146466,0.010737777482482381
146476,0.02503190513533443
146485,0.010471233742042101
146486,0.03658183365870103
146487,0.025878923517939478
146500,0.04178053554621849
146502,0.0286748901634581
146512,0.19203768296729046
146514,0.03781719163028847
146515,0.227994806825157
146516,0.03241890760058338
146533,0.040064857441451426
146535,0.041358265947461795
146541,0.14194230297312033
146557,0.08625802745402447
146562,0.12241732536910713
146565,0.013548843227328267
146570,0.015613350941836737
146571,0.019437946433861392
146574,0.09480223190443324
146587,0.04482882560230706
146591,0.010272309364754716
146597,0.09493118170022542
146600,0.04847839125120656
146614,0.417676448816407
146621,0.1211610658446343
146623,0.05037093613658901
146631,0.0852284945226151
146644,0.020027358387986298
146649,0.018050172386987674
146651,0.01317148981648979
146652,0.07714558116551815
146663,0.038706571403997435
146680,0.024853629521325322
146683,0.04077071656216195
146714,0.25816917431080694
146724,0.10597157839116327
146730,0.03867346497851766
146732,0.2341441659257149
146738,0.032643897117444094
146752,0.07926382144847681
146755,0.0466218263559714
146756,0.0809639098583875
146759,0.06372781736896826
146760,0.31301392297866293
146761,0.014422041135434566
146765,0.04770781703170197
146806,0.12042615432743883
146809,0.1971006600253338
146810,0.0799007933510018
146811,0.06742653329004174
146815,0.036365628063830945
146820,0.1594671087923381
146821,0.013472496794533897
146824,0.12687002320611804
146829,0.05853553287101757
146842,0.12069646589841457
146864,0.044493444725592066
146891,0.20256540642812354
146918,0.03733340353165226
146955,0.04263149878374645
146957,0.1376277792808497
146972,0.08349287444608423
146973,0.05837428031631938
146979,0.1307347426317681
146982,0.028794650067045863
146984,0.047134951609491674
146997,0.13801598010073765
147001,0.024117349261509474
147008,0.15344525079072152
147014,0.010471233742042101
147022,0.05529007285508643
147038,0.027089171684957097
147048,0.06491468088260482
147060,0.011982758839891567
147061,0.033910573889286186
147077,0.11969183121779481
147082,0.07392065136506992
147083,0.04921525662091152
147085,0.04857144034268614
147086,0.05558567217328284
147099,0.0906190397743895
147127,0.013265752088994765
147128,0.04354267770487852
147133,0.017210551014798223
147138,0.01468115904937596
147139,0.009148682090011033
147150,0.04834709407585448
147155,0.18484899381562608
147171,0.01901356137177986
147172,0.04028252822321099
147182,0.029023771705368562
147195,0.04145542652094312
147199,0.030123584609285464
147216,0.0865943592737137
147224,0.010360186956870611
147225,0.020776476862332745
147230,0.04289985850311087
147240,0.048574270440691965
147250,0.04101331720986524
147253,0.01073338866819749
147254,0.3247959252808929
147264,0.025407906488332403
147294,0.07297191885239104
147308,0.044700490548850155
147309,0.2184215066286818
147315,0.11449780184974108
147319,0.02634246681725888
147329,0.011301609339682155
147340,0.031204771874620674
147345,0.3192965847134924
147353,0.011378749022472899
147354,0.13860039960723128
147364,0.2142584111073537
147366,0.04580772739565783
147373,0.04870775940277137
147382,0.018683225577411457
147383,0.10662174639620983
147390,0.036143062870244436
147408,0.08451331051503584
147411,0.012009405434876986
147415,0.07893720786684007
147416,0.08699479288820654
147425,0.009528380837345814
147427,0.022400165629610964
147438,0.20418477095420934
147439,0.015446945169595782
147457,0.029935671352358962
147459,0.010632559453061198
147463,0.031799886686126815
147469,0.07704291399140571
147476,0.28754779450623036
147483,0.01085484115578884
147497,0.023782324692108614
147502,0.22159819882514858
147515,0.12056484857418441
147523,0.09317111160922778
147527,0.015600535941993668
147541,0.0809484046917054
147551,0.041064203870613374
147552,0.03906582062381819
147561,0.009800792845931695
147571,0.01708156393670731
147587,0.020663568694666606
147657,0.1615769139566049
147659,0.0437355442700106
147670,0.01739931105734785
147695,0.051030657712740804
147696,0.09854386939376576
147702,0.323357876086214
147710,0.3651086354999286
147711,0.011235855756067876
147712,0.07160045802156002
147713,0.10968953211348675
147720,0.015015034333953542
147722,0.06527689781676929
147742,0.02094175655720344
147750,0.06463833087379382
147761,0.16250067571794824
147764,0.10509795307601047
147770,0.012035608337198396
147771,0.11901762042529573
147774,0.4048560802699944
147786,0.014515409779206411
147787,0.19782765580222075
147791,0.011189393770579802
147792,0.12434236930955664
147793,0.15349754366392127
147794,0.05268544458522103
147801,0.03370341270258749
147824,0.012324688502360076
147826,0.015777198336120186
147840,0.03761432860877659
147847,0.01474783123633259
147862,0.04958067784034053
147865,0.058598529801079144
147882,0.1090736270463819
147893,0.23131378712339634
147925,0.05307240527031515
147932,0.21449620271019731
147942,0.11759026925854994
147953,0.01854457922037319
147955,0.1461911586371555
147964,0.20868698575426659
147966,0.08963409150361897
147981,0.017483102152913342
147982,0.1437124300024921
147990,0.07013917694519893
147998,0.056973574606891085
148002,0.17971561325443747
148013,0.0804617300555689
148025,0.16215128347301802
148026,0.20082111869804783
148031,0.19656257236884855
148035,0.1386272058446335
148042,0.02897577013452734
148047,0.012179421111025771
148050,0.06338552089149421
148063,0.049657001942271704
148065,0.26123513067715237
148069,0.20138080550598905
148070,0.06091502789087089
148075,0.13008859861407898
148076,0.026657608674398127
148087,0.010805651574610537
148091,0.19713795084742625
148102,0.09903170324725927
148107,0.043773935721598156
148108,0.046236787295112054
148113,0.02584092971213937
148131,0.09068698993277534
148141,0.13022937429105136
148149,0.08570697119712463
148150,0.08502688904093361
148163,0.1324156934569701
148175,0.01938489736694757
148185,0.16335085521593626
148187,0.1033393118350288
148198,0.19891192972783805
148204,0.15355225035094772
148205,0.012132341369285742
148212,0.12059626117779831
148216,0.39530159565771805
148217,0.04899042706762933
148223,0.0187665943438606
148224,0.307228512190004
148235,0.07502624697240373
148255,0.13691331344160246
148276,0.023529576277381708
148285,0.03388301548544173
148289,0.01837005913302081
148292,0.12182061007235243
148294,0.09020589519881912
148314,0.01856962381862561
148319,0.011897707076484102
148320,0.10954791376763758
148322,0.08328301213125311
148323,0.056071190460255035
148325,0.09652235023446312
148333,0.08657651140081338
148339,0.05522644545092252
148359,0.09816896681559939
148361,0.19475082044946174
148364,0.03890013116482777
148380,0.014272756518588156
148382,0.020486811562107538
148386,0.08732919969552369
148393,0.14003929847414556
148394,0.1264073004511892
148404,0.07511482454572187
148419,0.059786929013835075
148423,0.09151671257593648
148437,0.21555771926893566
148440,0.10707751339059786
148448,0.02119996392689107
148449,0.011560725849187062
148450,0.04018622686242302
148451,0.02039253459277755
148458,0.19653809159102403
148471,0.037644197357473576
148475,0.01159980119747189
148476,0.03335230251224881
148497,0.07529485377266323
148511,0.052480282079589435
148512,0.08552507655273603
148534,0.09003968411125976
148545,0.057410763138247334
148557,0.03561785859270266
148564,0.034458376686035644
148570,0.04055356282923341
148586,0.027840511913106197
148596,0.10465411585098787
148600,0.10940622814664887
148607,0.04067567479950114
148609,0.05098194221297518
148622,0.022850307868323642
148623,0.056857527310488334
148625,0.1220441305764161
148626,0.00992859067033009
148628,0.012994470072966852
148632,0.02577732223095986
148639,0.02298040678263058
148643,0.04998655990670896
148644,0.11726677414263273
148680,0.009691243471313147
148702,0.12651362914997133
148716,0.07752543941298654
148717,0.08206081768159405
148726,0.18689541116003178
148738,0.18481622236769707
148746,0.1274536476286645
148749,0.04114395394985677
148750,0.07982033590288547
148769,0.026387816532578257
148791,0.062214016720129175
148803,0.02133960045001027
148804,0.03525233792905773
148823,0.010491998254014655
148831,0.062305763581915495
148849,0.01834151139274048
148850,0.04178446174492636
148855,0.04597249312971931
148893,0.042395485197295954
148896,0.04618139865896531
148899,0.07538861576322554
148903,0.09474466113273028
148910,0.03573642069148752
148911,0.07918089478376876
148912,0.31499529931971093
148913,0.09177044742702087
148933,0.11649021879078317
148935,0.018724663605858023
148937,0.010849994042263472
148946,0.1382506541525176
148955,0.06265952728971748
148980,0.04117887261317787
148996,0.12564839611956466
149015,0.22606699712341824
149025,0.014914893141322744
149028,0.11629322911256279
149029,0.02796552931203734
149035,0.025308915284315493
149050,0.02536095979721137
149051,0.056842559128175804
149052,0.09495811445058794
149056,0.02370261907345453
149062,0.04464803425806817
149067,0.08638025195385111
149076,0.13286742154858844
149090,0.3116573021421808
149106,0.2042926054739837
149107,0.027386036250943484
149118,0.2714046601692533
149119,0.04903052768014066
149130,0.1066806046116526
149154,0.08613032888378239
149157,0.05274962941415098
149158,0.023699925668392647
149160,0.053453747631429
149163,0.1174152637765054
149164,0.05294826717647272
149165,0.011510183153406293
149166,0.01890773489605983
149214,0.09448648477232181
149231,0.13895972141904478
149236,0.016043351611955678
149237,0.032220307404969964
149246,0.013259844361335186
149247,0.03993482226619004
149253,0.05170517327415093
149254,0.011310786471165084
149265,0.18633188824551367
149266,0.013918271921002446
149277,0.052868069482442236
149283,0.14848359478626175
149289,0.11757566681638405
149310,0.026987123281562476
149314,0.011020927878927207
149318,0.061422286918315014
149319,0.0286748901634581
149320,0.06250553952664173
149321,0.18625431467870332
149333,0.041811968460456365
149337,0.2234103638122229
149338,0.04435245107347509
149341,0.055845020485630205
149342,0.02083690954119775
149349,0.018044559635241396
149351,0.15422282587230624
149354,0.017324598261096693
149360,0.011649907374483622
149362,0.04958727046302176
149366,0.011020927878927207
149372,0.3776272821075318
149376,0.05937941195904793
149388,0.11387790679916236
149393,0.02540828652621362
149401,0.019545349920667913
149405,0.18839779933078032
149412,0.08620715220589183
149415,0.047230705806287465
149416,0.026420190929113224
149430,0.12367014341146279
149435,0.041653133736799984
149436,0.05775106082360224
149444,0.13085903954301048
149456,0.048753285909351615
149471,0.009052825685630383
149480,0.013930293373251787
149481,0.028600541840893216
149490,0.10675793352184273
149491,0.02857203689370058
149503,0.042433207555300265
149512,0.046013526540654784
149524,0.02188285795136999
149525,0.012348012123208988
149532,0.04737453689733931
149533,0.21161641253018856
149536,0.5211295927661777
149540,0.07860495440399826
149548,0.025964709757736563
149563,0.10184268121686191
149568,0.1833775556530032
149569,0.12052368920049228
149570,0.10101349794134404
149582,0.011483967051894086
149584,0.03858858319057988
149587,0.10708841384320915
149592,0.05172569642418455
149596,0.14340120197931222
149599,0.0641874655474865
149612,0.03189708438211901
149643,0.06904430611240545
149648,0.23327011644194404
149665,0.0414272956233586
149666,0.100165217737138
149671,0.020511452294515793
149675,0.014950334050406444
149676,0.20888754327943646
149677,0.010859229970073735
149680,0.1403336541529175
149711,0.0324662587226156
149723,0.056654249300618145
149726,0.09507566153129726
149727,0.010809496856812869
149730,0.013880188105313645
149733,0.16350704043157308
149734,0.21512099782548813
149736,0.17174599075453229
149750,0.010827871769785422
149752,0.22733097530354768
149767,0.05570319461625726
149791,0.10357034744439382
149793,0.015294908554972269
149810,0.01179820030682133
149850,0.031555420921712936
149857,0.1222049978512734
149858,0.01757637213623459
149860,0.12842463980327026
149882,0.01281437974359526
149889,0.011929431669634012
149890,0.2091099180872555
149918,0.01523489867991013
149919,0.03810967342331241
149927,0.010960171768673777
149928,0.02546452175946154
149940,0.22134478915142575
149944,0.0419229616229717
149947,0.14218122662756078
149951,0.048409263844340016
149956,0.08553705333134452
149958,0.12335345821410056
149969,0.014905489565980168
149988,0.04160366913989892
149996,0.05700111514365057
150007,0.026560174455203693
150018,0.0452613982738876
150025,0.03952233585089987
150054,0.047275860730105944
150064,0.21759820735784846
150070,0.04036068855194372
150074,0.026198179173871274
150078,0.012801458268936148
150084,0.045088129124538905
150106,0.02061426033001515
150111,0.3634405996025546
150115,0.010797935667141205
150117,0.15477945950401886
150120,0.042059828837916716
150127,0.06165181762629514
150128,0.042608250397893
150130,0.0937967246797138
150132,0.11168924531745783
150135,0.017747404374658056
150145,0.07560375948274285
150148,0.040210273114980835
150153,0.05209258767255444
150154,0.015729507777118984
150173,0.011552964103832573
150174,0.1528505814193526
150176,0.13400842237030977
150177,0.03776797858297322
150178,0.09379661655725106
150179,0.2347604562296109
150187,0.011279011814645395
150207,0.028041564593080704
150223,0.0739401584402724
150224,0.016408074633376398
150229,0.010548105935612569
150233,0.07043626777902848
150245,0.010453866096032863
150252,0.015220977646678891
150257,0.09440577712602735
150258,0.06469366562780403
150267,0.020412136686061306
150268,0.1829792714067983
150272,0.2964228212156394
150282,0.023699925668392647
150289,0.18752224249848573
150299,0.00899671800403247
150307,0.1138798273974357
150310,0.0145566069066116
150311,0.02805412964449685
150312,0.02066537980203458
150313,0.041683902197824654
150324,0.27967738205239967
150335,0.02021180953801056
150343,0.034021742456165
150354,0.011729701749599477
150363,0.03636343520489243
150365,0.06742789138579175
150377,0.013301676347394892
150381,0.21410097774587628
150382,0.019709476853697568
150414,0.03746763214151034
150418,0.21854623086078048
150431,0.02195770810638678
150449,0.02579886916875466
150450,0.1971211861915165
150473,0.013180266663472528
150475,0.033501903321254196
150476,0.11803857048980097
150478,0.14325263789508708
150488,0.12295450730584798
150499,0.08686292534113396
150501,0.14855150815463694
150503,0.061818751761432124
150518,0.014939787040478606
150529,0.04017030861049073
150531,0.011031216675809237
150532,0.11205668626867973
150535,0.08738764661177982
150543,0.2583362036492197
150545,0.08844842647255143
150548,0.04596478470767464
150552,0.02669134430652532
150558,0.1270691873836597
150574,0.08460064753300009
150576,0.4998155868278739
150577,0.02769732824986886
150594,0.1262661451594602
150601,0.009588993518630382
150604,0.01892132879251122
150618,0.016248631654089248
150626,0.09986939607477316
150627,0.08057789160399487
150635,0.23541585484121147
150648,0.02241270414499564
150649,0.20541811848742447
150650,0.11638093229802074
150651,0.0958531001024386
150652,0.01818080857978735
150657,0.2035809768929148
150659,0.03536895949487696
150666,0.09706368103734818
150667,0.023512578075913455
150680,0.009275247783291111
150698,0.40869583610893107
150700,0.5128873799897801
150713,0.02263802412155013
150715,0.07304816869155678
150718,0.01628187761971359
150724,0.2305519014885573
150731,0.03724900383749607
150734,0.01970704642068445
150738,0.009595603594479528
150744,0.017463902878646312
150745,0.17162651777806798
150746,0.06458135283817718
150749,0.015247176203187768
150750,0.12026612551017708
150753,0.018892399280603548
150759,0.023055471306490105
150762,0.019828579693049343
150764,0.022149845691953517
150782,0.08462353539791707
150784,0.024416793025368068
150785,0.10582236757129722
150786,0.027515159146374025
150789,0.1109615327102891
150802,0.0769424161773515
150809,0.019967152330963335
150810,0.11513175943209138
150817,0.022408166203195468
150820,0.01925027894784059
150822,0.07726331809139161
150845,0.026202457485504323
150846,0.12073090886972285
150854,0.09217407299827537
150858,0.3660155728731215
150866,0.04293271967393402
150869,0.010066979988561988
150874,0.04837311641599524
150887,0.009331355464889024
150889,0.01668552940992253
150892,0.11738419011244279
150896,0.010431339464924031
150901,0.42126305667737174
150914,0.18477285697641269
150918,0.027405326294669928
150919,0.016032854122863153
150929,0.03643619651843006
150935,0.03923461567062768
150941,0.011850986519165007
150949,0.02032199776876247
150950,0.06655867646236109
150951,0.008700156921202063
150952,0.024538668212197478
150980,0.14522904234852935
150981,0.010797309238747561
150986,0.25795492460518016
150987,0.0663010865815378
151004,0.04867968203961785
151005,0.03827305314736826
151010,0.050923022131767824
151012,0.09967521625382567
151016,0.027112009709792023
151021,0.16917469856390413
151022,0.015585522503405174
151023,0.2281820441401088
151024,0.38309304358979535
151035,0.2508488530537675
151036,0.0347611491192192
151039,0.03524672755268514
151041,0.08454514087881446
151043,0.0793132655247252
151052,0.2583322130006038
151058,0.2551304639093964
151065,0.09682095869690233
151066,0.049536752463405394
151067,0.3077941168283188
151069,0.053013830513748895
151070,0.021502331534523838
151080,0.08314171526236543
151090,0.08390772304047561
151092,0.46720530162392776
151100,0.041337421882643055
151108,0.06219075208262641
151113,0.04552821100417322
151119,0.024107490395834485
151131,0.06464458980595582
151145,0.03635651020529039
151147,0.09861274537247425
151148,0.022814215788629206
151149,0.09132267000056905
151153,0.06113756081222692
151158,0.012275976345869643
151167,0.033415940770341254
151169,0.023760461640425046
151185,0.019689335194381725
151186,0.1278885757574152
151187,0.047091115582510654
151203,0.05470369521561062
151206,0.0108968075826517
151213,0.12876229411333862
151237,0.07936092301301584
151254,0.041444474214233015
151255,0.04555672516421584
151264,0.13141077667270573
151266,0.04225808378208155
151267,0.04969495928070692
151270,0.00921458899420049
151286,0.012447784721637507
151288,0.10899117273035393
151289,0.04692482529222201
151290,0.1066626592735233
151303,0.023145537974887352
151304,0.042164069606098115
151308,0.025383491790910834
151315,0.013231678336294244
151324,0.03730097559661894
151329,0.013202052204886247
151335,0.014269386990448055
151343,0.021258451303871086
151347,0.3125478332843294
151348,0.1656750772721515
151357,0.08911009370459531
151366,0.07624968847566842
151372,0.0178831718782759
151374,0.012166646058766082
151394,0.012971316640329463
151395,0.15002797859110922
151403,0.04392786279891634
151410,0.014838145496786345
151412,0.1126166493593516
151419,0.03100868486819646
151443,0.01259474759291268
151464,0.01089010509205917
151466,0.05118179714831302
151467,0.011267272982993267
151476,0.08450250801217814
151480,0.09410294778478054
151481,0.14996950019077504
151486,0.04796372492551771
151487,0.12032714005636211
151490,0.1294934763001337
151498,0.07348022361544267
151500,0.011086323965054363
151504,0.014032789758365463
151516,0.016274216271754204
151519,0.02252594759251434
151528,0.10833844268226818
151529,0.053795750071931804
151539,0.3737060812638236
151540,0.05450608207645448
151556,0.29559124885801136
151558,0.012266447843026438
151559,0.042330486980155416
151581,0.024091619409043037
151586,0.13974717254923197
151589,0.1798168704435791
151603,0.14346986084999525
151604,0.027566633438034366
151610,0.040277530320935964
151637,0.05575377663346544
151652,0.1469391099481227
151654,0.011227721667030167
151667,0.07488337286898464
151668,0.29742520596617683
151669,0.016296518453595636
151678,0.016307475577456418
151697,0.06932011478010525
151706,0.04274923526183304
151729,0.020468761098070394
151730,0.12329185631879624
151737,0.011519659864270126
151744,0.10510924703162468
151756,0.08715206306814557
151785,0.02176670917222371
151800,0.0290647782462623
151801,0.01047835660931219
151821,0.11505205748567662
151822,0.1435978753851803
151834,0.03789290737582553
151845,0.04633557567121086
151846,0.026370217843716265
151847,0.1099571624559104
151848,0.12885277817407612
151859,0.04596345072334694
151872,0.19201167312815742
151875,0.09092879365934613
151883,0.016683998701550344
151888,0.07144213825161927
151895,0.028731710969674123
151896,0.011020927878927207
151900,0.05154534126579139
151913,0.014625350350849586
151920,0.026670611133961342
151928,0.11969454885776173
151933,0.0725822158512435
151934,0.045148168034795835
151948,0.19217015090386574
151951,0.010515792982372662
151963,0.02625201495035127
151964,0.009696804630717622
151965,0.010910869604031724
151966,0.017539303529765057
151974,0.04854068253415735
151975,0.28975528582112353
151978,0.0317782436155617
151982,0.0817590981306874
151993,0.03278964813700643
152002,0.011322854301388147
152005,0.0854184755570871
152017,0.06710669993276422
152020,0.14810299092069223
152039,0.05737801751885428
152047,0.08772927054834936
152064,0.05623694721417356
152071,0.0874729077367362
152076,0.03920191204939713
152088,0.015288189684566189
152091,0.01895146597155491
152093,0.022025800378220932
152100,0.10308688740983743
152107,0.022428039760451917
152115,0.014600928798290983
152119,0.00988783944604638
152123,0.022888016461816523
152129,0.07298425770463833
152140,0.2752689482391081
152141,0.027688686551936202
152142,0.0708063800941028
152148,0.0506655962972539
152170,0.021820478797592607
152171,0.031052133068860694
152176,0.01966594443130455
152186,0.07450310796402258
152192,0.24017757258708117
152204,0.055664690078063704
152215,0.01117379378522421
152220,0.08437042732006325
152230,0.015293332234878724
152256,0.07443803023691711
152265,0.12800889261257636
152266,0.2362572587324428
152268,0.01579978072909349
152272,0.09769224341217561
152286,0.013494691666216302
152299,0.02204586860942442
152305,0.06308406252208362
152324,0.0494011500906657
152329,0.06629418421149194
152355,0.029505595431327147
152356,0.010254968927449428
152365,0.11080605700571364
152369,0.19110288185152552
152373,0.02522698337164238
152374,0.15260764142228972
152383,0.09077153568565129
152395,0.14306333312818548
152403,0.14176115280442347
152404,0.07920818283125122
152406,0.024421187409500927
152425,0.02909125237343511
152437,0.0335581048948745
152438,0.08047517273785906
152442,0.3060300871371123
152460,0.12716078920634977
152461,0.0270148886391045
152462,0.02025441402162833
152472,0.0787508636139981
152473,0.05809655367897363
152477,0.023030621972930626
152506,0.05037681651849557
152522,0.022220668143495464
152530,0.037306538330488616
152535,0.014730895427232712
152543,0.011047922937450674
152548,0.03844858996557083
152556,0.04451035065319116
152562,0.039423286373314534
152563,0.10375313734729955
152565,0.04036226587814873
152591,0.024402879981366025
152593,0.03913289410759817
152612,0.04650671449899181
152619,0.056982741885629226
152627,0.047163408560008495
152628,0.03718670706438601
152632,0.25097290650727905
152638,0.1055364828876326
152646,0.09188363292686534
152662,0.20138759210424034
152679,0.1262912323079334
152680,0.026225019974348125
152699,0.15068335556275805
152703,0.03616527984456138
152717,0.21218551990392606
152720,0.10282131247823834
152721,0.04683056839853785
152735,0.025503947515374402
152736,0.010310380335976825
152739,0.19702467364128803
152755,0.0138427367401552
152769,0.011037274407828281
152785,0.09751184004133534
152788,0.02711702888281861
152791,0.02106257134966335
152808,0.078544364983929
152815,0.01367768799339301
152816,0.2188057782308682
152817,0.021026804255064844
152818,0.03351615884512541
152819,0.21643500950553912
152820,0.036389281535562444
152823,0.07173081797496232
152831,0.03929860414096395
152832,0.21357444445181661
152833,0.10561517128725506
152835,0.03953180237910215
152838,0.02454489001567765
152846,0.019957193479651567
152862,0.20204826074865695
152864,0.013867621780587855
152865,0.040912869478353424
152871,0.01053076549830728
152874,0.019465219659517446
152875,0.010558404518188881
152876,0.349553285255709
152877,0.4935707690831793
152881,0.21804297263671096
152892,0.015083535500647793
152908,0.22287940205014567
152909,0.032163943816093596
152915,0.022267496495032287
152916,0.31026806111107963
152923,0.024549452743160404
152932,0.036734850017307544
152934,0.016319740288348532
152936,0.023449147786492576
152948,0.01840339483038406
152951,0.0630447488445183
152956,0.0393746461386847
152963,0.05564152515129341
152964,0.4996266863812443
152978,0.12119093166939536
152980,0.12917401309891977
152986,0.1054432560741592
153001,0.0922167940338911
153002,0.0421917671187023
153007,0.029930662137664387
153009,0.021406174732887355
153017,0.05212858343567458
153018,0.13813640093815727
153022,0.2061632182152832
153027,0.33400894175837237
153032,0.035744756143617246
153033,0.09364802245034914
153034,0.042319387839032774
153037,0.06652960232402921
153051,0.4631406354985977
153052,0.046777904223473984
153057,0.009780336572039604
153067,0.17929205627952643
153084,0.03718670706438601
153088,0.112688378119181
153089,0.021762227440342084
153093,0.023570428545270312
153094,0.0974442991971181
153095,0.13520805507669728
153105,0.0821128933323546
153108,0.19520197139963222
153110,0.072906428051603
153119,0.20337715833512277
153135,0.01406417107048311
153139,0.025652427943474526
153146,0.06332670384805286
153154,0.10364908786317986
153185,0.024847003862701823
153195,0.12596972401938705
153196,0.010521512667889709
153198,0.015936300041185594
153202,0.009412067822255694
153203,0.01394266013067096
153209,0.04078725066126028
153223,0.10187216114634708
153224,0.048634495754025675
153227,0.04599066374654664
153230,0.0621467191666354
153233,0.09240724082811361
153234,0.011117686103626297
153235,0.19403886326142206
153243,0.2102674484005846
153263,0.06767233003036074
153269,0.06099015506377603
153272,0.02094175655720344
153276,0.16291027519537743
153279,0.05931892646485939
153291,0.1315523678106517
153311,0.047207154420489554
153328,0.27170558750815627
153330,0.09535454574535628
153341,0.18850535970358118
153345,0.055425105148612805
153393,0.028164936451029476
153394,0.1102717553032628
153395,0.060867298074096035
153420,0.12179753249860456
153428,0.07957924399435835
153432,0.04387717954432848
153449,0.03609143000989069
153458,0.4687484857475527
153459,0.013525343007226142
153472,0.0981234198120356
153475,0.009446872076886523
153479,0.11972039654958544
153480,0.09898593389103386
153490,0.06806854857337222
153491,0.030031816733949564
153501,0.021593755936789184
153502,0.038029516597986965
153507,0.0755268881312299
153513,0.19694578013599312
153514,0.09299566662138899
153519,0.20372381319302924
153520,0.009364902613584854
153556,0.054214177370476714
153577,0.03962984767895829
153582,0.2747293178572173
153594,0.11406454190081505
153595,0.034710064691393136
153598,0.2808844818937581
153601,0.02273141903078238
153625,0.028724915588899985
153641,0.01175389430265673
153654,0.03655969751720387
153676,0.04222900418298915
153681,0.009145948881610244
153704,0.06909170904359886
153706,0.056099104575615434
153710,0.13076368104565816
153720,0.06190896636031642
153734,0.19691281825334989
153738,0.048265542513405806
153743,0.04394072984739901
153748,0.04900436383602773
153756,0.20538422784402618
153757,0.032094389582415526
153759,0.02985962807500806
153764,0.1269058515667959
153782,0.012554002250635557
153796,0.2795432665127301
153802,0.30050013245827184
153809,0.3782674526057236
153810,0.009254483271318555
153817,0.2552960909227991
153821,0.017230420455310844
153823,0.016857463015346193
153830,0.04901586002101739
153834,0.028600541840893216
153839,0.046112244184069937
153842,0.09324057453172423
153847,0.24777528758660788
153855,0.03061753282756094
153873,0.009628838123846078
153875,0.0735636470696056
153882,0.05979660213758535
153884,0.014862502709081552
153885,0.18553635691364836
153886,0.028608907103981118
153890,0.030006430135886376
153892,0.014332182671457652
153897,0.03389795251414473
153898,0.05164900636945939
153901,0.05285693648801637
153924,0.04977651511630147
153928,0.045748726606196145
153929,0.13249136035923229
153949,0.010812354065203072
153979,0.04717245583630892
153980,0.015532901072197014
153981,0.032397328629294106
154010,0.22246927367123734
154015,0.024402810142355347
154039,0.14401535834774698
154043,0.009238756072418235
154044,0.07292432945394353
154046,0.052735947835234054
154047,0.027811513922777302
154058,0.029885384815076438
154060,0.03863215658341852
154065,0.28016266695703107
154083,0.07880101540045228
154100,0.07451949462649896
154108,0.1003098758727787
154120,0.19661828283930347
154121,0.04542510372886174
154122,0.05331688025004955
154128,0.0974238589215987
154137,0.041126526697426974
154143,0.12998804985912157
154151,0.11929670144489435
154158,0.01954960241994947
154176,0.011837148848438558
154184,0.08448707021805518
154191,0.04514174399278343
154215,0.14796905188347478
154216,0.040260904474046115
154220,0.020470696374409066
154222,0.3341733877993055
154227,0.05936503288140692
154241,0.010706293231758996
154243,0.04797045173840482
154244,0.05486471817786389
154254,0.020295741815516292
154264,0.03981437605953708
154265,0.1279072838868009
154268,0.10920174269585244
154269,0.015124238143339491
154299,0.009353041552988228
154307,0.07476708719449353
154315,0.1281061590793695
154325,0.05653211475690939
154327,0.04415346638156228
154332,0.09303011302393244
154346,0.015760259227132988
154347,0.026346989101748985
154353,0.31905305239573134
154369,0.02509701234784607
154376,0.02176670917222371
154377,0.16584120134599645
154379,0.08997543944425339
154389,0.01128523964394626
154402,0.052480282079589435
154403,0.058740911081926195
154416,0.014308923349556921
154428,0.046013526540654784
154430,0.012179421111025771
154442,0.31241559446526723
154447,0.02508454957112157
154468,0.009443927319897185
154470,0.017472775580368693
154473,0.09821582115620209
154480,0.03342290413344664
154486,0.04638166717445489
154500,0.04719776237761674
154507,0.16015131963576276
154529,0.00899671800403247
154549,0.009504540001181751
154557,0.018759929742296143
154571,0.08235348783057873
154578,0.022635635021172513
154580,0.02970429786054085
154591,0.04369342056494678
154611,0.31396296447939637
154623,0.010812354065203072
154650,0.047629507245038866
154655,0.20788268935690785
154659,0.04983140588520948
154680,0.08629523571449008
154681,0.011513414623601085
154690,0.10958424213972758
154711,0.06904915770237238
154712,0.02634847863536855
154722,0.009528380837345814
154731,0.022238750754569325
154747,0.13018225804561373
154749,0.08431395331130791
154750,0.09478686576991392
154760,0.09455896833866634
154763,0.040133143228368924
154786,0.11436711896224498
154788,0.07095592418682813
154792,0.08025900326627994
154807,0.3961783401717979
154812,0.015237756549288172
154818,0.24852139451577893
154819,0.08909310889626407
154824,0.17104259618965104
154839,0.09912094779825785
154840,0.010548105935612569
154843,0.012342283744993103
154847,0.12914885828710737
154849,0.14193954861820637
154850,0.009160776923452357
154851,0.036804486723807574
154853,0.1119272397125283
154858,0.019928107531140694
154868,0.3474404192977063
154871,0.017969917575772536
154877,0.019815039411765677
154916,0.0182986114983058
154920,0.012974495490192703
154922,0.1472634121593172
154924,0.03878018766674221
154933,0.13578417743108176
154942,0.3234830244007614
154955,0.04450745929812187
154957,0.29078869642993166
154966,0.024407657791913128
154971,0.019254082725040277
154972,0.025177391318255093
154973,0.04637391796847802
154974,0.013074037558009807
154979,0.04228627654221324
154982,0.07466922494616945
154990,0.24728859944682755
154991,0.021355847960076557
154994,0.12727397629461257
154995,0.04603252571623498
155009,0.01437833086095954
155014,0.014990343027871491
155017,0.0151977626027319
155018,0.026038520941378717
155019,0.01553986199137406
155020,0.013583814822044784
155027,0.021660347173968225
155034,0.12908236533220369
155047,0.03148417593547043
155049,0.1447548942973674
155052,0.10129984092899488
155053,0.029443926212267768
155059,0.07665388613476747
155060,0.2645677511082993
155069,0.016179593047847544
155077,0.20420009981302326
155078,0.07342357260493233
155086,0.04376027589287284
155088,0.04822991909506983
155094,0.04417185125852204
155099,0.024023977944100373
155100,0.06494642498190127
155116,0.039409147527421765
155117,0.12923151094091415
155119,0.040759490007524095
155120,0.013145177046507509
155133,0.11802349750829602
155135,0.310393527110302
155141,0.17426030108202134
155144,0.012408036472948917
155145,0.041146701318005977
155174,0.05785719660432083
155194,0.10921132570660812
155196,0.019547418375377802
155204,0.03510782383153059
155232,0.211080151645126
155240,0.02978966200845292
155246,0.04844831957627656
155254,0.013646169134442263
155267,0.01393820016347028
155273,0.031517839318358234
155274,0.03712738599028147
155283,0.07502920317340304
155296,0.30125052162205623
155312,0.02776208856898052
155318,0.011149933065099812
155322,0.07546317787843865
155323,0.1083036538365858
155329,0.15297326249014334
155342,0.011165901662917022
155346,0.3042153287098457
155366,0.13355417609736606
155369,0.05747596900005007
155372,0.13639121806584004
155378,0.027037613246102172
155382,0.03755446137159202
155390,0.04114851984573979
155401,0.13165613348956412
155428,0.04382339970968263
155443,0.07790151663458646
155445,0.04049448943466548
155450,0.023693340878484848
155452,0.07768113370131144
155453,0.009872321741464027
155480,0.1173844394566711
155482,0.018376679118697014
155484,0.1315749876388005
155485,0.0796797390926558
155496,0.13514597714031068
155497,0.10084620686060204
155531,0.013080849315458462
155541,0.013015939324855855
155547,0.09278397945110534
155550,0.08344086777052181
155551,0.06347370479452394
155565,0.1495767183849111
155567,0.02531782529219529
155569,0.11215842523797892
155573,0.02086102617664633
155575,0.07288039507065469
155581,0.019557097211164023
155591,0.05112638110767207
155593,0.25220241389639286
155594,0.03418494828762343
155610,0.3325145512606042
155623,0.053627055968587425
155624,0.09455772655152003
155629,0.01205762470911913
155638,0.04783346904157893
155650,0.08492002923427494
155652,0.10017587991780422
155687,0.06308851503113813
155697,0.16650661459854907
155715,0.22747219874537442
155718,0.06299095244996207
155719,0.014914893141322744
155723,0.11354769733337533
155730,0.0970314558234483
155731,0.05464099223050249
155737,0.22983234983487505
155738,0.03996165173394724
155740,0.041209859539084605
155742,0.022912945640240035
155755,0.017958307354337462
155766,0.11374298594535599
155768,0.021723431511445866
155771,0.08594296146931765
155803,0.03749465207954876
155808,0.01147568090119638
155809,0.04182423736780038
155812,0.018846106732695874
155820,0.12582524305564102
155832,0.12725081969972396
155841,0.06188348033100851
155847,0.29478025911385686
155848,0.031987756992839775
155855,0.07444129647979017
155886,0.09077779603716946
155893,0.08936323537371389
155905,0.0507192597647967
155910,0.12268543806275685
155912,0.010113438233723144
155919,0.21783700671763134
155921,0.032103353680267385
155937,0.029656595303506526
155939,0.07845962339053061
155950,0.05782227200225019
155987,0.0991117013758272
155988,0.04535567054703485
156005,0.02672512776533196
156006,0.011068687449423228
156010,0.039470730982403515
156018,0.04384540022264149
156021,0.18966472684408725
156026,0.047893609173640786
156030,0.045546347700069816
156033,0.009573393533274792
156038,0.06818968540909878
156041,0.10268992870118962
156049,0.04552690730849376
156050,0.010707136035781885
156068,0.04252971939320385
156069,0.22240340825002763
156087,0.013489182687031878
156088,0.08501965106167085
156095,0.06513566456553152
156104,0.1314567287263558
156107,0.023699925668392647
156108,0.05654915665557082
156111,0.06412031007868157
156119,0.01272779844013519
156123,0.03195498170149505
156140,0.33625371703234175
156149,0.01886335657671357
156161,0.014246268723756455
156180,0.31817199468467483
156186,0.06447114713502457
156189,0.1600485757332908
156194,0.017578221482063047
156200,0.015844085369740173
156213,0.5506439906725981
156214,0.05348554526861961
156228,0.016669357209888803
156234,0.023138268064336935
156236,0.07993125110671959
156243,0.0482462856737572
156256,0.04701911468123601
156268,0.014852840058505049
156269,0.01512207027174856
156270,0.0473421354121036
156274,0.13247975895388803
156290,0.0333322592402066
156291,0.0154558989017247
156292,0.053372402385428154
156298,0.07101535314807489
156301,0.11979797506465246
156302,0.20055172897630474
156309,0.033649811481572596
156355,0.029119663897201338
156365,0.026337401735720467
156367,0.18073407181401158
156372,0.00921458899420049
156376,0.050566587344854676
156377,0.06771518920217831
156389,0.03648182275478385
156400,0.1207409545210862
156404,0.2921806605485181
156405,0.022345243002605087
156426,0.07349123568379387
156427,0.016331397924861296
156429,0.06565301815893358
156430,0.038574284269163095
156431,0.04908116013327103
156432,0.11719862316248382
156449,0.07830318988644026
156463,0.027630156553822643
156464,0.033468729670071744
156478,0.013574864932194914
156492,0.074383928615231
156508,0.11495573956359754
156509,0.02241791530918323
156517,0.11246252303573778
156526,0.05022504888366073
156527,0.01678196751666566
156538,0.2282971253608696
156542,0.04097850037775155
156543,0.05910356396760062
156555,0.01644724078312148
156556,0.12620807059081357
156561,0.07182135372840473
156563,0.016623065349514077
156564,0.04854068253415735
156567,0.009153654900766674
156570,0.026944450300200956
156581,0.09862992084004046
156594,0.0579119040834022
156597,0.04442582587915419
156600,0.07965686117988464
156601,0.015247176203187768
156627,0.06600119283647402
156629,0.1147363591925987
156642,0.014890124212597772
156644,0.03641014096559725
156663,0.010023820189657553
156674,0.01876004955735274
156688,0.010195437171184247
156696,0.06220369130631796
156707,0.009517285851676879
156723,0.11108895415562565
156728,0.07694571056395076
156731,0.05835054595684362
156732,0.03990852444996099
156733,0.05877326017427873
156768,0.12619473308944942
156773,0.06771113412148948
156782,0.12893051528185137
156815,0.046870167794078044
156837,0.018364190165128656
156854,0.10819232344870851
156861,0.2980634430522237
156862,0.009962118556950793
156878,0.21836020747673301
156903,0.104069210716293
156910,0.018805153927077253
156925,0.04932273491367319
156933,0.02878016328938967
156952,0.0801874707744327
156953,0.11604531779328311
156963,0.3158980380811203
156965,0.2384879920155425
156989,0.025561989358148185
156994,0.044032541097891266
156996,0.028396196174438042
157005,0.038015843237707944
157011,0.01175922259742334
157046,0.06281790990537765
157058,0.03973608664691453
157061,0.22356821806201782
157065,0.06219348077679154
157066,0.07478937774797517
157067,0.10140595367666741
157090,0.1222098393291384
157091,0.06924994969924217
157096,0.014323535738491905
157101,0.3195130378855849
157104,0.0405515231065527
157109,0.026537868439868863
157116,0.08543800291097822
157120,0.4188988430128148
157121,0.044233442526227025
157124,0.17715213607754907
157125,0.02756625932817882
157132,0.2180156738785457
157153,0.08619564366227488
157157,0.2170534266397338
157159,0.11766755272184433
157168,0.04767303245577066
157189,0.03590459667024947
157195,0.02892293047708505
157203,0.04114798730311384
157210,0.1393204735097326
157212,0.033174052182296285
157220,0.028369270329794027
157239,0.091845107110622
157241,0.06021305292866495
157246,0.04080572507786147
157247,0.1580420260007543
157252,0.023079408894758558
157253,0.4637132210223259
157265,0.022365188269384946
157291,0.09728375959786192
157292,0.029774627826137413
157301,0.07447426414631561
157306,0.1380966674289078
157312,0.353239993486597
157314,0.067751578074395
157332,0.03715997964240603
157333,0.05308765534448938
157337,0.09214356248627611
157345,0.0674916287829623
157347,0.07692830317370834
157363,0.2281169268010462
157376,0.011142380366518557
157382,0.04062899493227566
157397,0.009804177408203666
157409,0.016502424563017905
157411,0.009712007983285701
157422,0.021682499888889695
157428,0.043422889634502075
157434,0.2040802648505639
157442,0.027595997467122973
157446,0.0177082398311862
157456,0.015961481152397018
157465,0.026412604729616478
157469,0.035325844844875366
157482,0.05612294000376237
157497,0.02368312325795094
157507,0.0168053236918256
157510,0.06959555502169498
157515,0.009158043715051568
157529,0.03032634950607478
157530,0.12559271570816194
157541,0.1678068662521202
157546,0.13563179352433358
157553,0.07792298044920719
157554,0.04423682324944037
157562,0.21041250704755932
157565,0.08733348908007883
157566,0.1137405363026656
157571,0.012968045874392506
157572,0.01913792840344618
157574,0.011575770675642569
157575,0.03806865213028736
157581,0.22574691731092705
157590,0.29546307319292053
157604,0.012816907544653552
157611,0.14853217273587083
157617,0.1809092056752412
157620,0.035904740907918634
157623,0.1307316386303034
157651,0.06776869545178896
157653,0.042564971587911685
157664,0.11541257513083784
157690,0.05275470511883825
157704,0.08236580461234519
157712,0.08611124234296733
157722,0.15411386119386042
157727,0.03028406312916198
157764,0.009800761461464556
157765,0.22364109638899027
157775,0.01591144393338914
157777,0.13215012022424188
157789,0.09725196988848671
157802,0.17395880125752744
157803,0.022227366858893347
157804,0.014113131941800949
157805,0.1228709194909507
157822,0.08755282786020822
157823,0.018329137481525846
157827,0.03841162622885437
157836,0.025846830322527575
157839,0.013110874461773026
157847,0.054592452326398956
157859,0.02613205396732802
157864,0.022366835731741176
157866,0.3133227422749433
157877,0.19510143463655022
157886,0.034653625767347734
157892,0.09072686416220642
157903,0.01628688696778546
157913,0.1424593784425973
157919,0.020339203926904005
157920,0.0901654081607681
157923,0.043844879221178336
157926,0.029299748901314183
157927,0.11811405501359232
157948,0.023852304267913793
157949,0.09589066454254531
157952,0.02956438279809202
157955,0.4092362783220852
157958,0.1624172295722497
157960,0.03443098048724712
157966,0.0736757367006818
157970,0.03252454704040097
157979,0.022365188269384946
157980,0.09945866429981302
157985,0.009158043715051568
157997,0.09151587407681475
157998,0.09650197786030514
158002,0.07190223346703103
158004,0.04383481743410189
158005,0.12238571974059217
158007,0.02407392406774983
158008,0.018096982629037386
158015,0.023233454187128418
158033,0.08085145630540072
158036,0.038080019597642574
158041,0.06474078809889323
158044,0.02370531111448687
158049,0.2040321298231173
158061,0.022549175322922423
158078,0.013928194781056353
158099,0.0145937358757629
158100,0.05515887586857969
158102,0.0728674088549511
158107,0.06710999002641996
158114,0.07934105646767861
158127,0.27167027681934797
158128,0.12396838405623138
158142,0.05923848358787517
158145,0.1845592772186834
158146,0.1731572764941199
158167,0.010615219015755909
158176,0.08192122058708269
158184,0.012971316640329463
158197,0.02562341289946783
158201,0.07999430672485126
158202,0.10611259376234135
158205,0.06481511831835271
158208,0.19396896049653173
158211,0.08950354320827933
158215,0.055941275173067774
158218,0.0560566035411868
158221,0.41908266353614315
158223,0.09491207759957149
158230,0.014265189821214677
158234,0.029968314735432454
158235,0.01798302155227629
158245,0.10946697792726565
158254,0.06064757240906706
158267,0.04131611932967789
158277,0.012572119943239455
158283,0.05173400320511683
158289,0.20268884962672234
158290,0.03613269926234049
158298,0.01884267407578745
158307,0.009621856226895133
158332,0.10375452791169808
158336,0.020465513411025798
158342,0.02273141903078238
158344,0.04176002823252868
158347,0.14088687793126406
158352,0.010500748155917155
158354,0.12993279486364692
158355,0.024788680411053303
158357,0.017720953270150715
158365,0.01166809155813926
158366,0.010881762756196194
158367,0.04147386056708542
158368,0.3871596669419621
158384,0.08067124668301859
158388,0.010910869604031724
158395,0.17323003192164052
158413,0.12100420505518403
158425,0.059825703760211756
158426,0.10204534226884354
158432,0.010653323965033752
158444,0.04284730414710654
158453,0.018776958494399858
158454,0.09598155762228998
158459,0.02231789469078575
158462,0.020611962263868168
158468,0.08465757446128763
158469,0.06274067429648626
158470,0.037017467844102016
158483,0.08610332976217107
158485,0.0333026053588395
158490,0.18208938447805817
158494,0.03958882041327142
158500,0.039266345054585164
158503,0.026420190929113224
158504,0.010632559453061198
158519,0.05462981042723507
158523,0.026965313242525775
158527,0.025929597323565028
158533,0.02446709811236068
158535,0.017803127875820335
158539,0.06651540615799811
158544,0.13192434415341678
158547,0.02367299606871854
158551,0.0910983377747525
158552,0.00899671800403247
158560,0.019772936971595927
158616,0.3785617608833025
158638,0.04447485913395366
158642,0.012179421111025771
158651,0.014148427083349744
158653,0.012975705454614355
158677,0.014725049094566492
158683,0.02544668169286233
158687,0.03551049787034942
158693,0.04272984298076568
158700,0.037165227552890305
158703,0.046224281806275455
158705,0.13586549805157774
158706,0.04145210510831356
158708,0.010943095755008257
158712,0.046389418897241644
158714,0.139663845769084
158715,0.055176135784288226
158752,0.029086747119938593
158753,0.03857361120758786
158763,0.03005136029643913
158764,0.027853976608439322
158767,0.19659816877640496
158770,0.009608073611873524
158781,0.03142202393510625
158789,0.10218714640849176
158790,0.010451932467688888
158791,0.4178465765935259
158795,0.17514182692399122
158796,0.02476554735887902
158800,0.05135108970732507
158806,0.04009948806900412
158807,0.18664063495139105
158815,0.09654778357770813
158824,0.024217213917544084
158828,0.133810980910324
158831,0.36287358899704214
158840,0.05844932439581667
158841,0.012696564193954638
158847,0.0504274651317662
158856,0.046718302577628504
158858,0.11054710735216351
158884,0.037875011783088504
158885,0.01787361343630008
158891,0.11855589935874171
158898,0.023782031199600883
158911,0.035140540398841805
158913,0.010500748155917155
158918,0.047928124700867866
158926,0.04375345315146245
158929,0.06465116932586551
158939,0.09194888249729022
158940,0.0592456273715581
158952,0.08005737272515272
158963,0.01675983147809513
158973,0.029424723684459208
158977,0.09860292712519415
158988,0.1165928510689173
159013,0.2284815985673312
159016,0.05936436225578952
159018,0.01103498990030723
159024,0.3452038018571042
159034,0.06280117068323474
159035,0.10135952712472966
159039,0.09700737030130213
159049,0.08634145380088358
159056,0.10423906619571643
159068,0.043991651574226756
159078,0.08538321533386414
159099,0.029588453971263928
159103,0.10733982290250779
159106,0.21181152377369647
159113,0.02746598439966665
159117,0.041907537005486856
159124,0.2352458455403193
159132,0.059596034370293
159139,0.041099072372806925
159142,0.03672743660179273
159145,0.06229757136598163
159147,0.022967224679139225
159174,0.014218317709070718
159201,0.09255149266956433
159203,0.02047790451677877
159212,0.20925370456531228
159214,0.06096360181053366
159221,0.06672523541875004
159240,0.03761432860877659
159241,0.04456428380337363
159242,0.04223472100254489
159244,0.07523468630177008
159250,0.09840273166739452
159275,0.028688889854208532
159284,0.07830318988644026
159293,0.05435633147405833
159295,0.01292200771283262
159301,0.021763268310492117
159310,0.061938560990163205
159314,0.062478368762371526
159318,0.012735031045969444
159333,0.02033249751646749
159334,0.02737269288410394
159335,0.095663286862414
159337,0.2013540626412449
159338,0.06362172522308217
159340,0.1410181149007975
159361,0.02069290342140851
159384,0.1618628510215707
159402,0.07885416214733854
159421,0.016065670722655332
159424,0.17467729949760186
159425,0.008975953492059914
159426,0.06233974590198722
159439,0.09608365636219694
159445,0.029938893374180216
159449,0.018929614636526877
159460,0.15412171678110362
159475,0.0629524311388877
159481,0.05986474301736333
159483,0.06897602073174436
159494,0.017455155396427717
159504,0.017892791212961907
159512,0.19110728975820218
159522,0.193577019404853
159524,0.04943884122432522
159526,0.026132885736498516
159528,0.02564114548033929
159547,0.1966849216028253
159555,0.013990231513410504
159562,0.04185788740525309
159563,0.011165901662917022
159565,0.17951171291600448
159569,0.10202005907308451
159578,0.03230795525424642
159579,0.1932150247735083
159581,0.014546409429211801
159594,0.03646525804672211
159598,0.010780104747391713
159604,0.04496446664461121
159605,0.035937071279283764
159620,0.11856207187747844
159631,0.048418108023211746
159633,0.024501797078184652
159659,0.0496925488348078
159661,0.2307727897510723
159667,0.025786387279195418
159669,0.03452839623553997
159682,0.13306922390165113
159683,0.052445489217259035
159693,0.04573539328500688
159698,0.015494021653460852
159702,0.1823007459825094
159703,0.03707163109046887
159707,0.014125277899048558
159716,0.03886237197383498
159732,0.025160578962133123
159734,0.05453985326228798
159740,0.07228051202593759
159748,0.04420150003249036
159751,0.06980605492947006
159756,0.0933274478857796
159758,0.30254361189779944
159767,0.07825844640664442
159769,0.2692010213993009
159775,0.11002144813993966
159802,0.030615711433448344
159804,0.06044102379014192
159817,0.05457267744225462
159818,0.008891499974611285
159824,0.012342283744993103
159837,0.009804177408203666
159840,0.05502080284014684
159842,0.15692994924206674
159851,0.01533814091162727
159865,0.22153183067388857
159866,0.11607403589795502
159872,0.05707624231655571
159874,0.022428039760451917
159879,0.02643577550225868
159883,0.025083100751585735
159884,0.04173293719869814
159898,0.3014126243890316
159903,0.059175267676741736
159906,0.09125822410163625
159914,0.12344925641195344
159915,0.130683881333626
159917,0.01810448314244375
159929,0.07632817419455204
159949,0.17875939094999574
159951,0.04426381138687912
159953,0.03870053814831381
159957,0.12267264533898188
159968,0.0714232205033728
159972,0.056507624887141485
159973,0.0823129476307033
159993,0.06130901691476387
160008,0.21172679089060656
160011,0.0770478558294847
160013,0.08167616034808053
160015,0.04417726225868043
160017,0.010653323965033752
160023,0.103007041179631
160028,0.21547899049217972
160035,0.08059576758751232
160074,0.20734256013778435
160076,0.028884660446671945
160077,0.037711656399362914
160080,0.07581263039192412
160084,0.12042428351947461
160089,0.49255131425098597
160094,0.015568467747599967
160101,0.012271560361032375
160103,0.03008156690635212
160111,0.07244262772860403
160114,0.04854068253415735
160116,0.01609731898265235
160119,0.12933993919214998
160123,0.024028386468412554
160141,0.03474339100157942
160147,0.01816721210439929
160151,0.021814229405328962
160172,0.23259008050514432
160173,0.010431339464924031
160177,0.1590000085148614
160178,0.07809459757562147
160180,0.017679199509561837
160181,0.035658152005892264
160188,0.02290088394789467
160189,0.009490385565058341
160193,0.029292223062456536
160205,0.02742045087610188
160214,0.08553159066553559
160215,0.09500048371717006
160217,0.04348234266367164
160262,0.02050525791820302
160263,0.030400150241917744
160273,0.06377818154622729
160282,0.22766673262149584
160295,0.25813305217471905
160297,0.03569311838135382
160303,0.016509337559407547
160305,0.04636233461441459
160309,0.01895146597155491
160324,0.04048966995485877
160338,0.14429903582599732
160366,0.04413834804149301
160375,0.033604602691127874
160381,0.0145566069066116
160398,0.016422558670264334
160400,0.028034014568054533
160406,0.09437449368322934
160410,0.02380497652026811
160411,0.011733167423831778
160418,0.042509483300049805
160440,0.009574839082506972
160441,0.05040460359940726
160450,0.3755716469905622
160465,0.06969173909891115
160470,0.07391018855291864
160471,0.06992794016295731
160472,0.40977736571973356
160479,0.08238518850681081
160490,0.02250126227443893
160500,0.13523713778952534
160503,0.010780026936416241
160504,0.04826088775866656
160515,0.05487816878910241
160541,0.1275084900286116
160545,0.05601846778610786
160562,0.043767437772537374
160589,0.021654196891721832
160594,0.02260276837768463
160595,0.023585963644672497
160598,0.0578208792761272
160601,0.01687595109468216
160605,0.18608750375557626
160606,0.04379669801822077
160607,0.01433888678678875
160608,0.18973482526481514
160610,0.03821720655079871
160614,0.11349685715184606
160615,0.02018740001880806
160626,0.020106545878346087
160634,0.010938706940723365
160656,0.013151594168879063
160660,0.03014885040625543
160666,0.12489655740983026
160672,0.08098310978543127
160673,0.025735773132117057
160674,0.024321834015263527
160681,0.040702197250820665
160683,0.14693216244014148
160694,0.015335711832586755
160710,0.07776755604873646
160715,0.15897069589516702
160719,0.10356207329903652
160732,0.07372702883136492
160734,0.010140963780779288
160737,0.1381481628322924
160742,0.052747118610962006
160747,0.010727141468831327
160749,0.17613005617011304
160753,0.04686270512786143
160756,0.09289208850742603
160757,0.08458380840755429
160763,0.011452087942554933
160782,0.029036810397736423
160789,0.034221364803425275
160804,0.024029293611446408
160805,0.10629919906605412
160813,0.04605574236758193
160815,0.011416740575473252
160819,0.015184465337260932
160820,0.04823488194035682
160822,0.04592406588642986
160823,0.10645162428560169
160837,0.10296212348162129
160841,0.03441682636735392
160847,0.09770512646859825
160861,0.0535006133047482
160886,0.03147981034849307
160891,0.05086124717246761
160897,0.02853872724771857
160914,0.052008085212041776
160915,0.25514617963660025
160929,0.10701585262212772
160930,0.008615703403753432
160931,0.015589304719193514
160935,0.1153655230915229
160939,0.028441317714598936
160953,0.017069433275164476
160954,0.027580878146392356
160962,0.05630120506533855
160966,0.011217773180316047
160982,0.04485625700967906
160983,0.03995543314740665
160991,0.014383359933100475
160998,0.041245826682470565
161009,0.119790523605994
161014,0.020926875397684532
161017,0.13914025381215672
161021,0.027814467747837284
161023,0.03485654055224244
161027,0.027565976773492228
161028,0.08372574093173278
161030,0.2844977976326307
161031,0.010852720647274963
161033,0.0478908865830693
161050,0.0765764545102404
161053,0.03734902047394663
161054,0.08504194653590005
161055,0.013917232542261609
161059,0.04156577468558984
161061,0.044145722019693176
161065,0.06731235007899145
161069,0.02533997245225301
161072,0.038067106018313514
161073,0.01352638439423844
161080,0.17092134637836293
161083,0.047955188225295764
161104,0.06962534261208632
161111,0.13473908382519958
161139,0.13585661343248917
161149,0.030717072934419814
161158,0.21438632361541274
161171,0.049517236644866326
161175,0.08902225627407598
161201,0.08721573337774911
161202,0.11361368591686868
161205,0.03003705988853837
161228,0.027540868862865893
161233,0.014265767696527432
161234,0.057204707596757054
161237,0.036434426681426824
161238,0.034338970360344015
161250,0.2018164846493872
161251,0.04289772293271405
161253,0.02861867184582965
161254,0.022343305183941176
161283,0.036529380666856556
161291,0.06523334331238864
161297,0.09379828794781465
161300,0.045871102258589855
161314,0.12525372271165935
161315,0.045271539355639295
161336,0.05906488980018891
161341,0.13762168268833735
161343,0.06931676024890551
161351,0.20923326318775928
161352,0.046013526540654784
161353,0.0864582282381668
161361,0.07703034988731627
161366,0.018316043554360454
161368,0.19550349515708676
161378,0.03334326606500649
161379,0.35103968730353013
161380,0.012572119943239455
161398,0.18827903488028935
161408,0.010110983653735618
161432,0.013110874461773026
161439,0.17691849200614787
161461,0.08300144603919606
161467,0.2589693134756608
161468,0.05653355454539295
161471,0.06865804415500396
161477,0.1355667160040587
161503,0.016703106617462868
161514,0.009052825685630383
161524,0.19490223976955984
161527,0.03154407979691976
161528,0.010515792982372662
161531,0.21923560641023182
161536,0.024189787493293164
161537,0.022415958192477225
161548,0.028630087936390897
161558,0.024083817123609037
161572,0.021331016805121145
161586,0.011287934877843787
161605,0.07797458985727497
161606,0.030014458940015486
161607,0.12040540460792204
161618,0.061370763157324225
161640,0.04981429737346904
161658,0.04261158039099568
161660,0.021351932614695812
161661,0.12280857488467614
161662,0.2221323901345345
161677,0.10200586004915849
161681,0.03865095327383429
161682,0.01883622983538127
161683,0.06486272486325298
161685,0.011135026540931585
161686,0.023228042472900234
161687,0.04409818804483363
161691,0.027783083354192245
161701,0.09311319307260395
161707,0.046800133305980166
161709,0.020331053794175095
161710,0.025215845849131297
161711,0.04496888552983657
161714,0.1353774483145739
161742,0.02810128230575288
161751,0.015274384677659097
161764,0.03327635191021112
161771,0.11817353729393494
161781,0.11091437841859086
161782,0.029533039817593355
161800,0.013481466779562546
161810,0.0845871539548299
161812,0.1197209999489582
161813,0.022291473377236186
161816,0.008891499974611285
161838,0.13296124860146302
161841,0.0785462108069131
161845,0.027194324049579683
161871,0.1294544764896231
161877,0.2033580321956839
161882,0.04527453049381021
161885,0.07681371152465453
161886,0.030560295948463878
161895,0.025201428489904237
161897,0.18510771162524453
161914,0.05457347355996869
161921,0.06350985294174337
161922,0.04308377612752391
161927,0.2931578537956297
161946,0.010536557494345218
161952,0.017334395496048094
161954,0.13588697400712793
161955,0.04562866061108272
161961,0.12777747996398886
161977,0.14132921325597284
161980,0.04368825590163218
161989,0.0775955274169586
161993,0.1222474260733536
162002,0.031610030411469925
162011,0.02875743635962878
162012,0.009680057111928157
162015,0.026102490786713367
162016,0.023275170325017146
162019,0.036060058453912136
162021,0.08641376540074032
162022,0.2109266112077924
162023,0.1039866999266158
162025,0.029664913023623767
162028,0.009595603594479528
162029,0.017641105574228107
162030,0.011317282227426824
162031,0.332890900323069
162033,0.10609843699325132
162037,0.010491998254014655
162044,0.08779919925678921
162071,0.05240376630176678
162093,0.07479381976947802
162094,0.03536154005175026
162100,0.014708568419768548
162102,0.11866245213498987
162105,0.01890599317705494
162109,0.1400365623484448
162116,0.07115073708059239
162117,0.015913803498032515
162118,0.20191688653459905
162120,0.07382436966610204
162125,0.026981267174309785
162128,0.21346297602691972
162131,0.26059736211197565
162133,0.08667122759148936
162135,0.12024159375729507
162156,0.0113883883638518
162157,0.04042984602293678
162165,0.08914861317963817
162166,0.01280845308571811
162170,0.09831682170475765
162201,0.019380875045773842
162202,0.03644461507663928
162206,0.0090811715214811
162211,0.04121926728942678
162227,0.01737794085300346
162232,0.020080706061225282
162235,0.07551610555080757
162237,0.2250886387517106
162248,0.024338650057183657
162261,0.07669063294081263
162262,0.018989084091601216
162280,0.04771427576963082
162282,0.01580021294261387
162284,0.036774443736189356
162287,0.14164132706786678
162305,0.037199372910042335
162308,0.027872961687208885
162309,0.020755915010571595
162312,0.03391913479761991
162313,0.024690260825187264
162316,0.034223184980423794
162324,0.06583078358360137
162325,0.11312172849358453
162333,0.016252129214334696
162334,0.04490805603861663
162337,0.050242138410145035
162340,0.026807543824553665
162344,0.15497385779107448
162347,0.03774005227877855
162350,0.05127516381583504
162351,0.11369166065230514
162365,0.06359575289963627
162368,0.028244763110639264
162379,0.07059360628848432
162383,0.03813979454549369
162392,0.07964445834325909
162393,0.049639499700281975
162397,0.08204507477322787
162398,0.1635583934533335
162406,0.11955597449439977
162410,0.0502359205744207
162418,0.009585442290005625
162420,0.08033660997473364
162424,0.12020772425316462
162425,0.021075253318030708
162438,0.11131944315287645
162442,0.012058690751689685
162462,0.020106691800947287
162476,0.01319635382401843
162477,0.018296628064585197
162480,0.02856914738741287
162491,0.0670830955485747
162493,0.04682397469495244
162503,0.024702112822012817
162504,0.021890246963996236
162513,0.03653895265473255
162516,0.33025887468513376
162517,0.021908025615908967
162522,0.12015059413018196
162523,0.04475987159702418
162542,0.11936870847799859
162584,0.3020427761387265
162586,0.05658099593831012
162589,0.04010531261198504
162594,0.036576668171163715
162616,0.014600928798290983
162630,0.09314171704271482
162637,0.05440465791519714
162652,0.021138857289644333
162659,0.20609583063863396
162668,0.010797309238747561
162674,0.018984532638748417
162680,0.05220594501746263
162685,0.34078998666949073
162689,0.16744962330239033
162711,0.050574160173077566
162714,0.021651993964126412
162732,0.013743501484312349
162741,0.019409060474575763
162758,0.12488627584486267
162759,0.035574893592499435
162775,0.12935223772424134
162776,0.01771326494545284
162777,0.014167538489166973
162782,0.020166088653185487
162786,0.01138752408114438
162794,0.09804811987697211
162799,0.016571947086873984
162801,0.11474027832215813
162802,0.11176482329719839
162807,0.0282351999599939
162820,0.026627155865847484
162827,0.010780104747391713
162833,0.036747669289113785
162837,0.0155699235185466
162844,0.10456570004636472
162860,0.018838544385320278
162862,0.01597989799650631
162864,0.11953011502202951
162868,0.045617186812072635
162880,0.030371864718299474
162895,0.22787570058701928
162898,0.15887827005902855
162918,0.12645546295396634
162924,0.06388096571916003
162931,0.07836790013356443
162936,0.02479079142472525
162978,0.09591959171744874
162979,0.035248624661328366
162988,0.04076852800596996
162989,0.09108369025234316
163013,0.17212891417376563
163014,0.01834699025465036
163021,0.033219549012003004
163024,0.010334971798395834
163027,0.013492735545730352
163030,0.02740403959390907
163031,0.03830831984137421
163032,0.019928107531140694
163039,0.06218907894050325
163042,0.015006886579995354
163048,0.04644462083474319
163049,0.009523620094424893
163068,0.06271803144169978
163071,0.038903257951802134
163074,0.14674174295245546
163079,0.05875943392071655
163080,0.010675794950900274
163085,0.06007832026889408
163093,0.034103583691446775
163094,0.32486554506191323
163109,0.07102747059769797
163116,0.03942518204411287
163117,0.0760287337001343
163118,0.0543269709723793
163119,0.19227839158378773
163121,0.02261197369364623
163131,0.03424722561888982
163132,0.07539695400695463
163133,0.1110658131412062
163182,0.12372103718352342
163187,0.05015015148116423
163188,0.20890209557134698
163195,0.010745131308069356
163197,0.015861278749292947
163200,0.009254483271318555
163206,0.3292476045626504
163207,0.04057519448019498
163214,0.13114624339324524
163222,0.01790228661289666
163224,0.05290311373921689
163226,0.17318215422877467
163235,0.05188374852982659
163240,0.042925918216495454
163258,0.08077070993052453
163263,0.032526035550189764
163264,0.2709309531550369
163265,0.1078090074021403
163266,0.050817085825225296
163268,0.12115353563579043
163272,0.017926930977464128
163273,0.16379155766646586
163278,0.18323954265314518
163288,0.009877665039502163
163299,0.11563867303849018
163302,0.11218472060937561
163307,0.04630396986790718
163321,0.06644280367140344
163349,0.07335659642953025
163352,0.1173623676976128
163353,0.13897601225232492
163357,0.36209462319984287
163362,0.01572344015853782
163375,0.06695670493944593
163385,0.02733468821875586
163386,0.13165417070963764
163390,0.07121389511253823
163408,0.16076563982826655
163423,0.03596916804907309
163426,0.1854946205602931
163437,0.31051424360098556
163452,0.024023977944100373
163472,0.08017680190131142
163473,0.016326249223335226
163479,0.014167538489166973
163480,0.03506464145413672
163487,0.06164181453467101
163492,0.12208780888927617
163493,0.05725600063699836
163523,0.16867896657824866
163524,0.055550951649350644
163527,0.08173460132358414
163528,0.10568050674672477
163531,0.010720437045177096
163538,0.08320260531371743
163556,0.012606943245066528
163563,0.3012987772132068
163566,0.12703387299713875
163570,0.015380863017669926
163571,0.026709385192903935
163574,0.02222748108116892
163578,0.021762227440342084
163580,0.09106906170904801
163597,0.10803079125823394
163601,0.058760489716319954
163604,0.1277830623320711
163609,0.028599925050685364
163618,0.06476007986155667
163634,0.1871484532036397
163647,0.0645937820395461
163660,0.21126562889070186
163661,0.02303919750340975
163666,0.028279048107178833
163667,0.14983157236680275
163669,0.08100058297787809
163676,0.012941675004893358
163681,0.01351073744895329
163682,0.04328265054842427
163684,0.05565814532370657
163714,0.17215394951341914
163724,0.02664631453298068
163728,0.15878166241039451
163729,0.01733197059420264
163738,0.01715723776436637
163742,0.08577949405958793
163743,0.19018996670790458
163748,0.11844349369373115
163759,0.03040670234498488
163782,0.014468680857524554
163793,0.10513920175758032
163800,0.025594461819816706
163801,0.027583660528156084
163802,0.05920718225540694
163814,0.039346978078612975
163820,0.025116692394230967
163821,0.025948321666391848
163848,0.015281888281813264
163852,0.12096544364730108
163854,0.054489592183628546
163855,0.21695179050442373
163882,0.028858136548724884
163895,0.03148805182001086
163900,0.13975363219549705
163907,0.19907154555857975
163915,0.012990533634172768
163926,0.04521319292771931
163929,0.024625317129727747
163934,0.15859533325921377
163940,0.04356745622101038
163943,0.07991919344817508
163944,0.028287038438995132
163949,0.01626164815041089
163951,0.026912920737628715
163952,0.03602035185953073
163965,0.125798165788295
163970,0.013770289430717769
163980,0.03849012711554448
163981,0.03333403083418156
163988,0.20181409919396182
163989,0.058355473383245995
163991,0.03505501092806927
164015,0.0253561602495799
164028,0.08326470412232659
164030,0.06058668107070951
164031,0.054761724664037136
164037,0.01044006295239952
164049,0.04471749506300182
164052,0.040923154068450686
164059,0.025480964280350637
164083,0.15839254590807958
164095,0.046133722910901405
164106,0.359409088213737
164116,0.044230710999373805
164117,0.3660122230532289
164119,0.04277677423480175
164133,0.1148182689847806
164134,0.047950067995237954
164142,0.038815467836890105
164143,0.01109466630091734
164147,0.029634551266454884
164148,0.14201424494939036
164150,0.2135405902669029
164152,0.03925686182768175
164156,0.09579724340816206
164157,0.04753982386650262
164158,0.017410698019480777
164166,0.13274302513146666
164191,0.014072945059792822
164194,0.030380131225224462
164198,0.018239554476758353
164201,0.017459676365381788
164202,0.053306979800725
164207,0.4683852519174338
164228,0.020276352435837034
164240,0.06329823528963927
164241,0.0468156860988715
164244,0.020916594092919145
164256,0.06093229536284751
164262,0.06013629423821384
164269,0.01901892711394546
164276,0.01783224143422371
164281,0.22353975924930908
164290,0.04350446906229862
164300,0.2173978766541021
164305,0.22502687488042522
164307,0.04312656880429171
164308,0.02755211168762799
164309,0.009275247783291111
164314,0.07159629765338353
164319,0.04569182354126744
164331,0.04038066052468444
164332,0.011359175534579909
164343,0.11735704718081608
164349,0.0858280457304734
164363,0.05979452104131201
164373,0.08999015116588557
164410,0.24911462799681358
164417,0.037750430414803374
164436,0.03434207750517075
164438,0.0144957107688698
164441,0.07122945618005697
164445,0.04694991460105571
164451,0.031837540704471555
164452,0.011634665340736896
164502,0.16851138941744723
164513,0.13410420718388005
164526,0.22833496859150276
164527,0.045241796648752546
164528,0.15801619596301228
164530,0.028021573972316353
164537,0.11178691618930574
164542,0.12652509667224648
164546,0.03814569547969543
164555,0.3086564885378346
164556,0.00899671800403247
164568,0.14785451760222548
164571,0.14475592410222934
164572,0.2749714200223766
164574,0.040283825834996165
164580,0.0221032244109661
164597,0.010909764188217886
164601,0.008999451212433259
164619,0.09189903940914543
164633,0.025006263442958643
164642,0.020938146011660975
164652,0.11234233634472231
164676,0.05082338598178891
164682,0.036148172114281917
164685,0.14242267877981277
164691,0.1344479897730159
164696,0.01932942925665068
164708,0.07921054849980741
164711,0.04970064648408165
164712,0.1305074782971954
164717,0.0815929209629428
164721,0.039514358891937815
164740,0.01388523259551035
164746,0.011767465016951478
164755,0.062172393833687965
164761,0.033384474800557624
164764,0.02080100170614066
164766,0.6020678583519992
164776,0.21309373338712895
164777,0.023945108296181027
164783,0.05637204786546427
164786,0.011126892451893876
164799,0.07625726145464846
164808,0.07321057707404287
164812,0.04734585930319488
164815,0.11421576658943644
164816,0.021436863389824395
164817,0.2021320256474187
164818,0.11734076901356953
164819,0.2979189510633879
164821,0.07419759871822976
164822,0.0287262349960618
164825,0.017284477945823565
164834,0.04492466842580648
164841,0.021347281670777356
164842,0.09539789643431505
164853,0.026709905119468542
164855,0.1789260556649439
164856,0.04542510372886174
164878,0.040151737084364314
164883,0.01995989724559575
164887,0.016182207063272218
164888,0.022041135993677213
164889,0.0442050995989244
164891,0.5119759074467626
164892,0.017675142193716686
164922,0.02583206482469278
164924,0.042324563585662674
164933,0.18335811853790768
164938,0.02663080724629018
164939,0.268854948843567
164949,0.016621390755465808
164950,0.0269263367073549
164957,0.11943124119617288
164961,0.04980543659659184
164963,0.03452839623553997
164972,0.03920267847898772
164980,0.012266447843026438
164981,0.0316653990633191
165020,0.038347127206799926
165027,0.057922129757736605
165046,0.09548431605176746
165048,0.05026909373871027
165049,0.04532158149049558
165058,0.042071791774461124
165065,0.019135230805205627
165081,0.025068046453178998
165082,0.13223940647655727
165090,0.029593431418513748
165107,0.039183250606294344
165131,0.04563022909636451
165133,0.10529393309580466
165137,0.010522966736891685
165140,0.13921839852267415
165142,0.04202125125762148
165143,0.05212866623061509
165152,0.1932140666034166
165154,0.08300412906619035
165158,0.04652688995550063
165166,0.027022509230137465
165168,0.08526434728871657
165171,0.01211294541929641
165175,0.08398091508841418
165182,0.01710712838364626
165188,0.17693216297459122
165190,0.015167353793069615
165199,0.030836208383677437
165202,0.12196140588283444
165203,0.0837527748412413
165204,0.07497434301774017
165208,0.022589580844804776
165221,0.09848405483218825
165243,0.009158043715051568
165283,0.11396275689729166
165300,0.02809862526988261
165302,0.07086230066045127
165304,0.01668113202693306
165313,0.025639825712858326
165336,0.1213682619843253
165339,0.06429099824535386
165363,0.18441786973870283
165376,0.1235469859192885
165380,0.33880091042715804
165385,0.013019370453738268
165386,0.04255694799849956
165410,0.014146096387620169
165422,0.014720879443631213
165426,0.0451152914203769
165428,0.05798532238622952
165445,0.054421279591041684
165452,0.035579195579484114
165454,0.034606590373356894
165455,0.02598297484372436
165462,0.07328834814880646
165465,0.10311758829442894
165466,0.10969907948894078
165467,0.2292472142259498
165476,0.03954382278200425
165477,0.0658861003691412
165478,0.4482505270526252
165497,0.07913196674490557
165500,0.10810069962011248
165511,0.06950413072560802
165513,0.06325714655601301
165515,0.29308547246561534
165521,0.01388199107310015
165522,0.1019337451054535
165523,0.04098527607957485
165530,0.04763990660428303
165537,0.03340963226277238
165538,0.014264948612181787
165539,0.08304174716020274
165545,0.024822166931699315
165550,0.0406905839989968
165551,0.025846155108711723
165552,0.046569843539980386
165557,0.022916845128354485
165558,0.08612721492602146
165560,0.05476121466809765
165574,0.10813711628672602
165576,0.3366547130982517
165587,0.03712738599028147
165601,0.011349926642445963
165605,0.011269557490514316
165606,0.01596184427145957
165607,0.017044935696722645
165624,0.2601543809544987
165632,0.05933666135675816
165633,0.07336004015094458
165634,0.03227855222949032
165646,0.026202834018845416
165649,0.02970316868800509
165651,0.09828367031571843
165661,0.018896735595502822
165666,0.050996161687638555
165669,0.03644448675036151
165674,0.03366023266141876
165685,0.25018374845398517
165687,0.09418246803723948
165692,0.05095802222929876
165721,0.22219462786626382
165726,0.19687872826087607
165748,0.041551865999570815
165749,0.08144147532061716
165752,0.031077105323802968
165755,0.07551630356254495
165758,0.03903766825683931
165761,0.018614285696680895
165762,0.07227385475769002
165780,0.04903312522461571
165781,0.020162053363116855
165789,0.0477102573876413
165802,0.00899671800403247
165806,0.049906862922536106
165817,0.04507842263671826
165822,0.2909286738238209
165837,0.014889880105836287
165840,0.1695809343287324
165846,0.010737777482482381
165853,0.011395239988613717
165864,0.3244414622873786
165865,0.048120739982638445
165868,0.04763005132589736
165869,0.042160826019554336
165871,0.04688378622325725
165880,0.05354282404457822
165887,0.1154907985591119
165904,0.13324843057059008
165907,0.028215821146483834
165910,0.14319465927293057
165915,0.06731732108339525
165917,0.02593321807959397
165918,0.39573666380810224
165919,0.055140258927468155
165923,0.062084255653102015
165931,0.019413217694530575
165932,0.03523949321937494
165934,0.49109346667978365
165939,0.07603023757125044
165944,0.09735657219964376
165951,0.46831676491619517
165955,0.009748023618799699
165959,0.13663558937837633
165966,0.10834014865650336
165970,0.041860347152243634
165975,0.01198230893630561
165977,0.014913081349121457
165990,0.32368381272623015
165997,0.019538263636110168
166003,0.07434045407533585
166008,0.0169086939391317
166020,0.04012359215552607
166025,0.025964959828645877
166033,0.059804003799649605
166038,0.048564227244607745
166042,0.08634962104166825
166049,0.010791589553230514
166071,0.009170029753869926
166091,0.15737528637647238
166093,0.25652976375741676
166095,0.0262584378552906
166104,0.015792236684369448
166107,0.02751123847744283
166108,0.019975144794313712
166110,0.01896884466812191
166112,0.12548409095610719
166135,0.07307795908951922
166136,0.021006967767260958
166138,0.1458952838491267
166153,0.31189478645168667
166155,0.12416435963977412
166158,0.03856602155432547
166164,0.1334129738781616
166186,0.0805957716670275
166191,0.09806991861722382
166196,0.01157892694693517
166197,0.08800813481047612
166202,0.044072611653967
166215,0.011227234661729087
166230,0.029539394222215153
166243,0.09177644303698276
166244,0.03903337652224749
166255,0.014028511758653262
166258,0.12428606143022661
166263,0.24414297912294258
166271,0.06631204693980854
166283,0.0350496783543785
166286,0.028771559121658
166291,0.024401344167211615
166294,0.10404935080284013
166303,0.10195545203819334
166306,0.14740825452781198
166309,0.02621868677166168
166316,0.052016310665894884
166317,0.02428459940920194
166321,0.11416909537234661
166331,0.06471305295610189
166349,0.028309904911675548
166374,0.011158254590465806
166387,0.011399880742046602
166393,0.027635625650077128
166400,0.04364266759039253
166420,0.009587040426802198
166446,0.01162722810251221
166449,0.06472751785338161
166452,0.058874679570486234
166495,0.014830267123987675
166501,0.03375115492072496
166514,0.08406362020421856
166515,0.0714801179842851
166521,0.08811338860848092
166525,0.01073339365074328
166529,0.08407874899086212
166536,0.12242353059067534
166542,0.02696510669331898
166543,0.061972441881897045
166545,0.011745587713732582
166550,0.037920409551047266
166560,0.04173617150358273
166567,0.013958700742297232
166570,0.013540951105021076
166573,0.03869492171627869
166582,0.21612927246606373
166583,0.25009121885191476
166590,0.01653592895793736
166594,0.06307933714183085
166618,0.4798483747507814
166623,0.11797639151417032
166626,0.08055602326465175
166641,0.11149887053325973
166654,0.014831095847412202
166682,0.14796171782567857
166685,0.08512657323277514
166688,0.049029554841063736
166692,0.05119778017931949
166701,0.014580267103433686
166702,0.17234724271921942
166705,0.03625376808003948
166713,0.04901009652243124
166733,0.015114594504172726
166734,0.04732934459602221
166738,0.06163511478458924
166739,0.010792920424462669
166740,0.023552627500053727
166755,0.08072928423024953
166761,0.2852992920179242
166764,0.0819252793934587
166773,0.019722565745505884
166774,0.048870802790355675
166814,0.0422205342120648
166819,0.1396146676493672
166834,0.19793424246329827
166841,0.1416540586862797
166848,0.20654796247290533
166857,0.1539243498315131
166858,0.013635251291856226
166873,0.01999742390861973
166889,0.017381110007950097
166890,0.00971329164129471
166891,0.0925093441294924
166902,0.039682608962960095
166908,0.07337151266646616
166916,0.029647763658662712
166920,0.061790957434024366
166922,0.07213005416566662
166926,0.03599710386579943
166928,0.06988078339053998
166930,0.23178154544871452
166931,0.027290624515319318
166932,0.027028043300041223
166937,0.0103775273941759
166941,0.02922006137807409
166944,0.010431339464924031
166960,0.07211082355652162
166972,0.03232366695464075
166973,0.07871052517976944
166978,0.02298977839712646
166984,0.10699650583722047
166994,0.02933981520836802
166995,0.040320937060561786
166996,0.013002348567402322
167001,0.014288462972527723
167006,0.061470042087794816
167007,0.024397976343457556
167037,0.208544188586988
167041,0.02640295515788222
167051,0.18907491298480156
167052,0.11911699224318775
167054,0.01813773393109951
167057,0.05340104341651396
167058,0.03516046035273707
167059,0.02370531111448687
167060,0.018914015504573854
167066,0.011941220320312956
167077,0.02727314980624825
167078,0.031886140548537736
167080,0.10456570004636472
167089,0.07623692933726842
167090,0.08073223766728024
167091,0.07424959355230537
167096,0.039955469156415346
167105,0.09960076851973333
167121,0.034554414886434806
167128,0.0921790595129117
167131,0.22994695512058963
167139,0.07684244256520649
167140,0.2645185987923062
167149,0.06927639383565587
167152,0.49179490768160683
167153,0.13193380298734358
167163,0.08542368955557696
167167,0.12486039833908491
167171,0.017589135043885172
167178,0.05408834917420282
167179,0.06061221781505235
167182,0.025761422787994377
167187,0.024845136445424736
167192,0.0905707266302134
167208,0.06411605757042663
167212,0.10277466022807828
167217,0.05959516441896562
167230,0.07198897890591004
167236,0.009687864393113544
167238,0.13176614136484438
167239,0.04158351708867934
167257,0.13867907618383446
167260,0.13176861426176892
167264,0.043585635848794116
167271,0.03589071351308988
167273,0.1048567900451746
167276,0.16156111769710266
167283,0.06936869578851383
167295,0.01640021893868477
167296,0.2234754428896109
167299,0.11693269617345899
167310,0.009978569062464885
167313,0.06186003352534929
167323,0.016311321692892764
167328,0.21759328072739428
167329,0.10626803508438838
167333,0.04581064763721655
167349,0.034053502832276684
167351,0.02940657086807854
167359,0.03741195940466233
167363,0.021914608160335303
167371,0.010936474361478578
167384,0.10535449951438958
167387,0.058083871302582066
167389,0.023496470178775153
167393,0.015132376407200354
167401,0.030509807506533888
167427,0.03395082141395692
167428,0.01103498990030723
167433,0.04875770740796331
167434,0.02802478074061101
167437,0.05259360409202857
167438,0.025512771068150475
167454,0.04567729439789571
167475,0.010416294638468524
167480,0.04722774012420257
167491,0.04393512367909934
167494,0.10674671107298135
167495,0.04113462422273058
167503,0.06403578089447151
167521,0.045618825362964126
167529,0.04128262418157549
167530,0.011308118662480927
167550,0.0805674914076925
167554,0.09905949108688447
167557,0.12873178793862863
167562,0.02021180953801056
167566,0.05237061724225297
167572,0.32910313872947433
167573,0.2132704664667811
167578,0.06685154786337007
167592,0.19494877599550114
167597,0.04159178307115451
167621,0.07732846358364465
167622,0.017551958999569225
167631,0.15617109873508922
167637,0.39526009968571224
167638,0.038044803523477506
167645,0.016175017695188983
167648,0.16056511396413475
167697,0.10825078983183598
167698,0.01312353508943086
167701,0.06577226479883036
167708,0.010660677790620725
167714,0.015629613602662306
167717,0.16502697868789448
167727,0.029665368269632342
167737,0.015733342066506926
167746,0.17227968230832205
167751,0.09367933082685914
167753,0.04790893586813229
167755,0.024552253057871697
167771,0.06008525465824009
167805,0.07064242598548552
167811,0.04231813915247864
167815,0.03390121017034166
167829,0.02808759319827997
167830,0.07308567346692049
167834,0.06686899251659262
167841,0.1493547105847736
167846,0.010178034901661632
167851,0.5079508323917417
167871,0.009787868224015398
167890,0.062321888235262766
167898,0.010781770043989159
167901,0.008975953492059914
167902,0.015166178266558616
167907,0.21040218590937956
167911,0.040608281622422485
167912,0.011049396296300553
167916,0.17472512436298748
167917,0.015023143333778865
167928,0.06676934085382853
167940,0.04264396786085418
167947,0.0593951714624555
167948,0.08125677810202334
167953,0.011151269008086677
167957,0.1944395235434831
167958,0.02188354630642647
167968,0.014837713650297494
167970,0.04577093132435776
167977,0.019899564463625213
167980,0.02666464436082655
167993,0.12021969371148784
167994,0.19756886997701334
167998,0.021813512038289407
168000,0.058867327015543126
168006,0.08323699155018541
168011,0.08319287156724318
168012,0.011692175064448744
168013,0.08502785475415206
168022,0.010780104747391713
168026,0.1766620762991133
168032,0.014603830362585654
168046,0.13552373374001908
168054,0.04719113232835651
168071,0.07835134026450372
168078,0.19427842181829474
168092,0.05148808666236877
168093,0.13334795137840444
168097,0.018463513890107537
168105,0.15030951739682122
168107,0.11703630992754599
168108,0.0634168423316839
168115,0.2240988611826804
168127,0.06048294501875221
168133,0.23220284558279128
168135,0.04369699889480534
168162,0.023699925668392647
168163,0.023927115804988287
168165,0.2163596741828297
168169,0.05226617904760735
168171,0.19707141016131483
168174,0.07824788867477264
168175,0.4705729039155216
168186,0.039068838934427
168202,0.033192373910207074
168204,0.012179421111025771
168208,0.030004569220670428
168229,0.030357341267571218
168239,0.030922797936590796
168245,0.03289865750009118
168276,0.02071072971761599
168309,0.1186682940615487
168313,0.12835770251183748
168322,0.01837005913302081
168323,0.008894233183012074
168326,0.14551118125574494
168331,0.05633043758513284
168349,0.05194929320283883
168384,0.02713605379952274
168398,0.015639898196849987
168403,0.010810527394196513
168405,0.15433890097981284
168416,0.010913042040821865
168418,0.09588847281266433
168420,0.08789921506075976
168422,0.01166809155813926
168436,0.13077577803694387
168438,0.0295597658750373
168443,0.0421095157542508
168444,0.0209809720462651
168446,0.009521027011758842
168454,0.05055273875649868
168459,0.03602982620205723
168462,0.06822958985724255
168472,0.049756140786852976
168485,0.008975953492059914
168496,0.1593551780848132
168503,0.016526408080920606
168515,0.020348837144208994
168516,0.03657916546832678
168520,0.15432705482899636
168521,0.04952262930797431
168531,0.009693013717494344
168542,0.07443277970520043
168548,0.05297564843875996
168551,0.015171360334687651
168575,0.014402406014417812
168580,0.041561647984896664
168588,0.32082622740996014
168593,0.019237461130870926
168614,0.03153031183286771
168615,0.023055471306490105
168622,0.016276424240633126
168623,0.06665571847814948
168634,0.011916733754467421
168645,0.1484009354317523
168651,0.22431978655335097
168683,0.030183727935937106
168691,0.21110604140666173
168708,0.11532624885392631
168716,0.1242151671785425
168718,0.0728353067600056
168720,0.11415927388440306
168722,0.25790952758064406
168731,0.09056585372881915
168736,0.07720086127254976
168738,0.12157473403461203
168747,0.03824352775137208
168751,0.1791677333431046
168752,0.1034621109959726
168753,0.012615135314518647
168774,0.1474363205064028
168782,0.0184197610432895
168788,0.011003215243787544
168790,0.046215982906676466
168791,0.12609258984470484
168793,0.17890061079157485
168796,0.06067918636108709
168802,0.12373676077725985
168803,0.06922511657966768
168810,0.21382364633766607
168817,0.020976812780544286
168820,0.19203994976192298
168823,0.07716640867401674
168827,0.10865727105115572
168828,0.10583784902770807
168831,0.06747762954632161
168842,0.0990405823465054
168845,0.022871478410950462
168855,0.09553983246734955
168856,0.09076901624261416
168861,0.048343566992434965
168876,0.01132166271799538
168897,0.09210639222989095
168899,0.023327818982248217
168913,0.1422475516438474
168915,0.015276045485220824
168916,0.047460887125537685
168929,0.1030534528099802
168930,0.013862448796248452
168933,0.20576102747310032
168954,0.047387302371213344
168957,0.14618325274465374
168959,0.0711698588253151
168960,0.07638970870396129
168961,0.08325872053534779
168968,0.052477154605615084
168969,0.10113430827691797
168994,0.048977538769864784
168995,0.055868578973762316
169003,0.03121272107331129
169004,0.4236866454622354
169008,0.06183738448676525
169009,0.04670920435276309
169014,0.07611954128170664
169030,0.019978674756791888
169048,0.042451151239034715
169061,0.1735442038588217
169070,0.19157730491898795
169092,0.015771826422484876
169117,0.12614626946549684
169118,0.23636876678914223
169121,0.05566807017392602
169123,0.1069018970561155
169124,0.2776863336558673
169137,0.048227864896062615
169138,0.01198230893630561
169143,0.010996150762088687
169165,0.09652914784109956
169166,0.10762873517852714
169167,0.12166170542790325
169168,0.05927975831341341
169175,0.010803617067832826
169184,0.04011551318098856
169195,0.01714904347870617
169196,0.01215684458416921
169197,0.13771397461160112
169202,0.5026283085962273
169204,0.08457294556470708
169212,0.03792640259468745
169214,0.1899474886483656
169218,0.24937589553260014
169239,0.018087283103976514
169248,0.0143905356673884
169252,0.04385713465077793
169254,0.27616912404417454
169257,0.05914405793687799
169264,0.20337715833512277
169267,0.04199723638161007
169269,0.2292583120561304
169278,0.022635635021172513
169297,0.04337008478393109
169299,0.11171987800302474
169301,0.12645678427143492
169306,0.022349852653928665
169323,0.13820775795926848
169328,0.2171486627917889
169330,0.0733495332996218
169331,0.01399403650695261
169346,0.1319286403762098
169348,0.04258657306653667
169350,0.06597749401839903
169353,0.0115004580180349
169355,0.16022996906078424
169364,0.3636880027690055
169365,0.03900528997319978
169367,0.01497936789184696
169370,0.024486184097051205
169378,0.10614385024253392
169385,0.00899671800403247
169387,0.18083468061566163
169389,0.037935514416118456
169395,0.1179297018249551
169412,0.0498908042294529
169426,0.23145709941261267
169427,0.078891314617988
169432,0.04233795976959824
169436,0.14738427090801248
169453,0.026705186620139192
169455,0.21367745683711553
169457,0.044702696031651085
169458,0.012975705454614355
169461,0.09425071449216908
169467,0.0435010090477851
169470,0.02771648212292071
169477,0.019662283708503776
169481,0.04683056839853785
169483,0.147888956210184
169490,0.18457313899054992
169491,0.025155199747164226
169495,0.02360256286095732
169504,0.12057657387811882
169514,0.037165227552890305
169517,0.12089907300860107
169523,0.01895146597155491
169528,0.28539797882150253
169534,0.02398465122718909
169535,0.027208062641291948
169537,0.05571426308053573
169541,0.12321997134665374
169546,0.01615725108874415
169549,0.009145948881610244
169554,0.23825504178038148
169561,0.010797309238747561
169571,0.011438753232442568
169580,0.24418667898580376
169597,0.015341031224689433
169598,0.01637907494339336
169625,0.16226951668522333
169626,0.10997156264556207
169627,0.13772312218908458
169628,0.03851857280202083
169629,0.07554544687098276
169658,0.054844681793435476
169659,0.02827033502980723
169668,0.03116559003020026
169669,0.11598012498972132
169673,0.015976356172479063
169674,0.028243532390112368
169676,0.17222189411930072
169677,0.13153057967775467
169678,0.09661392003042732
169680,0.027609975517244607
169695,0.12999273304214304
169698,0.13222682021526738
169710,0.12079912748932806
169719,0.021011137591445565
169720,0.05740806724366508
169722,0.03253303347369209
169735,0.11821176833467306
169745,0.021818595905324346
169749,0.07413747734417431
169754,0.014316639257026257
169760,0.04102944763592674
169772,0.029363654079549006
169773,0.011194558297196764
169780,0.012771996927776951
169788,0.011241089073140972
169793,0.08772589685508439
169809,0.1301720664207981
169810,0.04888370629873687
169824,0.010098313408906236
169831,0.0857913000026839
169833,0.05986922979250112
169836,0.015818306583523165
169859,0.01955962166865236
169864,0.5010173093800854
169872,0.035009951375830364
169895,0.13423906250080495
169911,0.014654532828068032
169914,0.046682028889395
169960,0.14293594834693826
169961,0.20911573556050628
169964,0.04783934310894862
169974,0.025816794190411448
169988,0.028335891330885522
169989,0.010653323965033752
169995,0.010630736147165242
170007,0.023037990976200972
170026,0.09759718731497322
170030,0.3560632827298886
170033,0.13394997859248625
170041,0.10773310129766792
170043,0.011934307489219986
170048,0.021111687616509646
170050,0.04832880764828478
170051,0.05194374489925182
170056,0.07417629916624871
170072,0.3531119123594987
170076,0.022084226280664233
170080,0.20770828597702215
170101,0.03090235949509453
170102,0.026522575002601596
170107,0.12367974481981539
170115,0.03456256647550334
170119,0.016327883860567487
170128,0.09701117321674826
170129,0.009275247783291111
170134,0.33401763275358837
170136,0.1083361207949403
170139,0.020505508099096494
170140,0.09821520767243197
170143,0.24293512497728592
170148,0.3204374141052971
170159,0.04815407913989769
170163,0.06986566881262142
170164,0.13214164471346282
170173,0.011354299714993936
170178,0.0864582282381668
170179,0.025929065121784983
170199,0.1874440862871588
170203,0.014009037575175121
170207,0.12981128821480264
170211,0.03272035793541971
170217,0.010640558708396922
170224,0.009490385565058341
170225,0.04771245043962696
170255,0.04109094639613734
170258,0.023160992710955286
170259,0.018915719249704768
170262,0.0425045975619924
170278,0.10200713049838675
170284,0.0504100651691155
170285,0.13537444241192906
170292,0.020934280863946813
170293,0.048728379245507644
170301,0.0491322376638382
170302,0.368105174026808
170305,0.09699787563300902
170309,0.04287414025015188
170310,0.0675627750696973
170326,0.09380963804713602
170327,0.009804177408203666
170328,0.12087621858250915
170329,0.031115441793030395
170330,0.04685490392960073
170331,0.04130633776647383
170337,0.03284501959237897
170340,0.06771187039428997
170341,0.011575189948307156
170343,0.09826411500119181
170361,0.11381701681494442
170366,0.0465553373758902
170376,0.07556535321401174
170382,0.3032851382577252
170396,0.01141600450058627
170400,0.10468913617369364
170403,0.12563027613739788
170409,0.12713907022670348
170410,0.010859229970073735
170421,0.11514868262229501
170425,0.02317633276774731
170427,0.01313970735984124
170428,0.028879750961149746
170435,0.016755360485573353
170438,0.016994191453683662
170442,0.09748213018867147
170446,0.07872725381495833
170461,0.013259844361335186
170473,0.1648621026762028
170477,0.04515205750820726
170516,0.025443713917370037
170517,0.01596169217167167
170522,0.05528399796740434
170523,0.02643309314862849
170534,0.038585587326550694
170535,0.115974332882062
170538,0.1044004035076608
170549,0.058711846661474644
170556,0.02902859740022597
170563,0.03158749861478945
170570,0.10599518117315616
170580,0.08422372150343144
170582,0.014985028980813265
170584,0.0951423337359427
170585,0.015614374967122239
170587,0.08489703112737615
170590,0.055324544561154675
170598,0.10123414593613693
170599,0.04150718568246688
170601,0.04493410775347386
170612,0.19800325815468345
170617,0.04126995988537398
170620,0.13651476186876393
170629,0.01972784426962156
170647,0.2996290008083848
170651,0.015711502469211557
170654,0.04379054056759621
170657,0.12335410604632886
170662,0.028490021192731908
170707,0.07217245322525376
170719,0.09627763595278141
170722,0.03820463221331078
170723,0.08646952775682934
170731,0.22026088175388342
170735,0.04470956054241281
170750,0.021757699488245973
170769,0.07092394431440904
170770,0.11348970278816639
170776,0.20545702594402013
170783,0.02182507893140906
170789,0.1758787627652026
170800,0.19244328828586138
170809,0.13095057449393008
170810,0.021499145128024266
170811,0.034775164602499874
170827,0.009275247783291111
170842,0.03578698467207945
170854,0.028218153114613214
170857,0.27397660328758355
170865,0.10748413286692278
170867,0.009254483271318555
170869,0.050844461658485586
170870,0.025654006821722836
170878,0.046537704431919936
170881,0.12166969275572984
170910,0.12413421512081238
170913,0.1557273386846011
170919,0.09163742287607372
170932,0.08229717103478223
170939,0.17484264931493304
170947,0.03887667121633612
170950,0.10589765301723053
170953,0.17174095240255202
170954,0.025712799394222212
170970,0.09454494549126705
170972,0.020640983792197413
170973,0.0988273575736237
170980,0.0439795173072459
170981,0.04671846069541181
170983,0.1305506587574158
170998,0.047038077726934524
171001,0.05893945679133748
171004,0.02789457609963375
171020,0.027967172055986245
171023,0.03222222819877922
171026,0.044559877936125133
171060,0.19833101394007693
171061,0.0401766262298954
171065,0.027112009709792023
171077,0.051358334991301234
171081,0.011308118662480927
171103,0.2520497911825828
171110,0.06635263645076397
171114,0.015746027984818296
171118,0.01696614980507948
171119,0.09905334007656742
171120,0.1241561450922711
171137,0.19917566926709157
171147,0.029536966186418424
171153,0.1805122573968118
171156,0.21930854674615982
171158,0.03602310045374137
171163,0.047060376703724455
171169,0.01734201426908509
171170,0.06696279712410678
171172,0.015276045485220824
171173,0.032557286647767365
171176,0.047749246928346624
171181,0.10769419231781807
171182,0.0999439817351511
171191,0.028034014568054533
171193,0.07139694147815936
171195,0.11642418677385577
171198,0.02293968816923022
171205,0.055177289953093414
171212,0.2224515432779691
171237,0.06834566806211065
171241,0.03852590826532663
171262,0.05444289473803869
171263,0.027412811694514084
171266,0.02798564259660912
171274,0.051734164015977566
171290,0.04681869159023341
171291,0.1508459128562796
171297,0.011941320337935355
171307,0.04452242024595595
171311,0.35601234354725225
171320,0.07992004515155766
171322,0.010356762882203345
171328,0.028713993587660552
171337,0.013590067895600438
171346,0.026319025495775444
171348,0.19930094157602457
171354,0.09900539139926008
171358,0.03233432885302166
171359,0.015268136650957142
171360,0.1305327554859967
171369,0.03048135628707526
171379,0.0366916042447558
171384,0.03547517229221049
171388,0.09346741417654816
171390,0.01865607037464699
171394,0.010835380209969674
171395,0.10915692345302663
171399,0.13441136725771893
171403,0.01595116116325785
171422,0.014269254454919134
171423,0.025695306377744247
171469,0.0773730410013577
171480,0.07029295155673276
171487,0.011070160808273107
171497,0.07293440415730737
171502,0.17835693387390755
171503,0.01501460248746469
171506,0.04369875886714858
171521,0.013496252658783634
171530,0.06170268079154963
171540,0.07830738794822664
171541,0.05649584970728553
171544,0.08168324945638863
171551,0.07825834813366164
171582,0.14321632326273848
171587,0.020240226164881074
171597,0.1314391451396501
171603,0.0497361717354458
171610,0.0965706042075716
171614,0.010999592733504333
171619,0.03493334871542063
171621,0.046983808763657056
171625,0.021330144616014103
171626,0.032713020101705355
171638,0.013781319004063064
171642,0.07744529216360219
171658,0.05330117692882676
171674,0.17540401691530896
171677,0.09751532520163975
171684,0.036594119978205546
171685,0.2283463734630447
171686,0.023569808220309473
171695,0.011560725849187062
171702,0.020619794091224025
171703,0.01996635009929345
171704,0.0348265718649353
171705,0.015211805434245298
171706,0.019796246058355088
171709,0.011020214103775005
171712,0.02605876289828375
171716,0.017446323570462167
171730,0.06396051276220353
171748,0.012127721536080023
171757,0.09567989617848355
171767,0.027240108442816397
171768,0.2502549497588662
171771,0.07257547565497735
171775,0.01975189415783149
171778,0.2013947139625817
171780,0.23218186715367833
171781,0.04762763281015815
171785,0.026777503713556427
171786,0.217027904747366
171789,0.01991616617010067
171802,0.009443927319897185
171803,0.03202334833263866
171812,0.08065235039678512
171862,0.028393282865189162
171864,0.13888473651762628
171891,0.287143930481207
171892,0.05980812554328454
171913,0.012812968582760811
171914,0.2628161346416976
171922,0.09472932575840995
171927,0.04071802440720103
171933,0.07911380720956382
171934,0.02310672330586353
171943,0.1617675164776827
171945,0.07252962827625287
171960,0.030582474321641247
171964,0.017665254214112518
171975,0.0798497015712638
171994,0.22554663831494373
171996,0.1618609979678342
171997,0.010676552014567974
172000,0.02621868677166168
172029,0.025744557692566672
172038,0.04202903531688916
172039,0.04974212945850797
172043,0.03557304183408958
172046,0.014982902878714155
172048,0.024584932795674825
172049,0.025862950567086873
172053,0.05968823320466643
172054,0.20250986668150475
172058,0.04399706270947963
172060,0.015936300041185594
172061,0.01049247055896848
172067,0.043437946855117156
172072,0.0477834723434503
172073,0.09320952932526663
172098,0.027823032102264333
172100,0.052678985249436164
172101,0.1864053322395723
172113,0.2924647096470606
172144,0.03774295643659433
172147,0.03741821681328829
172149,0.09128523880219544
172168,0.07561658795525542
172169,0.01797160981987799
172175,0.015166827001920027
172197,0.05375152148080238
172200,0.19862465443382735
172205,0.15165986841039933
172207,0.03841264626837478
172210,0.04247768674727204
172261,0.11475211061296711
172279,0.03742983985545693
172294,0.027776987472406388
172300,0.00921458899420049
172301,0.07689324957766214
172310,0.04254850763327696
172351,0.009170029753869926
172353,0.03476417759436164
172358,0.00899671800403247
172374,0.11543577808423315
172380,0.11733597763745354
172384,0.026505080558185484
172400,0.025910935674882236
172403,0.05026909373871027
172408,0.13876938440383874
172411,0.010707136035781885
172420,0.012371665872447623
172426,0.3786957763915176
172433,0.049782447391357544
172434,0.10973828640406764
172442,0.021958339235830383
172443,0.21698882126561397
172452,0.1119048652776063
172454,0.07868222539714728
172456,0.18519342756571605
172460,0.056819928881208716
172470,0.018066967334268148
172479,0.05538751916982125
172481,0.026849397191832842
172483,0.010745131308069356
172484,0.319648569778288
172485,0.05814958720905812
172486,0.18046797076466456
172493,0.03835480243052396
172494,0.05525226873127174
172497,0.16704018502897539
172504,0.019131068638655938
172518,0.14213438879979426
172523,0.07382438979580441
172527,0.07022324937529892
172533,0.030540535159931943
172536,0.019531863696368064
172540,0.04154451292083657
172541,0.054993139338687214
172543,0.04273222241410029
172545,0.14455264630665407
172547,0.024197179122922647
172551,0.046070191542335395
172556,0.08154130194743327
172562,0.027682730761437103
172570,0.0765211236063291
172574,0.04361851984925418
172575,0.11583931931061746
172599,0.009145948881610244
172611,0.11017413777772996
172612,0.030155377812191003
172616,0.022573904062253243
172623,0.0802681826523459
172627,0.021383005831123174
172635,0.19969050500691687
172643,0.02388257649193629
172644,0.018301285814216924
172652,0.06156178856941439
172656,0.028241152193081338
172661,0.035430548000895026
172664,0.01925567916387114
172672,0.033515517799572465
172678,0.06128611661908069
172680,0.03728331545869667
172683,0.022102549677245065
172684,0.12415542397007384
172690,0.016497811635853333
172695,0.04171886227971697
172696,0.015274384677659097
172701,0.027474881623866743
172713,0.11215842523797892
172714,0.010896871218080247
172731,0.02249991546857742
172738,0.010692091209326378
172761,0.016160929093737623
172767,0.14292404222643015
172770,0.20340356075210303
172771,0.022086279716049817
172799,0.014141097669519903
172800,0.019892533599465995
172804,0.2270156255146012
172805,0.04466351267372224
172820,0.07501276580329302
172829,0.23376204847487086
172831,0.06650428444532627
172833,0.06034248248132083
172843,0.0127437707594279
172853,0.03240020796037868
172855,0.07211698947662798
172856,0.09449417303110774
172857,0.013819146300384489
172863,0.01124136577810342
172877,0.056884190907518284
172881,0.04337206106229228
172895,0.10115175076034688
172896,0.017315733996690338
172910,0.014651195612144133
172922,0.012369258335381222
172939,0.08543048650261989
172942,0.17287496862272755
172945,0.07626261019508403
172948,0.02721272454616343
172949,0.14017191130222012
172953,0.009052825685630383
172967,0.16808241024628642
172993,0.01923186029626599
172995,0.03007127593064236
172996,0.2960935694192334
172997,0.05288406767337171
172998,0.11753938644793345
172999,0.041479590986416584
173004,0.0272058331421751
173006,0.22891202616348125
173007,0.12533036366290587
173013,0.08893786087385695
173016,0.07046690419987474
173020,0.22636225245123084
173030,0.11457779560091028
173048,0.040042965658436326
173056,0.01710712838364626
173066,0.022988680619781137
173079,0.08474426465677368
173107,0.058738209688360674
173109,0.009275247783291111
173127,0.015420654466270934
173128,0.044416850769480286
173130,0.04888980161888696
173137,0.044796709692722876
173157,0.02324335779425597
173160,0.04180766821434001
173168,0.026961224413294377
173193,0.011395239988613717
173197,0.1305686355181074
173215,0.00934332644763649
173216,0.08391077002372523
173227,0.02337723686744525
173236,0.12719562148166885
173237,0.03445874373571705
173247,0.07024879440169211
173250,0.29496642347430596
173259,0.10680880799265406
173277,0.1347959289189799
173285,0.018723690929266432
173286,0.025126167991398475
173299,0.09534408941330341
173310,0.3157148552700248
173312,0.13085815254489885
173313,0.02466109242729499
173320,0.059408860883147674
173330,0.2152747209516126
173333,0.05022209164241934
173351,0.03114962777138413
173370,0.26434957631353295
173372,0.02759184582837628
173381,0.14069086006686463
173386,0.009595603594479528
173387,0.1735859380963202
173388,0.10209869958947475
173393,0.010548105935612569
173394,0.21659019727133288
173403,0.01409098832002938
173467,0.03379369782986357
173469,0.24227316998992698
173475,0.09081134111232295
173476,0.023705576041770527
173477,0.009427667807611286
173484,0.07863108711886632
173485,0.06527105265606183
173488,0.09316783339413395
173491,0.0278127948619399
173520,0.01337295451306356
173522,0.38527875001601086
173535,0.035512113305334665
173539,0.11110960572491055
173549,0.011708937237626919
173552,0.020057976143220614
173565,0.1873041162907572
173586,0.023173870296772526
173587,0.025593910041743134
173588,0.013436639204409451
173595,0.05901549958399997
173606,0.10831897656160261
173620,0.05104384519276602
173623,0.05978118897023148
173629,0.035540308895999226
173647,0.012809170206457929
173649,0.016899734258897358
173650,0.051916593784889574
173652,0.025556356105148004
173654,0.14952360456408467
173665,0.03836458206075708
173667,0.1467543335957947
173685,0.10270050921951974
173710,0.2598289754545442
173711,0.08585437700204684
173713,0.04441525872470347
173718,0.13780453266845158
173743,0.021395108298159063
173744,0.10230276693806784
173762,0.15169239940953105
173768,0.04980543659659184
173769,0.3061954353643931
173770,0.042287734475136216
173773,0.0679155727783676
173779,0.02575751951681815
173780,0.01400808629415223
173781,0.21695332407691628
173783,0.08266664152236422
173795,0.06127651070501633
173800,0.37196747013563136
173812,0.009616743290404756
173823,0.03201082034428455
173834,0.13218053607331015
173874,0.03931062348789695
173891,0.04483988640131619
173904,0.1531029133640922
173909,0.02821181136859576
173925,0.021233852618692622
173941,0.04407155431867439
173942,0.022897025413017674
173944,0.1066949624520552
173955,0.019100869202574814
173959,0.09314171704271482
174000,0.0754397323972566
174004,0.042933745618776956
174006,0.021455763819266387
174008,0.1103609510258868
174012,0.030563564808921084
174017,0.06841845142865552
174020,0.021177575533509692
174044,0.015446975460816623
174051,0.011426631343970296
174052,0.05096405293814281
174059,0.04594753673655434
174060,0.01205289327768386
174061,0.04159451855641818
174063,0.07962167441256218
174068,0.04726716304234758
174069,0.0972183079636913
174072,0.09884430379944428
174074,0.04431116024320661
174091,0.027509898142755933
174092,0.04480989808361713
174098,0.12271263516184301
174105,0.11969690733353713
174107,0.015769818224318704
174110,0.01226020836672298
174121,0.021512245921800573
174126,0.07983270918780477
174153,0.013449505912632298
174156,0.055358253263786586
174160,0.035550548153642156
174173,0.02113403282052581
174183,0.009359701300739742
174185,0.01512412248564616
174188,0.16733037152251343
174198,0.011418176937376411
174206,0.03003131300470755
174207,0.01706537372280477
174211,0.06098099761182194
174239,0.04348865586923685
174260,0.2279521245285847
174261,0.03257415168523403
174262,0.21833499319070682
174264,0.017080919256841222
174271,0.14128708838966902
174275,0.22969361931717458
174277,0.07694133730844242
174286,0.009160776923452357
174301,0.01790603856449899
174312,0.17873037499679695
174314,0.023780115055991875
174322,0.07943958927719554
174323,0.09592801288435421
174325,0.1257677382325567
174326,0.04878173670997046
174327,0.04878302247971267
174334,0.20422529559572955
174360,0.014035964359829217
174362,0.12757684788654747
174367,0.030330232193618262
174371,0.03834540779474126
174372,0.059102197713507734
174384,0.013117860335997576
174390,0.03616416630358436
174391,0.017630379698022055
174396,0.010216201683156801
174412,0.056073802010776067
174423,0.20246732923826963
174428,0.11503446462961793
174429,0.2844289847232332
174438,0.03932342708474511
174481,0.03323165437574887
174483,0.051516811955439765
174484,0.013095486487281153
174485,0.17838259410148766
174488,0.04960676523265197
174497,0.02120485798784974
174509,0.19691394589306271
174513,0.09626627996313093
174514,0.08643043795825323
174520,0.041802283320344594
174526,0.043641647361208694
174532,0.012910721295434668
174536,0.04797872056151155
174537,0.04087268940562716
174538,0.19995349961812464
174539,0.24052633722896935
174540,0.02370847417542448
174549,0.018483390881147664
174551,0.026456396192804755
174563,0.15877389951006016
174574,0.18933262983609747
174575,0.1799073775849443
174586,0.009797020301382593
174590,0.03718685130205517
174606,0.14191061887994377
174607,0.11529356893498444
174609,0.03761432860877659
174610,0.09800613661715217
174630,0.23303881709211968
174631,0.038339316094334636
174661,0.04723196171468978
174665,0.022814215788629206
174666,0.037072272652217624
174677,0.017589083772081276
174690,0.07302881875021487
174700,0.01596049696461941
174702,0.039583312348939755
174703,0.012179421111025771
174713,0.01392371831778796
174721,0.048422458549894014
174726,0.044194057689309944
174729,0.08878776925952507
174741,0.03210666334948019
174742,0.17880626112638237
174754,0.02472992293007707
174757,0.017881621970337068
174782,0.5558639469928348
174795,0.08709293162826666
174805,0.030644847168025825
174806,0.028323310758725424
174809,0.05663464852677612
174810,0.05603381252472819
174829,0.011856866820486723
174830,0.18890795823335077
174832,0.02847658286605372
174836,0.16855736027640283
174839,0.02346326204237157
174843,0.04923072289368481
174854,0.05401180274229077
174861,0.079282411803056
174863,0.04126654782107412
174867,0.06870996530017166
174871,0.04845401687947613
174887,0.03475990370246338
174890,0.06821023343700021
174897,0.011803373907474836
174901,0.08825064148307635
174903,0.010272309364754716
174912,0.015329612017272457
174913,0.05416930580762157
174920,0.156454347401704
174922,0.33280868332509445
174924,0.10054438712006444
174925,0.045594159181084566
174928,0.0756651968435925
174938,0.06379264222734322
174939,0.010720354191230835
174943,0.047099031572408113
174950,0.13313064703669092
174954,0.03116780462687909
174955,0.020407921333498856
174957,0.08417993704210017
174965,0.04905054784501614
174966,0.041380255639287225
174967,0.06716159560654376
174977,0.1437375371924597
174983,0.028949210506923624
174986,0.09457095267444351
174987,0.019539416597962638
175012,0.1512799816226724
175015,0.07206109817132597
175025,0.03262535802377021
175027,0.130710289257233
175029,0.022821433745115267
175056,0.25787861041808385
175075,0.03219785364238075
175081,0.06348564693433095
175097,0.13439715350600379
175128,0.05707624231655571
175129,0.01726259216422165
175138,0.05126846354564718
175169,0.0975089257248285
175183,0.09997383044858538
175211,0.03622199381229383
175212,0.04379669801822077
175215,0.02159204657036489
175223,0.0424556689600883
175225,0.010888070585281455
175233,0.041906206898493135
175250,0.01499314818192005
175253,0.030259311836539366
175257,0.01179248904706292
175260,0.014283543849443761
175261,0.015897084986105724
175264,0.027021576281818848
175284,0.16352811065942346
175288,0.010791589553230514
175295,0.014255301957540142
175309,0.05406087973834049
175310,0.07193038198803407
175313,0.09369736713353277
175334,0.04328007373022839
175337,0.022893819879342255
175346,0.01155543481389689
175347,0.031748924343320176
175349,0.030355431789364125
175350,0.1041391038926525
175351,0.058459020952293564
175367,0.2291952917858929
175369,0.05498920544182164
175371,0.19462513899907546
175372,0.03253747460042005
175392,0.3255523602192128
175400,0.01912449007506939
175402,0.02223082082809953
175403,0.18389959974502632
175407,0.21086438768374255
175408,0.016266932735544925
175414,0.1244882266858591
175431,0.022800097172194576
175435,0.04801965512726976
175442,0.011027640430509597
175454,0.040078959367156164
175456,0.021624367002104312
175457,0.03739108130503409
175464,0.046363473450578375
175465,0.04024245206212869
175477,0.035052538997975745
175488,0.04291729169932555
175495,0.030153806715469446
175499,0.1294922593316531
175500,0.08132330756511522
175515,0.11756523075487535
175519,0.02327760346001843
175520,0.05320772550718576
175531,0.02167303869542302
175534,0.01562598777044146
175543,0.1295634334118649
175566,0.019241451681215622
175568,0.016127171251483628
175573,0.05103479102577685
175574,0.06222207421290439
175576,0.12247514734953442
175591,0.04563920676084383
175593,0.05845018897733985
175605,0.2805243993528475
175609,0.06886570338125704
175617,0.014790233448124235
175624,0.3129219891297142
175629,0.02415307605768661
175633,0.011950082785329077
175645,0.11231531292629357
175649,0.008975953492059914
175650,0.035947934400129944
175653,0.030745887257480547
175659,0.01669165537376863
175660,0.010653323965033752
175661,0.0436067566841962
175664,0.024021467968644645
175665,0.04956130285236019
175677,0.02845193825000348
175682,0.13589038204458773
175684,0.17597804325699856
175687,0.010367478950240256
175690,0.07044899069030995
175706,0.01294338376419878
175722,0.09876800147043138
175724,0.022330195593209902
175730,0.08192923757001937
175731,0.011058038919800835
175737,0.024715535955174835
175743,0.13098010789603518
175745,0.11711869673096238
175758,0.07681053472901914
175768,0.07776158969015379
175769,0.04165409815139711
175773,0.009490385565058341
175775,0.0426996885656847
175794,0.0433224797199624
175798,0.07483939999970637
175809,0.18324919510101792
175818,0.04413834804149301
175830,0.009918602160236366
175835,0.015244372659650235
175840,0.13927609047431358
175864,0.041126526697426974
175875,0.045332035091432146
175890,0.027120213126799474
175892,0.03824819557640453
175914,0.0518895783241624
175930,0.2832108071623455
175935,0.07710015486787994
175955,0.010019197615520963
175958,0.05183950510761266
175959,0.025792666076164004
175960,0.12606156132408364
175964,0.021755792898105135
175968,0.010635983527728463
175986,0.21535194397029517
175987,0.11615906736066958
175997,0.013476509172663553
175998,0.11134226680082618
176003,0.02565357853379683
176004,0.10452015961889186
176021,0.09980323117400809
176034,0.1156099047970522
176035,0.10772457632785651
176043,0.13249700963531172
176045,0.10418190928018753
176051,0.04360045084056827
176052,0.027200092365688683
176059,0.011308798941911637
176067,0.034561703986677454
176073,0.13157544364373547
176076,0.011950082785329077
176077,0.010548105935612569
176085,0.012120893331701212
176088,0.07240972675923155
176095,0.02907121456670811
176118,0.16928514828859514
176129,0.12131515108370279
176177,0.03292954774260719
176183,0.034296769162447324
176206,0.09450380074377769
176218,0.028881766882444086
176240,0.05194069961924834
176253,0.010812354065203072
176260,0.2273368327909758
176275,0.06422894938464138
176285,0.0416587954721172
176288,0.04680398169133916
176289,0.11611487110228651
176290,0.1076159192423289
176297,0.018014497513942743
176300,0.194826376442292
176301,0.06130349559628352
176319,0.031224715014992806
176322,0.025631944827665315
176337,0.015846288892703266
176346,0.10382641397416262
176347,0.18091550847727866
176352,0.11666516565892163
176358,0.02082089221368407
176359,0.10502687697630679
176365,0.06042521730507241
176371,0.056493590195879274
176403,0.06916278235970401
176419,0.11135107058972579
176428,0.02613286299501208
176429,0.21417935761660298
176430,0.0529849728134338
176432,0.025908921897460645
176437,0.11517381176816097
176440,0.016655060317744382
176441,0.13166751626880158
176450,0.04683056839853785
176454,0.03080072210421571
176459,0.043427522173450764
176460,0.09032833716154577
176467,0.032859881032525295
176472,0.36260338158417493
176482,0.11913904424246424
176483,0.5596350517342431
176486,0.06144262927789588
176487,0.045706206759760226
176494,0.04070115068955125
176497,0.02512492243835046
176500,0.062127074876877554
176509,0.07630549356824058
176511,0.10328170189865424
176512,0.023467278944848485
176522,0.027849522771155787
176525,0.07312352167174793
176526,0.18470164432996133
176537,0.01757095535502213
176538,0.07889370889138872
176572,0.024876307188115017
176573,0.05560518371277021
176574,0.11180083844978539
176579,0.04361141908470369
176580,0.05409713215457337
176592,0.34385740441658286
176601,0.02686000290644904
176603,0.11136432726795238
176605,0.056544207471171296
176606,0.015782150408283353
176615,0.04767543232732881
176620,0.1068001482881669
176634,0.04260577430844471
176635,0.018350686502052623
176638,0.014352370717661739
176639,0.022610474119030232
176641,0.07850194062377507
176661,0.020726065333072273
176668,0.15753721029756207
176669,0.04201715279637
176683,0.1416831763776422
176688,0.037875011783088504
176700,0.11057012471066292
176702,0.021958339235830383
176705,0.05474735972586101
176709,0.018385161057971354
176710,0.25145579592176875
176720,0.10919076209594107
176726,0.011680468404217045
176731,0.0657402239406799
176732,0.09358926948406979
176733,0.028525045111261037
176734,0.025868480279749723
176736,0.0885219942624049
176741,0.012284493204777253
176756,0.013655894269813656
176785,0.01444835671415548
176790,0.01656262070781298
176793,0.035731822465970106
176820,0.2023777885227155
176827,0.047686183942274904
176828,0.015768834274856817
176839,0.19433684556335415
176848,0.024471163848117518
176850,0.045279298284352926
176853,0.0151977626027319
176866,0.010632559453061198
176867,0.0949450213822547
176875,0.048077510273074206
176883,0.12984134422158786
176888,0.1726754092058283
176890,0.13187921774393957
176898,0.12879531999132818
176917,0.059887136230551495
176925,0.11822251983809315
176929,0.02721272454616343
176934,0.14055203846727987
176938,0.1737617859876849
176953,0.07096648564019978
176957,0.13167110169158497
176970,0.04120942900535353
176997,0.062132941401601124
177029,0.044230710999373805
177030,0.012935971159337098
177031,0.04572913179612169
177032,0.0667234112568348
177047,0.02909980579863893
177048,0.013198151649131679
177051,0.0619271814261481
177055,0.013791206867737596
177060,0.02666464436082655
177064,0.1191811404786904
177065,0.010615219015755909
177069,0.14747134439254203
177076,0.12434291287377927
177085,0.037237090953025895
177087,0.07539050076317388
177105,0.08120768966270644
177126,0.06850361519702848
177133,0.04535543061245923
177141,0.023213631652662638
177146,0.0775457694449603
177156,0.12061465987422156
177179,0.028997534093818132
177187,0.33888893559995564
177192,0.18500669280892731
177203,0.07573672352475001
177228,0.12827581713048938
177229,0.049194783200706665
177249,0.06674826979406043
177250,0.15200055762590675
177253,0.05034010971998676
177260,0.048391923357908956
177262,0.025249614279323918
177270,0.07932048856545756
177275,0.08463357787164705
177284,0.07635846925953685
177285,0.19275371552036952
177314,0.13762981555112244
177319,0.19123419240878636
177325,0.0211723325497156
177327,0.07807733904799254
177339,0.042048751832788694
177344,0.09437931847852579
177378,0.07124560163169258
177384,0.04333577028504057
177385,0.013832980532384253
177386,0.03903154721592409
177387,0.02755385953801893
177405,0.0855793903067685
177423,0.12329059815348294
177424,0.011070160808273107
177425,0.033096460490632314
177430,0.12031748290155375
177435,0.08031618688027324
177447,0.0565988572987247
177448,0.039650919705735484
177449,0.020934629086086155
177451,0.05945671302731089
177460,0.23638527037964013
177479,0.019522548964598183
177489,0.028057581555774237
177504,0.011165901662917022
177505,0.07979817984117912
177511,0.15360750148807625
177524,0.10831335336808301
177526,0.01574107086328208
177535,0.014286459689556321
177558,0.04279094914717537
177562,0.12288896565594074
177569,0.025221715526390198
177579,0.01661122415546943
177580,0.056586792586300824
177583,0.010178034901661632
177584,0.11445886824820739
177585,0.1073961667856795
177605,0.20332724723630888
177606,0.031914617955222366
177618,0.0926520550432576
177639,0.3305193532808482
177649,0.008894233183012074
177656,0.017208290906262982
177657,0.019287125336814183
177661,0.1052696998272686
177665,0.03433085853139275
177669,0.045930635326264
177680,0.20055362689016146
177688,0.3429607588751832
177689,0.028586388290508996
177694,0.019059936682453905
177696,0.12479460470207959
177700,0.06083574934785293
177705,0.052208402138454846
177710,0.09520331589838896
177720,0.015441402694335119
177728,0.03672477663603056
177729,0.07133997566500636
177731,0.04141400266123252
177733,0.07632765042502751
177749,0.042719710313311204
177751,0.08771930804103827
177767,0.05727005426313344
177776,0.02937257363987194
177780,0.1935762128187592
177783,0.03776278471756707
177785,0.15744197251319414
177791,0.038176672295975524
177797,0.02576976640256711
177798,0.0232796728982511
177799,0.013255471288787212
177802,0.03694225620688159
177803,0.04866641185353599
177805,0.01781726918814084
177820,0.010288840758636572
177824,0.023799555792420952
177825,0.03946695760361382
177829,0.011575770675642569
177839,0.11686858494624038
177861,0.03403234830322472
177865,0.05827427558164806
177867,0.017974607830754784
177875,0.18338127319069247
177876,0.3421189066462093
177878,0.04458381915129159
177883,0.026995582551801862
177886,0.009055558894031172
177891,0.11683406908213907
177892,0.0522294754774111
177902,0.03371611519579858
177904,0.148552419317665
177931,0.0521091192617942
177939,0.025690513602153724
177944,0.1250358983973828
177946,0.04090666864671558
177959,0.1899490172365167
177977,0.059989132432381666
177992,0.0775273007018916
177993,0.12023430051577481
178005,0.04469218724719094
178008,0.026403702300598082
178009,0.04317566832643947
178012,0.1890042524791646
178015,0.014093348791442079
178018,0.03259775771901332
178037,0.11295016633364359
178050,0.010898138453883852
178058,0.07651377008092997
178060,0.02268563605301791
178064,0.3594978023603306
178074,0.03436786156395264
178077,0.043728496758297486
178094,0.044194057689309944
178095,0.113020951722629
178096,0.07476333183172766
178107,0.04300822419399373
178117,0.021845024198188918
178146,0.017588724988137402
178154,0.051436691956174826
178160,0.06100661770472855
178164,0.03721157091134682
178172,0.011199884330338526
178174,0.16820508456282846
178182,0.23361310449218267
178184,0.1275540907642824
178196,0.0716594480240457
178223,0.19309655933338024
178225,0.0991451152238442
178226,0.060080385729497754
178240,0.06373188721355118
178242,0.04957562366415748
178250,0.11729717399411077
178268,0.04451048466496128
178282,0.04662177372449675
178285,0.18734847233126445
178288,0.03749896828532906
178290,0.008891499974611285
178295,0.024200747175326172
178312,0.014323535738491905
178317,0.01884181700807962
178342,0.14152504321349207
178343,0.044153614724311965
178344,0.05520071034997013
178346,0.022424024994255654
178353,0.11568255478072839
178356,0.4073113967635652
178358,0.010933806552794419
178359,0.11463666038163214
178362,0.1593689203508848
178380,0.03784879658890101
178387,0.01838119398980842
178391,0.30241766645663076
178395,0.14684596930704985
178408,0.08031987667300439
178415,0.010339360612680728
178421,0.011612156376427787
178424,0.21689867005237629
178428,0.07597681304459523
178432,0.025339980179337314
178433,0.05976027321170642
178436,0.057120285934705105
178442,0.029660553630745712
178453,0.027569796802850897
178459,0.04891366699834533
178467,0.0756233593937639
178472,0.15344838167284697
178491,0.016270522389465372
178499,0.04722774012420257
178504,0.07040524314128918
178506,0.13126573549176096
178509,0.04508997687779216
178517,0.02944253530578462
178525,0.05682285685258191
178530,0.05503287999175199
178531,0.20387626571405124
178537,0.04173328416097959
178553,0.11287276785293224
178557,0.014375926028665973
178565,0.03285696438345491
178566,0.06326268232895423
178579,0.04076208238098678
178586,0.118577971278041
178589,0.07552955404565062
178592,0.057953254432523305
178610,0.010896713208781737
178620,0.038179282278804384
178621,0.01140957103991702
178622,0.08194995147259247
178643,0.012968644850931363
178665,0.03251228964993791
178671,0.029165710072580082
178675,0.01857436249556931
178692,0.041068667352635244
178722,0.04470462186192898
178723,0.05490955948125338
178726,0.05198837827101298
178731,0.20837355370931215
178737,0.05247274133073397
178739,0.05194568126853903
178745,0.009332277041015672
178766,0.02422509753047291
178771,0.10394143069273801
178775,0.04675048227629121
178785,0.03849430169013078
178789,0.08081467291073569
178790,0.030271703774276182
178792,0.08271943224401
178804,0.009490385565058341
178817,0.03308833568757602
178821,0.035633387293803456
178825,0.040841115421187735
178830,0.06665523438714689
178831,0.24905325763256697
178832,0.10542058639967718
178847,0.09249976238275767
178853,0.042178387549569485
178856,0.06131475167062399
178867,0.023354513582989112
178868,0.02291591159080379
178881,0.06523264229016143
178887,0.018316994022649895
178888,0.3179386632404946
178908,0.05105563150635397
178909,0.05863800394233237
178942,0.1077891447139578
178943,0.2454076480184122
178946,0.01296393195364166
178947,0.2182438786269152
178950,0.18060658875493477
178958,0.19283598938190938
178976,0.013753226619683739
178986,0.013561868542040903
178989,0.00899671800403247
178995,0.18720228818459855
178996,0.10706844398263715
179006,0.04707516769365973
179025,0.04001413375025333
179034,0.044230710999373805
179038,0.4133605237432515
179043,0.019274386293205305
179050,0.019332895401960697
179051,0.07417756059876338
179076,0.19748473122805119
179077,0.041194258117259026
179091,0.04400243204884868
179092,0.10716020509932475
179111,0.1100673563563748
179128,0.08264418621945405
179132,0.09434456307710706
179137,0.046952696600272556
179138,0.0626529736426525
179146,0.0900634452494787
179148,0.11249013027201207
179149,0.025893568447776315
179150,0.026092878849373752
179155,0.022893819879342255
179164,0.038883980988879956
179177,0.01281437974359526
179178,0.027349802140798497
179182,0.16060278809545067
179184,0.011538037715513035
179186,0.22423870879027646
179191,0.14326891217205448
179194,0.0775476152679444
179201,0.1064338698991563
179210,0.01281437974359526
179211,0.05665185195092233
179212,0.09356282111442289
179216,0.1799864427204442
179229,0.01110685319610322
179235,0.01966594443130455
179236,0.08461309332409138
179241,0.01898189040996399
179244,0.026966753941100367
179249,0.048441888817113324
179256,0.24822105964656407
179260,0.10056888283304885
179262,0.23738721550269246
179264,0.12010549891479369
179268,0.059929602634672195
179272,0.028534597845136744
179280,0.030545747500392822
179287,0.025916462869833366
179288,0.026696732579045285
179290,0.01424897857870284
179295,0.01646044321110737
179298,0.06754344383839725
179306,0.02214913120711679
179307,0.014375926028665973
179310,0.3179695931025134
179314,0.018211566801453322
179317,0.058811461388754184
179319,0.0728424230900275
179327,0.011715738367575865
179336,0.04778240796452293
179342,0.010820872615903903
179344,0.41427257106353244
179347,0.013473335580572149
179357,0.03547034278438398
179368,0.13371788587093533
179413,0.028003231021178288
179425,0.027964045454944776
179435,0.13787570475735447
179447,0.02292221100206878
179449,0.012867966593667315
179458,0.019879042739957577
179460,0.01090422504366722
179475,0.25345208200842295
179486,0.13594631976334307
179493,0.010476891878433835
179499,0.04444729129349949
179501,0.038654198870482014
179508,0.08888185424647929
179511,0.026796611797058223
179513,0.060991052379645284
179519,0.05961456210440578
179537,0.03716318868428185
179550,0.012186640567003625
179559,0.04427248815719968
179560,0.04812773468555086
179578,0.08526434728871657
179583,0.01961528510683596
179590,0.03654536347334594
179597,0.01412081793184788
179599,0.023103058891624208
179602,0.23131659552568107
179609,0.014189463271622687
179621,0.08507637391431663
179624,0.1307436667041894
179625,0.011938275563323612
179630,0.028685254612714782
179640,0.025543181930409154
179641,0.01585516269853853
179644,0.009574839082506972
179649,0.05169042089784567
179650,0.18959763003720906
179652,0.04234133532512642
179653,0.18292592720383477
179660,0.16113547931602096
179662,0.04173991124209983
179673,0.221537198526081
179678,0.03938307230345233
179679,0.06828072204879229
179686,0.011294056641100904
179721,0.00943657349431021
179733,0.06527678277971449
179736,0.11949176984568692
179737,0.03907771165035529
179748,0.09638284826290407
179750,0.27985226127145235
179751,0.01413955139279082
179752,0.22375867819339593
179753,0.09247398875863234
179765,0.04157633563644944
179768,0.04717823136598144
179798,0.022559716350713216
179827,0.028422560050341356
179837,0.017357017715682023
179838,0.03131297025911543
179851,0.05904810669095607
179868,0.23530519289666868
179875,0.05513599674250521
179876,0.021132309801123874
179882,0.09491029574262452
179883,0.03299733037666122
179894,0.01044018982781702
179905,0.12068568355097105
179907,0.051164716490769
179919,0.019905345356495397
179926,0.046476053667196475
179936,0.03922861313197651
179941,0.07749870530793852
179945,0.11049631681217545
179951,0.160917913246635
179960,0.04403158619151357
179967,0.018206896131951214
179980,0.1186349157747469
179985,0.4116651804362735
179997,0.04727399846056222
180001,0.11426690459793579
180007,0.017096054217687607
180011,0.17635567298765684
180017,0.042258562187478525
180027,0.05127634223356174
180033,0.05418352024732583
180036,0.5391159076948863
180037,0.05787366206885366
180041,0.17910236593814344
180042,0.3626059606043761
180050,0.27681535249309974
180059,0.020575275643680887
180066,0.01835688826751155
180067,0.04763132642559494
180085,0.027113083928926595
180092,0.026138769155731222
180099,0.02273141903078238
180101,0.21025127006483574
180115,0.07270372714347863
180122,0.0726247196747423
180126,0.057759522335008875
180127,0.038203362626619504
180140,0.043491531167050713
180141,0.014801959204432225
180158,0.05307540362919039
180163,0.15930721896981936
180178,0.01242928648959846
180189,0.014725049094566492
180198,0.04362093019692227
180201,0.14920595289185004
180202,0.12209462618365141
180209,0.089590520448996
180239,0.10654438371459873
180244,0.04086239951011054
180270,0.01563497611824565
180271,0.0273527080722539
180286,0.07644041691585603
180287,0.025771080706933243
180291,0.03380899369776979
180293,0.020321835506330755
180296,0.04766940197141252
180297,0.046775140044998574
180305,0.02943193291761546
180318,0.07074638802473841
180319,0.07941403415176608
180322,0.022909466752974998
180323,0.040542324798321976
180331,0.030791602912192906
180365,0.010910869604031724
180368,0.11016752667955862
180369,0.062163510120249135
180382,0.030256115357876277
180387,0.028510478338353733
180388,0.36676426167941945
180389,0.07317515129397018
180398,0.02572247787179799
180399,0.010884082785846894
180402,0.12114827857929981
180406,0.05506989493542226
180407,0.039644849120091426
180408,0.07421212234262621
180413,0.031818652621927145
180416,0.030737929328416326
180420,0.02301672925075839
180429,0.1941803955963695
180430,0.3768593770113839
180431,0.02360565857508524
180438,0.014099068476959126
180441,0.014296555755118154
180448,0.08660056592638558
180453,0.011197852534274567
180478,0.25047577590694403
180480,0.05658361879817657
180510,0.03883533851284333
180524,0.11549140591522215
180534,0.01716588236515583
180537,0.4910173429126156
180545,0.022507836761353206
180550,0.10707343354608556
180559,0.010521512667889709
180583,0.03543931875583138
180587,0.013095486487281153
180594,0.06443716089365423
180597,0.11897286696084253
180598,0.13727752082510575
180599,0.0961763856972726
180601,0.19520882688719435
180624,0.17967652850340143
180625,0.35917389715259374
180634,0.03590067919703285
180647,0.009520541199841347
180652,0.03961975972932162
180656,0.1366996337061816
180664,0.03955589592756939
180666,0.11873948829171202
180674,0.04337340419851266
180679,0.050295035193318335
180685,0.039880837793628006
180692,0.11967610523976606
180698,0.04114735914665255
180699,0.012123838088690551
180700,0.012478831596961176
180702,0.02935131390625384
180710,0.034569103823380444
180736,0.022943571580582005
180739,0.11463528774870527
180741,0.0830927968863071
180743,0.22674437172156173
180747,0.010494546813880486
180754,0.07543361989808334
180755,0.022182932092367037
180756,0.015599979328019719
180768,0.01997610089565122
180773,0.06418437300970366
180775,0.0512053762067069
180784,0.10598175912039982
180787,0.015523063762382083
180795,0.02466176883275753
180796,0.09594795688977106
180799,0.0115004580180349
180811,0.11026369106573577
180813,0.045715334295785885
180827,0.04585082914666258
180828,0.013657472954520486
180833,0.13712799520882407
180834,0.08149201202675291
180847,0.0520024415688499
180852,0.30391807750164124
180853,0.037057702228300786
180854,0.02015788137727852
180855,0.11966366811072478
180856,0.03585040739853318
180858,0.03510782383153059
180859,0.2528923558631598
180867,0.03773855058077299
180868,0.030172791277279863
180872,0.08335336695695363
180873,0.046013526540654784
180874,0.22921090737069522
180875,0.056254308243460435
180878,0.02838824385606776
180888,0.09483134391410773
180889,0.015523063762382083
180891,0.010607503108286577
180902,0.06373255429427023
180907,0.22145225429068302
180913,0.03568135726062174
180916,0.01873415246926749
180954,0.030361403334206956
180962,0.024158998463299098
180963,0.011804528274003849
180967,0.09231417604661873
180971,0.1441170735879097
180975,0.05290168881633363
180985,0.07130506901210806
180991,0.019440057721067876
181009,0.032573778378390435
181012,0.011462836738752051
181015,0.08231373625271812
181034,0.09496318705134833
181064,0.10200707229052083
181071,0.13081942975623154
181083,0.10990285853389477
181084,0.009521027011758842
181085,0.01844703626647203
181088,0.047606193533086746
181098,0.09779270211550876
181110,0.18570348227336764
181111,0.049111122043771036
181112,0.010476870573612889
181114,0.10944421099119561
181117,0.2238191363166025
181157,0.018258995686310602
181160,0.095724305334254
181161,0.08588856025219244
181165,0.05386669792019264
181179,0.30053938100790656
181186,0.03419715104418584
181196,0.09305421403908327
181197,0.3518854646401869
181204,0.0976123666114478
181213,0.06723492444462927
181214,0.40980289045367313
181221,0.08857444878430994
181224,0.04357515996233602
181226,0.025834107401738506
181236,0.10676965074199211
181256,0.3933235225424376
181257,0.020761860746615686
181279,0.04876444210504714
181282,0.03247074190187053
181285,0.10536266525747576
181288,0.023873107241458767
181289,0.19218967686607952
181290,0.018892994923133143
181298,0.015941635394785054
181299,0.08543526037006109
181307,0.030240602227438983
181312,0.30798898578682465
181318,0.034645460106427856
181322,0.05708228303256972
181338,0.11138415170872193
181340,0.019299693554218705
181342,0.010254968927449428
181344,0.09922273787225017
181350,0.05413273191612313
181373,0.08168324945638863
181374,0.15891153272891248
181375,0.011510183153406293
181379,0.17782483024208268
181381,0.020027358387986298
181385,0.061712874063048706
181388,0.011725039413158514
181392,0.04833120751984293
181393,0.15786880488576382
181425,0.010635983527728463
181465,0.034157418335413005
181481,0.05156765970993442
181484,0.05565514148338181
181494,0.019670333082452647
181501,0.045606932814052835
181507,0.03404156144467894
181521,0.0665398856663877
181524,0.02118100112845085
181538,0.2878104467737739
181540,0.03977140206945894
181547,0.18303802248588102
181551,0.043715410828678705
181555,0.06659432973262291
181561,0.08468204533632076
181564,0.022615761463916063
181567,0.12303542114367139
181599,0.02986674904846026
181602,0.19082278945214803
181612,0.05821358872304975
181613,0.057697963231300185
181615,0.05171957630986336
181621,0.02841252942269256
181622,0.08510984106321474
181629,0.042349917889901806
181630,0.03319105541303867
181633,0.04353928157196183
181635,0.13974961839299038
181641,0.030561895630282988
181643,0.25637337427482965
181644,0.12673103408676745
181649,0.06509562893747986
181659,0.04137760498411548
181660,0.016520043203592797
181665,0.1777000260367206
181666,0.049964015275009516
181672,0.07238516848101509
181682,0.09735481080767713
181693,0.17838743255738398
181697,0.06905463415543175
181703,0.022266148549193197
181704,0.02951024141662052
181720,0.05675101021591206
181722,0.07630631157011494
181732,0.09189903940914543
181733,0.03959993944269225
181736,0.024591908139963543
181737,0.021654177847180777
181747,0.022282391511538113
181758,0.2324764121148098
181764,0.04167534158948949
181770,0.05340021488250204
181774,0.17123010116791976
181783,0.18384999987514447
181788,0.021485179846902132
181789,0.09127167542519046
181804,0.07687890006274876
181809,0.0262584378552906
181821,0.1802495397538569
181836,0.01388429667740819
181863,0.04805413602931259
181867,0.041894278934584375
181868,0.17449541726798018
181871,0.03945233463127408
181904,0.22957074358851406
181931,0.015889887285785505
181932,0.020314465072072914
181941,0.028279048107178833
181944,0.1405092863658159
181958,0.06173466923316
181971,0.02472992293007707
181986,0.038119937979461616
182002,0.014370166641602974
182007,0.021958339235830383
182012,0.022426404036567944
182022,0.04494307951448103
182031,0.09092879365934613
182050,0.07158000648645967
182053,0.0471107551075448
182071,0.05026555866692507
182072,0.12786332999243089
182073,0.05639560922193021
182102,0.04403503095892851
182106,0.030358851240549007
182116,0.024234844277183476
182117,0.1608955051086159
182118,0.010216201683156801
182124,0.0552858484626287
182125,0.08385233151748499
182145,0.03865095327383429
182150,0.13368267793149105
182154,0.02602442635966082
182167,0.07828800445302256
182179,0.1363541487118937
182181,0.025728734548085924
182183,0.014600928798290983
182218,0.024869676500064282
182225,0.013259844361335186
182226,0.1545764122268568
182266,0.1887292655689941
182272,0.03692661371252208
182275,0.04271076976837448
182295,0.13064812124107225
182305,0.008894233183012074
182312,0.06514282386155641
182313,0.021351932614695812
182327,0.019426368700354225
182337,0.01959019963696258
182340,0.008894233183012074
182341,0.02736636015103721
182342,0.027016668357913342
182345,0.0776099772193819
182353,0.010675794950900274
182355,0.011541026504874409
182371,0.020338874591275407
182376,0.013050877762147944
182381,0.02718160148801142
182382,0.014229169436856412
182384,0.06134408833345558
182387,0.10733698034245187
182412,0.02075223375526341
182419,0.11509838820407255
182432,0.12614891971228692
182438,0.0624654127810418
182448,0.4707708050897102
182450,0.07005645830897392
182465,0.021897595473646305
182468,0.011438753232442568
182474,0.04560388097382914
182483,0.051966081976432967
182484,0.06144687196618067
182485,0.022041135993677213
182486,0.036448056030448255
182489,0.2023173675009382
182500,0.039847752798444505
182501,0.0282361654046203
182504,0.19242815637848532
182514,0.016516389600794986
182524,0.034606590373356894
182525,0.08389233042558508
182533,0.00943657349431021
182536,0.11211685283465989
182539,0.038453900114048194
182550,0.014850763750287793
182553,0.059217955411446935
182568,0.02376592001579777
182571,0.015191973590697858
182573,0.024810653155717486
182580,0.06393125018572478
182615,0.01851465681714979
182618,0.015256027916009616
182624,0.015493759918882268
182644,0.027249317002949282
182686,0.33143107610270783
182687,0.1346162834787297
182695,0.36833454768410795
182718,0.11233539846598532
182726,0.09861473925533118
182735,0.08469135313375245
182742,0.04024424427991427
182747,0.045902361576773104
182748,0.023756982986666775
182752,0.045944468667190555
182761,0.11964522578946521
182800,0.01421157186214897
182802,0.0649959998081568
182807,0.11007331941644867
182816,0.11282513402936027
182818,0.04867351521193701
182826,0.04784657890670982
182836,0.013861233069115759
182840,0.20022359558809227
182841,0.19546826257804684
182846,0.0458426822647854
182862,0.03625184742961559
182864,0.04127559906155521
182871,0.08650268223701842
182878,0.07733667699281856
182880,0.10908479897057863
182885,0.011438753232442568
182893,0.017921723273292986
182894,0.18615999776999048
182895,0.013957007955973978
182901,0.11603897265207812
182907,0.22227656602655377
182921,0.07348380004994433
182952,0.025163922032983028
182964,0.17616484922746575
182966,0.23326734286387474
182980,0.012100005971848285
182985,0.3239351339090215
182989,0.09210637683405361
182994,0.05277551421889959
183035,0.3290471499999326
183037,0.1243100848665815
183042,0.020708901535537175
183049,0.04923577028574617
183050,0.008882247144193715
183051,0.015902388939787716
183062,0.011311688179177716
183063,0.013489182687031878
183064,0.012601004198144316
183076,0.056582321464193466
183078,0.20799872414665574
183086,0.03744357458562138
183089,0.09578733436463319
183091,0.050246684413764384
183097,0.05882816882381805
183104,0.011655969669666989
183118,0.21026544282061072
183119,0.1516540255576455
183134,0.07011289859047759
183142,0.19646497939347565
183157,0.015796435677606815
183162,0.02000564230759943
183180,0.020575946460260564
183193,0.10588823003756351
183213,0.023051776857852497
183216,0.23360242760892516
183223,0.024965414198929847
183226,0.05924378107774453
183264,0.01875817878615956
183273,0.1785457554673852
183278,0.011255151094520995
183282,0.08757211826066216
183283,0.11363620108513557
183286,0.022126179418972047
183288,0.05135031166757296
183299,0.11049569320787256
183310,0.015747017846782372
183315,0.08329024147018543
183332,0.020274674167685157
183336,0.03713756352448822
183341,0.04373808537301467
183342,0.048435912127861754
183345,0.010222594141992192
183347,0.04648227213847711
183360,0.04922517152051218
183362,0.02002921925880527
183370,0.028400971408650916
183379,0.011271119692338207
183386,0.1086793866418646
183410,0.05983975011618177
183417,0.046016200042789814
183419,0.03850707561435
183421,0.06095602550204049
183425,0.24300306177150038
183427,0.05235854200548814
183433,0.09976807530039396
183434,0.09588852117405916
183438,0.026938951281152628
183439,0.021958339235830383
183440,0.169067573699255
183450,0.0836207732046726
183451,0.18946133428006162
183453,0.012218446395940814
183454,0.03226430849055628
183455,0.23369624691775076
183457,0.022251965141719825
183463,0.1984631020276359
183475,0.019611801694641134
183478,0.1202659694233055
183480,0.0811705129600981
183490,0.01393820016347028
183494,0.21014226881346768
183503,0.05207911702309824
183512,0.14116959457394876
183517,0.07521013290155157
183530,0.041995203061669185
183532,0.013541740506151503
183533,0.009549145349318368
183536,0.015600535941993668
183545,0.017535957618897702
183549,0.035353500656501696
183550,0.04827268728168788
183551,0.1868589212218657
183555,0.04511563989033802
183560,0.061919181858165515
183585,0.022471684958719998
183591,0.0272196686542453
183592,0.010635983527728463
183603,0.29966785626071907
183610,0.047353730434862726
183628,0.27327792773685455
183644,0.036442365841403576
183646,0.15275505232862419
183649,0.023042385928974098
183656,0.06994210426539
183658,0.427314835007971
183688,0.010486289271704245
183690,0.01532658374845706
183691,0.07723087046608319
183697,0.22623138372202725
183709,0.11812216178770114
183711,0.11207431163944423
183714,0.15559874271036583
183725,0.025952156520320752
183736,0.05536520002799157
183742,0.012067946476372946
183772,0.052903539018092596
183776,0.06467265965195713
183787,0.02707593652251123
183792,0.23209434906709475
183793,0.06508941122879194
183799,0.19847031670674375
183816,0.024357089939841287
183818,0.19960975997187771
183832,0.02022259468581654
183836,0.034420520695905774
183839,0.018816768244090093
183840,0.0415587106124043
183855,0.013704840476653202
183857,0.056077574270035235
183863,0.05192788577950275
183866,0.03443595433147696
183876,0.05401289464017147
183878,0.18414537340417206
183897,0.009954408133553829
183902,0.056055197150412385
183915,0.011470552646221384
183925,0.21688287458922587
183936,0.028309904911675548
183939,0.04074761717725127
183951,0.015508487395057651
183956,0.029528839802922573
183957,0.017097863220357615
183974,0.012728069251409166
183982,0.13424088235655637
183994,0.015333268223436345
184008,0.1076710442692845
184013,0.21574170418650832
184016,0.020532364866242915
184019,0.04386884143525584
184024,0.06912111136476592
184025,0.07120911747139072
184038,0.010060830833422088
184045,0.032802569699914644
184056,0.023032064866214674
184060,0.06404871917695099
184071,0.017208290906262982
184073,0.05015627229792554
184074,0.022668259289875543
184077,0.0221032244109661
184105,0.12352841652746553
184106,0.09617262663438202
184133,0.06194644168796777
184154,0.32834467571407505
184163,0.0108968075826517
184165,0.18169202897837994
184193,0.14133277900903976
184194,0.046221860690184594
184195,0.009495209548535102
184202,0.126031838713791
184226,0.4756280453097522
184230,0.02931619285017195
184231,0.189400876287455
184234,0.12221866115726825
184238,0.011282306051723198
184248,0.011165901662917022
184257,0.028997534093818132
184268,0.0317874102630767
184282,0.025678319262681736
184291,0.048543362057696736
184294,0.01903950093882174
184295,0.28685058734698776
184304,0.04501061028493295
184309,0.01593735799483096
184318,0.062423829737717526
184325,0.030787115417211363
184329,0.022610896552980875
184330,0.009242497232500198
184333,0.2248936876434334
184337,0.009574839082506972
184338,0.06149261435904076
184340,0.011140207929728417
184341,0.04731528110354638
184347,0.11049052888475938
184354,0.04618892464994141
184355,0.036626596451910784
184372,0.034129001845544474
184384,0.0637015047682889
184385,0.017825932302058728
184386,0.02265714666432549
184389,0.13619329613502643
184401,0.019332895401960697
184405,0.05265586738128638
184431,0.16173836064084976
184450,0.015405229229332055
184453,0.3755764952758681
184470,0.0742890049320405
184471,0.03042276980914248
184486,0.1356445985366713
184488,0.017644955297916064
184489,0.02084832606829274
184497,0.03413931546891775
184508,0.03999085586712867
184509,0.03287518690434023
184516,0.09505685627147065
184525,0.1047203933264876
184526,0.02966633067477651
184531,0.03347723764283209
184557,0.041296069525746756
184576,0.022334393476524987
184589,0.010889247312463858
184605,0.012376977909630434
184613,0.13824787984050804
184630,0.037914944977859175
184635,0.06499644145226333
184636,0.010246181810200474
184643,0.022041135993677213
184645,0.04432680502861093
184653,0.031893742472298224
184655,0.06996882948527043
184656,0.058319917525890774
184660,0.03938093212201662
184716,0.10256955776751724
184736,0.015614374967122239
184758,0.07248537512180062
184767,0.07938010439994714
184770,0.12026808776908822
184773,0.014805166115883875
184776,0.08426704250581117
184792,0.09744263303099868
184812,0.02415068222093495
184820,0.04845573346454567
184829,0.027354567812494957
184831,0.12749124626280958
184832,0.047875377937731244
184834,0.021829688582732636
184847,0.11546257195837499
184848,0.06982005082662213
184858,0.012018192531505822
184866,0.023892740591153705
184869,0.06747338207147675
184870,0.07209833295178986
184873,0.012109373989570462
184874,0.019320337492772628
184876,0.06394723273836671
184879,0.2014424638610548
184880,0.014557038753100455
184885,0.015039032730568822
184896,0.03629227785860474
184916,0.2956793278427617
184918,0.04669993713455827
184919,0.09716618316141222
184921,0.09876926517666457
184936,0.0415928728691008
184944,0.2803197976639762
184956,0.12045110514241604
184963,0.08485538380576768
184964,0.009521027011758842
184965,0.08155989128811642
184972,0.06108645072841773
184977,0.07173759631213902
184982,0.027608739924047925
184988,0.3171818774273226
184992,0.11264803542464967
184994,0.012975705454614355
184998,0.23729489303977874
185017,0.014224946842274036
185024,0.018394542159472605
185032,0.10456570004636472
185037,0.027613475062529647
185040,0.009160776923452357
185043,0.06134000533200329
185048,0.04275692144281269
185059,0.13253843300319917
185076,0.16108430191370263
185083,0.01827120818490522
185090,0.06042790887082602
185099,0.04065418765910713
185101,0.01302533144245907
185106,0.06652192258979378
185121,0.12019935659340678
185125,0.1172402363185248
185126,0.12691308747604194
185127,0.130045874545333
185153,0.05050675667654987
185167,0.13461842836261273
185171,0.06986568207632228
185178,0.042719983997937465
185180,0.04509757812538241
185181,0.011272872304826053
185183,0.14561145071215958
185186,0.17211224207901205
185187,0.1117929451630536
185188,0.013561868542040903
185189,0.03209407676532164
185194,0.19295672974054554
185207,0.06479590609936232
185209,0.05210954100744164
185210,0.1277023866990781
185212,0.01410702883995063
185220,0.047346359177786915
185221,0.0513487716588211
185230,0.12429480467256337
185231,0.07058040456319131
185245,0.011551863384170939
185249,0.05704417744082677
185262,0.011452134888696282
185285,0.29563146810361807
185286,0.10866907979054627
185288,0.01344975779072953
185296,0.020661625206514093
185298,0.25518880567382773
185299,0.011303070563695752
185308,0.024740845301075797
185311,0.04509106775370056
185313,0.04071705304835047
185314,0.08826769934676805
185332,0.1838049669597004
185337,0.02522180022935776
185338,0.025071054285432985
185339,0.07352073269830912
185341,0.0447688978840764
185342,0.026953482070426103
185344,0.04164741177849549
185349,0.09502588712840335
185362,0.04394928514355213
185363,0.128601494470452
185394,0.009996442037739537
185410,0.081074232733365
185418,0.01575384723072889
185423,0.11808423064749074
185428,0.10985974232426783
185442,0.14394028260234076
185447,0.1127793711412921
185450,0.02138795150801622
185454,0.010692091209326378
185475,0.2358710804044403
185481,0.056012885138043776
185483,0.014913154080971523
185485,0.11823443489784366
185496,0.02643706665692887
185504,0.016443514222463453
185505,0.008894233183012074
185512,0.04331864945489898
185515,0.010913042040821865
185534,0.04070979797809274
185536,0.026149565930220497
185538,0.07719805103326194
185552,0.012698812825580783
185569,0.07920262607394042
185576,0.011860945345142123
185578,0.03987493160634857
185581,0.08776315625045229
185584,0.033893220486722817
185585,0.03419140113623009
185586,0.1475126608928002
185592,0.06028446550419779
185604,0.011295387512333057
185606,0.015693179821432857
185607,0.06389582908222705
185618,0.07445516690645394
185622,0.0909322520447684
185628,0.12834281395151306
185629,0.01814708716774192
185634,0.04141281027449867
185637,0.17218754036919837
185638,0.010745131308069356
185640,0.2080534359773853
185641,0.01072772903854674
185645,0.03765801885198587
185646,0.14298325381558902
185647,0.012021805848218905
185662,0.06244220501403971
185669,0.0734768008013172
185675,0.009709550481212748
185687,0.042349857912244104
185688,0.09667198793940404
185689,0.039015800119114125
185690,0.06552869457375476
185697,0.04826088775866656
185710,0.19254179331885296
185733,0.020841823029666546
185740,0.0662031595888525
185806,0.039490789874677336
185812,0.31028678208838156
185824,0.036023268013470874
185825,0.024596247118853526
185826,0.09426173989446304
185827,0.21293832120880213
185828,0.04015276108179983
185837,0.033591161050441645
185859,0.0648451039962418
185861,0.02666464436082655
185872,0.03435504504002536
185874,0.039211796022544196
185891,0.17721432549157995
185893,0.09190652116271311
185897,0.043294616022177976
185900,0.019461270633665817
185910,0.04501703138368728
185919,0.012123410560927006
185932,0.03243822680217108
185937,0.09511211644186071
185939,0.014719585646970377
185965,0.018057407398294558
185968,0.09795318254038009
185971,0.020726065333072273
185978,0.1285871763697374
185980,0.017411240517367456
185981,0.037072272652217624
185982,0.02861867184582965
185991,0.021660108722419313
185997,0.020389638037452543
185998,0.029481011463754304
186014,0.017206428743601974
186021,0.030685346802757352
186025,0.10208199968456262
186034,0.037659332984160944
186054,0.054048962987612505
186061,0.055306195039011796
186065,0.04293313757343711
186066,0.05815148221629821
186070,0.09166622321463469
186080,0.03927811191572332
186085,0.021958339235830383
186094,0.2367075955516718
186110,0.07261633942817267
186113,0.014010085552349252
186116,0.041502625243878745
186127,0.013042726943635766
186129,0.09159044425041053
186135,0.026632810832196714
186139,0.32917521513209647
186151,0.031236428711255627
186153,0.07622233637003742
186156,0.012044602479265084
186158,0.04903452073232762
186159,0.009574839082506972
186166,0.19428866284792745
186168,0.040789900549112294
186169,0.03370863876748494
186170,0.01730020847928665
186179,0.013365062390756372
186188,0.018199679765742816
186210,0.010615219015755909
186227,0.019861554841055763
186229,0.13361829854312363
186230,0.05162022554942477
186249,0.015196725154816293
186254,0.01727796951412524
186264,0.00943657349431021
186265,0.06281896572677884
186273,0.013529731821511038
186276,0.030476086738450786
186289,0.02299574239808686
186296,0.17195171147084237
186308,0.015525072990284144
186309,0.03640924438789431
186310,0.03452317298112409
186316,0.02234939406385168
186321,0.026567838687346024
186333,0.10700587471939504
186346,0.05265485320784659
186391,0.09138974060506842
186398,0.13429649859171974
186407,0.030685991149026353
186411,0.09041389990245173
186415,0.04435245107347509
186426,0.2500924686037387
186444,0.009693013717494344
186448,0.2487088577835967
186453,0.2089744377299833
186456,0.009275247783291111
186460,0.011897707076484102
186461,0.038772581002772706
186473,0.06760373144856544
186489,0.1842038674808792
186490,0.1443578490649522
186491,0.040025962023228646
186492,0.01701331206073064
186493,0.07558792319043989
186503,0.04360879912739667
186505,0.09619049415191384
186506,0.011929431669634012
186508,0.0168282893668417
186524,0.15347020797609293
186526,0.06058391047878207
186536,0.022155292338778488
186539,0.08967800686244144
186543,0.026074074079201766
186558,0.1159961366752907
186568,0.13933691137307808
186573,0.1239606165882529
186587,0.04668238288923342
186599,0.03944212394600517
186609,0.24904783269397207
186610,0.009732423633444108
186612,0.04827693215414804
186632,0.1432339540550484
186634,0.049577956999238816
186649,0.04506654140901997
186652,0.2234330924733236
186660,0.06907635809016077
186668,0.1208474161815615
186674,0.10061229408297592
186675,0.04367599966549794
186679,0.07005114486155037
186682,0.02618465967040263
186683,0.011844864755907892
186695,0.5340379153845329
186696,0.017540761653956464
186704,0.1957439294292304
186709,0.29873409333265377
186714,0.11000477099158248
186723,0.010367478950240256
186726,0.3188319625952547
186728,0.12961401967331332
186729,0.0251335901776918
186731,0.1043967992394125
186737,0.09682995189108264
186742,0.011354299714993936
186743,0.018420260118327675
186745,0.0634155200918874
186747,0.013770289430717769
186750,0.03368369377833442
186769,0.07147149428991745
186771,0.21091218783088816
186787,0.05057059209915884
186796,0.1430054618885769
186802,0.20316095181387187
186811,0.020872793622764545
186812,0.04043062156252744
186815,0.04404726631800589
186840,0.03683630783598747
186842,0.3195115919399043
186853,0.1303684596590297
186859,0.04470956054241281
186878,0.027238368543255974
186885,0.0377741145189419
186890,0.02510023398521129
186906,0.22666734553496748
186916,0.020383834659368234
186927,0.029799297296586515
186928,0.04024328960526449
186931,0.06979667403661795
186934,0.02244292563794579
186938,0.18098078896423267
186943,0.19193319541385007
186944,0.12770071473303063
186945,0.08946830289733938
186947,0.1035990773499583
186952,0.042727443782885635
186953,0.034914816895419545
186960,0.1574772279828658
186962,0.025296345780699586
186991,0.025592462239680973
187001,0.4189045724736289
187017,0.06657977108503152
187019,0.057559443455749024
187024,0.017597745501862414
187035,0.0090811715214811
187037,0.10358759926820363
187056,0.009574839082506972
187057,0.04683908174079702
187058,0.2310380215470969
187065,0.08461958490841026
187066,0.19729276744291505
187069,0.019469018779182147
187070,0.04219157736389405
187074,0.019881514332035253
187085,0.02222158676492838
187087,0.04484431372951083
187100,0.05258999131088442
187117,0.10406291287457581
187158,0.11606779969387952
187159,0.03368369377833442
187162,0.045560118029676314
187164,0.019248698298318635
187167,0.027630345597711416
187168,0.026723941546105363
187171,0.017289692218958853
187184,0.14596446559720228
187194,0.09739037071667778
187208,0.08752248808524477
187211,0.12734568341193633
187220,0.04108590769476577
187224,0.03791773531039541
187242,0.05818352804278394
187259,0.021814229405328962
187260,0.049700220562355665
187267,0.2009080420994907
187280,0.3178913917453984
187287,0.013540951105021076
187291,0.02055533556888187
187296,0.023699925668392647
187301,0.06525435751162798
187315,0.31804380363153717
187319,0.02393012422304283
187326,0.23137868986869278
187328,0.0795147662923256
187329,0.06057961702446605
187330,0.044292418486959424
187335,0.04024216521562403
187339,0.010653576914049803
187340,0.06425304834630409
187353,0.08987468365977955
187356,0.038425222429013584
187367,0.12579171005117326
187383,0.04149102759943203
187388,0.056415554667619494
187401,0.047281396278402915
187415,0.03921711778353374
187422,0.043832386179363726
187439,0.290799546255331
187440,0.08259626175497467
187442,0.2936074512432224
187447,0.018277887845083263
187448,0.03975266033886239
187451,0.04519245731551243
187468,0.01147568090119638
187475,0.0953410013853471
187477,0.18057374007896118
187480,0.024769302403441558
187498,0.11331792520755865
187499,0.048440131200232585
187516,0.010908835097254009
187524,0.014927677247002493
187534,0.04887333132239534
187552,0.03765801885198587
187577,0.11161477543710356
187584,0.027288538749749142
187585,0.023175370309859788
187603,0.026869024617449454
187608,0.02474982387082701
187625,0.012004279062878726
187637,0.044051490638692806
187639,0.06565288169926306
187641,0.016819805677289627
187652,0.04047681008411656
187684,0.02680112041196473
187689,0.05571579320535865
187698,0.07709588543341414
187708,0.02911804666568098
187716,0.026342447075403914
187717,0.04112690433154599
187719,0.011020927878927207
187720,0.14811332969881374
187743,0.06843946884117383
187749,0.13076455780258828
187762,0.04749276008412956
187763,0.07442668862053556
187772,0.12590165697375935
187786,0.01922043359209536
187787,0.048098486908701416
187809,0.13720986850935368
187826,0.14693029019756837
187828,0.014312449812896113
187829,0.0330050854057462
187833,0.020666843105359805
187847,0.058112966876079565
187852,0.039827207653365074
187862,0.09824633137387687
187867,0.045818088240408394
187868,0.05800287814438674
187870,0.10428915679277999
187871,0.027982458072505396
187879,0.21131781898584534
187894,0.11673263837646623
187895,0.021390055366431966
187899,0.01988490810875402
187903,0.128827122935973
187915,0.011516249388035889
187919,0.07889559600235477
187941,0.01471733318709716
187942,0.12411761180539968
187944,0.030282752482417786
187947,0.11623639401387234
187949,0.17185010591593958
187950,0.039968522544893845
187952,0.08123773736859412
187964,0.315598044692292
187967,0.035956322918438116
187977,0.024321834015263527
187983,0.0856324460146514
187987,0.04661241868557338
187988,0.025761421344803075
187990,0.0239407908827317
187991,0.2385109043668884
187998,0.0860720724680982
188014,0.0780865561513318
188017,0.021270610029295818
188021,0.2088687484932143
188032,0.014125553337880254
188039,0.03339199648898471
188040,0.021050117608780002
188044,0.0624820603077216
188045,0.0313162945078593
188054,0.043904911807694
188069,0.021255708980650722
188070,0.10514963059141294
188081,0.02311149691948915
188092,0.21626773946018774
188106,0.07646809332345106
188108,0.05405266622893088
188117,0.013023057273421021
188120,0.03686137105116073
188130,0.03939424482009131
188133,0.07148546984168705
188136,0.04346707100474047
188151,0.010632559453061198
188153,0.035079709444395146
188158,0.022243665199226787
188171,0.014280999837775121
188175,0.07642414749132989
188192,0.09631155203334454
188194,0.06293429429178887
188198,0.12208991696278751
188199,0.09953158122758513
188228,0.21948486867622555
188232,0.04856395435251128
188233,0.05480517916188704
188234,0.0130589927315543
188245,0.011941220320312956
188248,0.08651992907662943
188254,0.043533408390106325
188261,0.04126629316757112
188262,0.04240665854778963
188267,0.02403844157747903
188276,0.02548679600513599
188281,0.35609051088150173
188282,0.11163712265122812
188295,0.012539843699218688
188309,0.015606900794356723
188313,0.10509341905650041
188324,0.06209728914758291
188327,0.0735182228494386
188328,0.05804058056952034
188329,0.10735759750833251
188336,0.048371706509242544
188337,0.0798098050088571
188350,0.05689252691454694
188389,0.0845701674952694
188399,0.010386780224593469
188413,0.027044548567401478
188415,0.052670011849720574
188421,0.01995564474631419
188438,0.03692661371252208
188449,0.35116962391814144
188466,0.04556310524930465
188470,0.010576451771463284
188486,0.03356507771766395
188492,0.023488680060916457
188507,0.0243561412623834
188511,0.01578062845011797
188521,0.10244801955057292
188540,0.30502319501452463
188542,0.06826583177031532
188551,0.33444261045092216
188557,0.027825219323709544
188558,0.023491511573971335
188561,0.15322182632765172
188563,0.19989709489036916
188565,0.03356865115660006
188577,0.05250232514616935
188586,0.0419411647136335
188591,0.035828526909250674
188594,0.029509648826878464
188614,0.0844334161572787
188622,0.021881562628277555
188626,0.03915127491189409
188632,0.16691015518523572
188635,0.08657930177874726
188639,0.044292418486959424
188645,0.12841970202430636
188646,0.18528788871427918
188647,0.04442741757428184
188653,0.04022623550693183
188659,0.044345455781883085
188677,0.12983492024975576
188694,0.03136458259115962
188695,0.008894233183012074
188696,0.011785686433638231
188707,0.010632197371178837
188714,0.04117819057765904
188715,0.16792020960467605
188722,0.19044618731603902
188724,0.035338083614386756
188729,0.021534075488194655
188734,0.02379921549903313
188739,0.39285214191210743
188746,0.027911119716110832
188747,0.02695203714803753
188768,0.03283632532828516
188770,0.09659589857173055
188772,0.10598974604319958
188787,0.02215167918477083
188792,0.07401083028212824
188793,0.011354786720295017
188808,0.02146915376737017
188828,0.04599357432858937
188848,0.03602035185953073
188851,0.044229781696260025
188856,0.07673491211663089
188862,0.10635749964340468
188875,0.14762210674391313
188876,0.46500795751091106
188878,0.054115454570739366
188880,0.013864421207607317
188890,0.09348201663669342
188900,0.029471933165817903
188914,0.09548275764404741
188928,0.0897661997007861
188936,0.012035608337198396
188946,0.017541554324589273
188947,0.01431240107728526
188948,0.0476927015243626
188949,0.010416294638468524
188950,0.022041135993677213
188980,0.028409317351085657
188982,0.19493738307182412
188988,0.2751221620110411
188990,0.08439432269906352
188992,0.02298230204147912
188993,0.02896124389556834
188994,0.08477857699654362
188997,0.0273762386200539
188998,0.313958805212915
189009,0.04584370227772867
189018,0.011977870796418617
189022,0.028432365862131263
189034,0.018653189699726902
189045,0.011198754242287199
189059,0.05547556926537476
189062,0.017808398906062117
189075,0.2217849977201695
189086,0.01650454939322465
189087,0.04408401453210756
189107,0.06679681409636903
189113,0.0412146180913481
189144,0.06515091699066278
189148,0.043423145343963424
189199,0.08180554447713155
189201,0.08347532236792884
189202,0.010973700829912487
189207,0.16270806547330635
189213,0.04565367972820762
189214,0.10481418856650007
189224,0.03284817670682555
189230,0.03238848921590287
189251,0.03286644009270505
189252,0.06300188834182491
189255,0.02725602133670796
189256,0.018153069546555788
189257,0.07108309997266232
189260,0.008894233183012074
189261,0.150371457614058
189262,0.03176302864466379
189263,0.031113134760092497
189272,0.02817856986799369
189282,0.017493627969651083
189284,0.19846575677477823
189294,0.07417794044101444
189304,0.07519870415978086
189314,0.12007565844016894
189317,0.23155562574500538
189333,0.01776217663320092
189337,0.05246022125771458
189347,0.018893429035238305
189355,0.017869990179153965
189357,0.04619781331644299
189366,0.10949846672786594
189374,0.09102774859590654
189379,0.03620788274804867
189388,0.11925910441181646
189397,0.021958339235830383
189418,0.08092241139148701
189453,0.01911320574843167
189458,0.013693227965902059
189460,0.07468739078654235
189481,0.03836139291849823
189482,0.09030069077230948
189483,0.24326666913859296
189490,0.03991876985219723
189491,0.016602294569044624
189492,0.0957787609657247
189511,0.05425297124222893
189512,0.02595399050442717
189518,0.045562066527901006
189519,0.16343616493134178
189531,0.12328007847532814
189541,0.34673920919037066
189550,0.05886536633245172
189551,0.09500636266116722
189559,0.1780167838286649
189564,0.01570600969068613
189573,0.04749154308489845
189585,0.04600756932307001
189587,0.08806571673150658
189605,0.02904610687302494
189612,0.014140493324825407
189633,0.03241180068431794
189640,0.018748297018218296
189641,0.18879902620427647
189643,0.0255161584741302
189650,0.09541122224852132
189652,0.0592990093885298
189656,0.05218576193726739
189661,0.12010017064270866
189663,0.11436958162061381
189684,0.02706213334751023
189688,0.017665428970295792
189711,0.12154315140591976
189729,0.15415222117814378
189747,0.12745662750099607
189761,0.06993186644640961
189773,0.022718431779019343
189774,0.009719723890755035
189779,0.12287569685827962
189780,0.04084616450068368
189796,0.03741210626224135
189799,0.08178962393863498
189800,0.027377198048761025
189807,0.04188125253662816
189808,0.018051631718811866
189826,0.04799999426145967
189836,0.026868583766736964
189843,0.029244432109008754
189845,0.0744700552021354
189852,0.16425038739674203
189853,0.21769482700543025
189855,0.014056422044448532
189866,0.02415490363672494
189886,0.028237406703178248
189888,0.013918271921002446
189902,0.12212140339112328
189907,0.2696270277554239
189910,0.011773309587560444
189922,0.01757118867140379
189924,0.05829440531827472
189933,0.024350197970599962
189935,0.05192306420398422
189939,0.022109142585807106
189951,0.3354254659166557
189965,0.02530999723736741
189966,0.06605917252065537
189977,0.07293357584121087
189989,0.07495029117654523
189990,0.07329484709532157
190002,0.03741821681328829
190006,0.32387768486034435
190008,0.0242738759001555
190009,0.11763296657282274
190021,0.02444957652319883
190058,0.06077228126264177
190061,0.027234962497313785
190069,0.04603252571623498
190072,0.10967577606487681
190078,0.042205331419461145
190109,0.0598550982003382
190112,0.18764098423945502
190117,0.10225101669467425
190132,0.010776544726775007
190133,0.08589749405782844
190153,0.12682916099286184
190164,0.012889252043545666
190167,0.009574839082506972
190169,0.15259138055411037
190179,0.31912005538193194
190184,0.04321108608009579
190188,0.015305341841732111
190199,0.030522258657428258
190200,0.2260330291267249
190201,0.028750933515052184
190227,0.10286056928455911
190229,0.022715714108823854
190245,0.015144451714950598
190272,0.09903676080021372
190274,0.03157366931615732
190281,0.11325947302892567
190282,0.1801413916303954
190290,0.14452274295126877
190299,0.23954609718154335
190301,0.08185477655135454
190304,0.052279993151385776
190306,0.019483854505043995
190311,0.13958497450674495
190341,0.04253513515002798
190354,0.02491793541641609
190364,0.016181931334457767
190368,0.08953109680601927
190375,0.16969516109572363
190383,0.04262982786133608
190384,0.033980439572818905
190387,0.022415958192477225
190388,0.25855704997560636
190392,0.3119817804926987
190394,0.24282887621585852
190405,0.13113119769154452
190406,0.11187600409767051
190412,0.04234639349549268
190413,0.22233397723113785
190431,0.08277701398309802
190452,0.015654875059526126
190454,0.05108232207302556
190461,0.09768654454445595
190475,0.04101657799387169
190489,0.13796725576506658
190507,0.06131890569579297
190513,0.010536557494345218
190515,0.3435807229427877
190516,0.019574864021506298
190522,0.03968902806931933
190523,0.1393316798786639
190526,0.11315189630686666
190533,0.008891499974611285
190537,0.07004827676273559
190542,0.011459517744415122
190545,0.10664559929484847
190548,0.010360186956870611
190555,0.06366290490818324
190561,0.03225015519386279
190562,0.02604300670600725
190566,0.014246712362604039
190581,0.03280758152428051
190590,0.02053794210175499
190591,0.2956076887882303
190593,0.048281378709476984
190612,0.04519956178073428
190617,0.028564398383345437
190618,0.05503767879281475
190619,0.10008911805295553
190643,0.17756130715023713
190647,0.12420850302908545
190663,0.024699045441565082
190664,0.014140750542761548
190678,0.024798493012285115
190691,0.012364283016728785
190697,0.026415131584907537
190698,0.04030223329163306
190701,0.24319273673965736
190702,0.17125651662391955
190713,0.014366542611924184
190739,0.017381110007950097
190744,0.12471372454373571
190756,0.07956201052887797
190767,0.1816634573603034
190777,0.05629282698542949
190808,0.037077060182481275
190825,0.06315841119854812
190830,0.07556182865576419
190844,0.30732504245493597
190855,0.10522576166720435
190860,0.07893929032656848
190861,0.05945567985155796
190865,0.020195390756567295
190884,0.08473760158711233
190886,0.07970627007057283
190887,0.05951678167461648
190893,0.12018673902981769
190899,0.10316035482336583
190900,0.031402967245130683
190901,0.047208130493589254
190903,0.011459517744415122
190909,0.08731461592226927
190911,0.3178959899217768
190916,0.09880489262299215
190922,0.047038077726934524
190926,0.014732927467365162
190927,0.041147765673899175
190929,0.06095079429194521
190931,0.15009416660820535
190948,0.022915503951559356
190954,0.00899671800403247
190957,0.015095772280653137
190965,0.022067102059936144
190978,0.20924040803300406
190986,0.11370698854248311
190990,0.038175699168633906
190993,0.08572437984627801
190998,0.03295427799154676
190999,0.013192818837151236
191028,0.0494643702500175
191033,0.015833109214799728
191042,0.21181582871124438
191076,0.010881762756196194
191114,0.07469670123119669
191137,0.220280386724263
191138,0.031074078690492724
191140,0.033298215382401235
191141,0.011516692476205063
191143,0.02966440791600321
191145,0.15280569410425754
191161,0.10512535108039796
191167,0.06923128941480508
191192,0.035218976109249636
191199,0.11092334585014547
191200,0.013915933510504103
191205,0.030644262717212732
191206,0.012018192531505822
191214,0.028121911896652384
191217,0.009055558894031172
191222,0.03638476085756635
191224,0.011200877838620647
191232,0.18784000609627735
191238,0.0863052269687413
191243,0.07682336518357005
191247,0.052953871215972684
191250,0.01937509494279442
191266,0.04915819238042217
191278,0.017658308950283787
191279,0.04067635031638247
191282,0.20876147539672182
191287,0.10134360654826242
191290,0.09489049718120016
191291,0.06002630413373321
191296,0.13525795959158876
191301,0.08171263573743831
191304,0.022759845419778654
191305,0.017113074987729526
191306,0.14332022210543832
191324,0.14439195125348525
191359,0.024742821048933834
191360,0.04662966697020209
191362,0.009399137716267027
191371,0.19487443364166573
191379,0.11641143057065698
191394,0.016936886008509015
191413,0.16238075067667582
191430,0.012621009689393354
191435,0.041433816190878645
191449,0.061677501801114046
191452,0.009609680408373856
191464,0.12577640234811818
191465,0.022806383791578018
191466,0.06459635378061018
191469,0.11593375917318924
191490,0.347958979087874
191494,0.14742777927021575
191498,0.3159632643389682
191506,0.19735444341724553
191508,0.025394741224013334
191509,0.02626198800514292
191515,0.19095276965956257
191524,0.02422509753047291
191548,0.05087653122607901
191562,0.018425678384003767
191568,0.04627402394241442
191596,0.14751412531196717
191609,0.038054347148221104
191619,0.015945431113653652
191624,0.13387581141696273
191628,0.009307274592629342
191630,0.08761574732453334
191648,0.24289397680005603
191649,0.08609471998936419
191654,0.07596908397752906
191655,0.009415808982337655
191659,0.08745540689899872
191674,0.11348584189777952
191675,0.01073338866819749
191680,0.06004456531612677
191681,0.015936300041185594
191684,0.05220204820422517
191686,0.008975953492059914
191721,0.1599433393135024
191722,0.022041135993677213
191726,0.061570528280657365
191727,0.02637654524604376
191732,0.13081288404698652
191735,0.009528380837345814
191738,0.285581617032974
191745,0.17857426766292006
191746,0.04544154947589059
191751,0.05271621979854899
191761,0.15812089580055694
191772,0.023098449240300634
191785,0.04021765848288405
191794,0.009574839082506972
191799,0.034538984993297175
191806,0.13015791869922527
191807,0.018968312102919497
191809,0.16800516452459052
191824,0.18794455007570482
191826,0.03650342524905638
191834,0.1173681012107077
191837,0.03949608398955744
191841,0.07210915869117968
191845,0.009787868224015398
191847,0.13472286003926612
191850,0.04202897338094609
191869,0.04402356605889013
191873,0.022365188269384946
191876,0.03259962650255328
191878,0.13907633956772436
191880,0.020116502621888244
191881,0.04014141120997323
191883,0.06739799762280207
191898,0.06163056579816704
191907,0.039546403976934215
191910,0.05933538320123698
191918,0.04796716380670349
191920,0.11741443188671823
191923,0.07687474333138503
191942,0.028361536916734126
191943,0.09879395846895375
191951,0.11886595489847754
191952,0.016274655026044894
191958,0.03948521463062853
191963,0.3492049592186305
191971,0.21862759505637547
191992,0.22510004341022852
192000,0.16219391183111045
192001,0.05978922840189134
192008,0.03892478519039622
192018,0.01818642718606337
192029,0.01904855929742259
192030,0.039240526845880634
192031,0.011844864755907892
192043,0.04780752268395356
192045,0.05536191546938377
192052,0.15684554048377483
192056,0.00899671800403247
192071,0.06965585228281561
192082,0.06706053666526209
192088,0.019817784308076413
192103,0.021227759473231238
192105,0.13021593288367428
192119,0.017411542999088415
192144,0.047077284369972695
192151,0.01988815708971039
192158,0.01661896616776592
192163,0.014690840170841237
192172,0.20172876816570354
192176,0.025887982313279677
192177,0.05623451812731075
192212,0.07020801317075934
192221,0.2720114619004773
192223,0.22400008659995002
192224,0.07050770756632971
192238,0.028452715354436713
192239,0.030337798342667005
192252,0.21073577495460666
192259,0.016956816591660987
192268,0.034780517787211494
192274,0.03476502521119602
192276,0.07833440397741373
192277,0.04120942900535353
192289,0.00921458899420049
192296,0.06348410383592801
192308,0.12409106861066924
192309,0.013018940952453432
192315,0.022504816350040518
192322,0.2032593263132315
192324,0.044135102835084664
192343,0.07248537512180062
192345,0.013266537333671644
192367,0.06271578801847341
192375,0.02190490385754993
192382,0.12675052604843762
192389,0.04201188350810674
192390,0.14231494743931786
192391,0.08251614229953028
192423,0.010896871218080247
192427,0.04781442652417959
192431,0.09355491718017969
192433,0.010896509136197887
192451,0.027938656931942096
192453,0.0558120375665776
192455,0.020183905532174026
192468,0.03174388449498496
192469,0.051405773874892716
192474,0.01151700062135476
192481,0.057267497803859424
192482,0.021203079562749257
192483,0.021778566766910402
192486,0.09336208347635981
192490,0.15209670309369974
192491,0.11310617747949898
192494,0.0798859169485969
192507,0.012539843699218688
192508,0.014165707889078685
192509,0.18210349098679085
192525,0.13357720085458924
192526,0.07617162579104993
192528,0.020875205430588788
192535,0.031616627575735946
192545,0.30327392358313277
192548,0.04705964673549103
192572,0.3695140596515719
192594,0.07910301626731249
192607,0.019209120444597945
192625,0.10818934143818164
192626,0.04467649069142236
192631,0.027283560846466527
192632,0.089590520448996
192636,0.03925302744928892
192637,0.022535307235294084
192655,0.019899779482145556
192657,0.0097448344720573
192674,0.09644690387121774
192675,0.015664991954733816
192680,0.12770324447705056
192682,0.13360867901673656
192686,0.054455945243676564
192698,0.13235768304182555
192703,0.012885911786384777
192705,0.010965566740874776
192717,0.037766708814923666
192720,0.02243464411451712
192721,0.107218137605854
192722,0.02882844097905889
192728,0.009415808982337655
192734,0.021709659497996713
192739,0.04084926963619822
192740,0.07800857050311491
192752,0.026447689559939036
192761,0.011186666174889576
192770,0.013365062390756372
192780,0.039741299892415816
192782,0.03921564729223994
192783,0.1485286295842228
192789,0.11340888031886139
192796,0.00886148263222116
192800,0.028705949444915495
192802,0.03980187372617419
192811,0.09463230889225228
192812,0.044890265758904827
192815,0.024847684778156843
192838,0.1903437678196253
192861,0.019934572417552757
192868,0.05553752822275321
192872,0.0374808437951736
192876,0.06838700923172995
192877,0.0398370214299815
192897,0.18216801122650905
192898,0.02683469507172856
192903,0.04782969602442575
192904,0.15804559952230973
192905,0.013668385067172545
192911,0.25958484138746174
192920,0.053282121128205184
192921,0.030122588179074455
192922,0.10463920790474016
192942,0.024189787493293164
192946,0.1217975582833583
192963,0.059290009974912496
192978,0.1609233853621045
192979,0.14531180251330117
192981,0.18514382971063129
192991,0.053932817685053855
192995,0.05428789257843382
192998,0.17096633644573234
193019,0.05494411581751822
193027,0.01926698221055414
193028,0.03189308518254822
193032,0.013480846556200812
193036,0.06595745859680686
193044,0.020776362677927724
193046,0.023843026414940176
193049,0.014727595388330336
193050,0.037205494049739114
193054,0.023069895859719927
193057,0.02071210005195014
193060,0.23487960154295678
193075,0.0206936376296043
193088,0.012109373989570462
193091,0.04342735155144678
193112,0.02707933011364108
193122,0.029593431418513748
193123,0.19984311096588853
193128,0.05125831481626335
193133,0.022302963567733532
193143,0.12265794981620297
193150,0.2069202093818959
193151,0.015386204031548514
193160,0.3511236869447423
193180,0.13998102541450838
193198,0.024203853782736755
193204,0.12568624099397793
193207,0.015119820516885877
193210,0.23265124490764194
193225,0.03807882780311479
193232,0.08698502008994431
193248,0.06113333336312352
193249,0.3106069490395039
193262,0.03402893555425518
193270,0.11458457848817989
193273,0.12129931552295492
193275,0.02176670917222371
193286,0.015438334153069635
193289,0.45551711700474307
193290,0.016502424563017905
193311,0.24272207911381893
193321,0.02133162436567742
193322,0.04949952592764253
193340,0.05673730472208586
193349,0.01435271208055496
193368,0.08492806872006634
193369,0.0227256439005803
193375,0.011925387112766275
193385,0.22488887468979332
193389,0.01165341828881462
193394,0.0411251968450178
193396,0.03648917180164148
193398,0.0155238259810484
193402,0.09160898399082194
193409,0.02070310667725008
193421,0.06802890877767867
193426,0.011841491824838294
193430,0.019034262729401737
193436,0.1703342492378757
193437,0.03258708357934533
193440,0.011165901662917022
193441,0.20573551915838562
193449,0.03840097313474336
193462,0.011165901662917022
193464,0.026531728388651716
193468,0.019259565346417568
193474,0.011310786471165084
193475,0.030209554897497447
193479,0.14589489836339048
193484,0.12725831181550948
193488,0.048391923357908956
193496,0.013551980678366372
193507,0.033453121838121345
193510,0.08161524797119116
193512,0.017646533847194754
193514,0.019106635214344678
193515,0.06280918812721603
193516,0.1149886826768346
193520,0.013708608352144663
193522,0.16170790394660578
193541,0.01715203828178418
193545,0.02010411175190962
193549,0.06100177930468899
193554,0.060972761943309785
193558,0.11961705110285684
193568,0.04120942900535353
193569,0.23559082171835452
193579,0.025393639495781002
193587,0.026936724234754315
193589,0.023928068312247374
193613,0.04386663966121441
193642,0.18529791266891157
193643,0.023212603020636206
193647,0.02441950171992
193648,0.018323945800337513
193663,0.08661981864611423
193664,0.18487923324778732
193665,0.027569796802850897
193672,0.023842246906689513
193675,0.2541546622547763
193686,0.19564953949405978
193692,0.04659028213328502
193706,0.02362902549125569
193725,0.023802691458216375
193726,0.07923413995913048
193727,0.0403636814192639
193733,0.034475717794991576
193738,0.18747667613219027
193739,0.01840339483038406
193745,0.0834940564796066
193759,0.03656385740464089
193767,0.03639649360746401
193774,0.12901482263928538
193776,0.01053076549830728
193777,0.43337660899970265
193787,0.2678815631844288
193789,0.07645096100143901
193793,0.042869615394888747
193805,0.010621074647222395
193808,0.009695574816510509
193816,0.02652940534119631
193817,0.020942659691889187
193821,0.09363631498350038
193831,0.09830468165605852
193832,0.020058466272424115
193874,0.09499019281140578
193879,0.03646243938278744
193882,0.04666922999310296
193910,0.016703106617462868
193915,0.07137315719069218
193916,0.07462501426560775
193921,0.13940207949439284
193924,0.0853524981691762
193926,0.010676552014567974
193927,0.08415524174241165
193949,0.019869258650280705
193954,0.11886979654714118
193966,0.10474538581195265
193970,0.06981087453340618
193971,0.06524525943133572
193975,0.05919882120939084
193980,0.05813201682213244
193982,0.23704465924404755
193983,0.08081287603270973
193987,0.03325998435774956
193997,0.012757553488302657
194000,0.24382782920741758
194013,0.07140934826511156
194014,0.20348356953490615
194026,0.037872072682671815
194039,0.03038362933499227
194042,0.01205762470911913
194054,0.057674310263383835
194057,0.1305910217593797
194058,0.01262658238871384
194068,0.02204796674853054
194071,0.10539161819071344
194073,0.0445576135791067
194075,0.07034716902361002
194093,0.011773309587560444
194098,0.17137436613219545
194105,0.025540168307821114
194106,0.22471560522854445
194110,0.059875425927855684
194128,0.04002230370483611
194137,0.03052163089746171
194149,0.022526882790253853
194150,0.023167459298263603
194155,0.12312586457557417
194157,0.059614183079571184
194158,0.03542757807743428
194164,0.028672613376068717
194165,0.07448123918717611
194166,0.01160145973305763
194170,0.06974284624527224
194171,0.024222552792798502
194177,0.018205418665423075
194187,0.051518995438883095
194188,0.010676552014567974
194213,0.057816509984768935
194229,0.2367216449511545
194230,0.10469727449131114
194241,0.010993288614702642
194243,0.08615972789605032
194244,0.07776237127754135
194276,0.013371755363092827
194279,0.021958339235830383
194280,0.04200913218589369
194281,0.10860180741623023
194291,0.030114169742614716
194293,0.21675188544594587
194306,0.01131026269798101
194307,0.019034262729401737
194308,0.01466409225654405
194310,0.1629190983799867
194314,0.041408548749119964
194326,0.33295885017130816
194330,0.1714321877030212
194338,0.017490921973825978
194366,0.10548380517156286
194370,0.009490385565058341
194371,0.011783034722931839
194379,0.012822918528486401
194382,0.030450484412895197
194383,0.13224687577222008
194395,0.30919668413253554
194402,0.022635635021172513
194406,0.02629767601020644
194408,0.30819982666828644
194413,0.06735164199737546
194414,0.04643394718345728
194419,0.05886211670584947
194423,0.13110026344771178
194424,0.08521316196037229
194429,0.03766928411957084
194436,0.04723662524790429
194468,0.15058236059086139
194469,0.032645558959314806
194478,0.039974284172622214
194480,0.19396307867109003
194484,0.021715893129601777
194505,0.06697191531937143
194514,0.029488120963144793
194516,0.01866402455750934
194523,0.21619675877790662
194526,0.011541026504874409
194533,0.03487368668360068
194534,0.04712502253924372
194536,0.08447970954193543
194548,0.06148275220093202
194552,0.10706142217467454
194558,0.07183578045329365
194561,0.07029295155673276
194563,0.0362944014630464
194569,0.18070294868351738
194581,0.3861039570023752
194586,0.02696947056502133
194590,0.017679199509561837
194598,0.10158754013791937
194600,0.0265054014275481
194603,0.024081220551689236
194604,0.024805385361795818
194605,0.04799597814364593
194607,0.23541585484121147
194610,0.07147465381022061
194620,0.018599171254752044
194627,0.12125501255577538
194650,0.13901613689595296
194652,0.022196144968746327
194659,0.013646169134442263
194660,0.05959435525145964
194662,0.012113642802654832
194665,0.04342774796769629
194675,0.09192043237806483
194677,0.04677363573738067
194679,0.011058038919800835
194691,0.3226050022785114
194696,0.028309904911675548
194713,0.12022353965273762
194716,0.08305527747248571
194717,0.02675167136943264
194725,0.01738845654107546
194732,0.018004658684014605
194737,0.09853214978550418
194738,0.14007217307587014
194769,0.09140965669462817
194791,0.01889007775074281
194802,0.12477289965575773
194806,0.05215777401040476
194810,0.01497936789184696
194812,0.03423974955249457
194813,0.05547512983178186
194816,0.014325315920516937
194827,0.033982305378278226
194844,0.010272309364754716
194856,0.021203079562749257
194860,0.018051631718811866
194866,0.02839065571702849
194867,0.02278342099576925
194877,0.19571412668349025
194879,0.12705705239050388
194880,0.016077478711745932
194881,0.017476863721881588
194887,0.015675839337596763
194900,0.041055349030232224
194906,0.02327385252582894
194907,0.05385934986584614
194908,0.2066894013956057
194914,0.07767137868811258
194934,0.3609782868228705
194955,0.10136496028854354
194956,0.07249908521782812
194965,0.023705576041770527
194966,0.07445601700020668
194980,0.044230710999373805
194985,0.0717871755970266
194986,0.042326240118234236
194995,0.048652672754712856
194999,0.01853749672416743
195000,0.04234361707294852
195010,0.11648096430759189
195013,0.12297702322612805
195044,0.042413688106802336
195048,0.04731528110354638
195050,0.5596817061931105
195051,0.10464582562855618
195055,0.12120429717063663
195070,0.04380899450462555
195074,0.34451059453329075
195075,0.1084851243494688
195077,0.2225001209333667
195081,0.017673267670256503
195088,0.027355999892139694
195089,0.013646169134442263
195091,0.013538708746179037
195096,0.388086866648303
195100,0.1073536465776247
195103,0.0993279900513174
195116,0.0440277293511596
195117,0.07074932855690015
195129,0.07657296405108305
195151,0.008615703403753432
195158,0.1278040631185332
195164,0.07075533811728937
195176,0.2048904086841407
195186,0.12643484942578884
195187,0.23128784016564313
195198,0.029319821178269007
195201,0.032830891079626376
195207,0.04539994629751238
195214,0.07801943620696254
195215,0.030339948314476978
195234,0.029126903794429594
195235,0.03197019747924083
195239,0.021556245905016386
195240,0.07168733706532601
195253,0.07136316830558641
195255,0.008975953492059914
195280,0.02261197369364623
195291,0.016241635726933698
195293,0.08199706165045077
195300,0.016307475577456418
195306,0.027484650545237438
195307,0.13824154918822731
195322,0.06932557185966406
195326,0.08982486013568028
195330,0.014031199887782286
195341,0.05717596452968825
195343,0.0981105581966582
195367,0.02745075507293742
195369,0.07963587672022321
195371,0.02367642326649156
195372,0.043309088755618536
195389,0.10842534606212295
195415,0.011461629583022994
195435,0.07140838884735373
195439,0.04388416548745462
195440,0.016308952663901356
195444,0.015372082561512724
195447,0.046025947544856984
195450,0.011677361592756228
195451,0.02366227473200353
195456,0.05733296371627983
195457,0.11126391190976732
195461,0.1504662934008417
195462,0.0652591017204919
195463,0.012674393215671298
195466,0.05885912179922018
195468,0.01109466630091734
195469,0.07850978890480298
195489,0.01619691837884104
195495,0.02629028136714402
195496,0.12872368143895857
195504,0.1217402332748742
195505,0.1777637546246486
195506,0.07067619136948222
195511,0.028971280511727322
195518,0.012285076483372669
195519,0.04682397469495244
195529,0.010726073876747882
195531,0.03713744381669338
195546,0.032385362245728674
195547,0.015282290318806496
195552,0.03754425790678713
195577,0.04327911174421156
195579,0.03206145365882242
195588,0.042216695646634765
195597,0.06452608996793371
195607,0.011239797122282843
195617,0.018580522334295344
195626,0.04391448673518066
195632,0.43151043641254344
195634,0.2724985106033113
195635,0.015535304799407798
195645,0.04464121211558743
195648,0.02732606362124933
195674,0.16926478208017695
195691,0.02446709811236068
195695,0.16981195699777976
195703,0.10807438411482191
195710,0.1343123366924864
195711,0.028524278502337706
195727,0.10824588847664826
195729,0.017710503438100027
195734,0.07681159589804973
195739,0.053898736060143025
195740,0.010100514007948567
195746,0.18916514731937234
195750,0.294728624434622
195769,0.15459284119164282
195772,0.10858654198601358
195785,0.010943433302187392
195789,0.11382177083891973
195793,0.0830867117052965
195801,0.06830567844195727
195803,0.03954949003573148
195810,0.11859703149959902
195818,0.09009180056126928
195819,0.32651697802218904
195823,0.12808527150395327
195828,0.15044890868975785
195836,0.028711574982387793
195843,0.0643355923694481
195858,0.04663652613801771
195876,0.07388989536205484
195890,0.08822661056754981
195891,0.030215453356230316
195900,0.0689293419336791
195905,0.05146657505816464
195910,0.06552042408446981
195911,0.08537991200006671
195912,0.04759380058409971
195917,0.10280851530231208
195918,0.1899100639604751
195923,0.26093630889986963
195937,0.08056268965109027
195940,0.3287074731352354
195945,0.02733621492513864
195946,0.0392522382227689
195948,0.036815519190540866
195955,0.01924703692870979
195957,0.13078420864162107
195958,0.01810800854240826
195959,0.3055778683808396
195970,0.013540951105021076
195974,0.010933089799206607
195979,0.12103597097115477
195990,0.15271844823616115
196004,0.05575163125473529
196007,0.25137189004115607
196012,0.19292541965216953
196019,0.0464829068276172
196029,0.23752040074909245
196034,0.1290110562912629
196042,0.023001270073354712
196066,0.13301135535000203
196067,0.07294556276367964
196071,0.01619529252738274
196074,0.14226721805977144
196075,0.026961987062777852
196079,0.025634278476501453
196080,0.25299324616738866
196082,0.04068702383837085
196083,0.027726400120871804
196085,0.2190822423027507
196115,0.0357325032182709
196118,0.19394950267820063
196128,0.05525014419544526
196149,0.03393534828957686
196150,0.02691589791430373
196162,0.12245749589470327
196194,0.11676453930347656
196198,0.0103775273941759
196204,0.01607528145953336
196206,0.03110763756941075
196210,0.35098693455531993
196220,0.04378716984414844
196221,0.011830765851865049
196230,0.009415808982337655
196236,0.10193944567815214
196242,0.12348653674170433
196256,0.1567628286710639
196261,0.2712392323312794
196274,0.020288301321945878
196281,0.02946731174205618
196303,0.010676552014567974
196305,0.13433858791630063
196322,0.055545063664784
196343,0.011037934657296574
196346,0.12613455461744089
196354,0.12332833606465576
196357,0.02737269288410394
196359,0.011194558297196764
196360,0.14369282789416538
196361,0.03315785613346244
196364,0.3241787964544111
196371,0.009628838123846078
196375,0.04050586937703075
196377,0.045510531077929864
196378,0.01895031219023812
196381,0.02098324271218377
196384,0.014372490985345151
196385,0.11717382264033822
196388,0.21637793758672258
196394,0.1846404053165369
196400,0.3370460605067235
196401,0.06669082912344683
196404,0.12529537818740444
196411,0.05977641470909577
196436,0.10311200771514986
196443,0.054416905303050066
196444,0.11958817965865634
196446,0.2257607823774058
196475,0.2053936031586329
196476,0.23745420953831048
196486,0.011688856070111815
196489,0.22676828002095836
196492,0.0445909488748491
196498,0.15338629485317945
196500,0.009800792845931695
196505,0.13995484306468486
196507,0.03573642069148752
196510,0.055300439425927314
196514,0.013944929217583172
196530,0.041574236304854614
196544,0.010576451771463284
196551,0.0901598999892411
196578,0.012382852231832614
196585,0.14331891910326539
196587,0.02614523379815193
196588,0.18810006405120622
196594,0.1565126184628584
196598,0.08560660637422068
196605,0.019802490035834727
196618,0.027899004523456773
196619,0.04751396751146421
196623,0.11927407833733503
196624,0.0321837598283876
196643,0.02500241177532133
196649,0.045690879076466975
196650,0.008894233183012074
196656,0.01552762852577463
196663,0.296252684872221
196667,0.21247222755274317
196669,0.16181253853880354
196681,0.19793714407661714
196717,0.037453107583614045
196726,0.1277853244979862
196728,0.023699925668392647
196729,0.03718352048935506
196731,0.02151703950034798
196736,0.04375345315146245
196738,0.020468761098070394
196745,0.06388590119322068
196747,0.02710927375614542
196748,0.03574757616533496
196753,0.02366566400205391
196757,0.019113710263488154
196760,0.07823936450973018
196777,0.44992853265626137
196788,0.05577161429055668
196799,0.04899431969697386
196808,0.027421973121699854
196819,0.04356875825332138
196825,0.015259928185785376
196826,0.20160321850808138
196834,0.04644874155937898
196841,0.21573797732411357
196847,0.06386112944306581
196849,0.048733230358266606
196851,0.044977737289857
196867,0.05977970162448613
196884,0.018968344841421528
196889,0.1707301137394429
196898,0.025389976208119714
196901,0.008975953492059914
196917,0.060172407669370244
196930,0.07095254600481538
196936,0.08542121289362897
196956,0.01196208484990791
196959,0.010393172683428861
196962,0.04270248371392293
196963,0.10765693919986882
196971,0.1683575544769823
196972,0.11239741845355981
196977,0.046376067400422945
196984,0.012050342831210582
196985,0.2918509153772082
197010,0.18005939041568794
197029,0.08198326693625133
197040,0.0166280385415312
197058,0.18675242640911094
197060,0.024754861517000272
197064,0.47627751252812667
197075,0.04808413519039105
197083,0.15320460861237253
197102,0.20528264190621673
197103,0.31374004134253414
197107,0.044644808496080914
197129,0.04348639112596163
197135,0.039613023408802586
197140,0.019472954782128786
197150,0.05260630347219499
197152,0.03275657523677651
197153,0.021483809512567988
197154,0.011568213434653425
197156,0.22666815482853134
197166,0.015485016498403243
197167,0.028172949138432424
197177,0.06378186058192403
197178,0.040723478618886984
197187,0.044411727855718404
197191,0.027947075368401835
197205,0.2222355813193519
197206,0.17536554453368525
197219,0.10101804308079657
197224,0.01421157186214897
197245,0.10891223637849638
197246,0.03262376275527123
197273,0.2428970176636386
197275,0.017959122190799613
197278,0.12357946764030062
197288,0.06405311248678298
197290,0.04503460248279186
197294,0.036363356008964696
197295,0.04740137895881932
197311,0.0261060727982649
197314,0.15311702006392452
197320,0.15724135975510772
197321,0.20938321016431072
197324,0.21177476641293969
197327,0.03625407629732702
197332,0.015517986816141019
197333,0.37599900890681864
197335,0.04544193656810701
197348,0.013010601152540342
197362,0.09783446941649812
197363,0.24042099288521093
197368,0.011516249388035889
197378,0.05779222797404475
197381,0.11334950979397533
197384,0.04536879936786818
197386,0.047143188181251475
197393,0.060272991721056844
197396,0.04159498820175954
197400,0.014247607661746672
197408,0.013819798868425335
197412,0.044763894051798266
197413,0.18053369565267438
197415,0.016420409514346937
197418,0.26606870493712304
197427,0.03452839623553997
197443,0.2998373121234396
197448,0.07767460768489921
197449,0.025540704141454634
197470,0.07827079991338051
197478,0.11505797522361609
197482,0.09495952537706467
197488,0.0654067960230122
197491,0.07205701604656091
197495,0.058440650299999966
197498,0.12493657032754271
197502,0.1833848575931345
197507,0.18764069828067176
197509,0.04742622864080107
197510,0.07690872258234269
197512,0.08942717346107011
197513,0.023625503612011548
197524,0.05280637974377407
197525,0.0555079540117485
197529,0.2591375205529736
197533,0.010531237803261102
197534,0.31668084713619
197540,0.09479296530777727
197541,0.016026614048597128
197559,0.019420839207901528
197566,0.05522281037596409
197582,0.014019258770452726
197585,0.050900809205889
197587,0.10967965998154403
197595,0.05864262590269972
197598,0.017506627824319613
197601,0.03302287943427672
197603,0.03957325069096814
197607,0.07879055029256794
197611,0.07590102085457033
197625,0.12322108951073016
197631,0.043875193225563734
197633,0.024956206006399296
197638,0.0864978522193961
197640,0.11179180977365813
197644,0.010491998254014655
197645,0.018587469677809797
197646,0.08924973401148409
197650,0.029443926212267768
197657,0.17643979562790796
197664,0.07866893918362683
197668,0.01950740287911575
197681,0.043609152440031385
197682,0.12042761029749338
197693,0.09757167282462145
197695,0.08479547463203274
197699,0.21784410029820717
197709,0.03175731868648761
197711,0.17086002766715627
197715,0.013560480603587489
197716,0.18254934658590555
197722,0.1925256103914231
197728,0.06528734474501395
197729,0.03690655144674189
197730,0.12965083071274275
197744,0.022204243161423654
197768,0.029933090344387476
197770,0.014874149862425776
197775,0.26363786409818274
197788,0.01209496759357714
197795,0.04491727432955603
197806,0.19086958881812993
197808,0.09746620734240687
197812,0.11712867744877235
197813,0.016382655011990516
197822,0.02044904338813251
197827,0.01780446978372593
197828,0.04787117182622284
197836,0.0392031682626365
197857,0.013676100974641878
197862,0.12635250531085573
197872,0.03056975849913276
197892,0.022874017215479093
197903,0.05185513396420714
197907,0.08078741825400279
197908,0.058678061751669466
197916,0.04645794317690644
197921,0.022396314312079148
197924,0.012616020461719576
197930,0.13325371503252215
197934,0.14353775077727352
197942,0.038050773715112195
197945,0.1850611173665332
197958,0.025691425318869136
197959,0.025068669180452675
197967,0.04854666177558343
197969,0.199932725984725
197978,0.1888393629402676
197999,0.020968229273595273
198001,0.19951880489243595
198004,0.05627971046518047
198007,0.02071741937699653
198019,0.06011489691112191
198020,0.05382451040412591
198024,0.09427460246133793
198026,0.13418551084048452
198038,0.025265249932174792
198044,0.020136972443077807
198050,0.24811915693616937
198054,0.1633131701940324
198055,0.07626261019508403
198082,0.03859724714071995
198094,0.055065643334494555
198095,0.01865751315726371
198099,0.07437112909703997
198101,0.0748989289593742
198102,0.028087503371018323
198114,0.16039099977628699
198125,0.05711949621084713
198127,0.021548044410184108
198128,0.04624688686110224
198137,0.011117686103626297
198141,0.0256008485671882
198142,0.11598747406389412
198155,0.11843186602529295
198179,0.1278966879831083
198181,0.15756921726692896
198184,0.04225621222151705
198185,0.04136960658266752
198186,0.04925452121857761
198187,0.09710968228405593
198193,0.012266447843026438
198197,0.05992709290712761
198209,0.013655894269813656
198221,0.08996286092715808
198225,0.03729175052611691
198229,0.16593176826660477
198237,0.18993351510082626
198239,0.5250694509553654
198247,0.04353457807569865
198253,0.051466557358733275
198272,0.010635983527728463
198279,0.01155543481389689
198282,0.01751742320929254
198284,0.01584938731311038
198285,0.017536416711985716
198287,0.07744212140969424
198294,0.058811461388754184
198309,0.013073862880352546
198312,0.17517415703785
198315,0.054652340261016216
198323,0.045812480954878845
198331,0.026776965513306956
198333,0.29563285047509913
198359,0.07030650904139543
198370,0.061024018401276726
198378,0.027968988787233327
198379,0.10823449430756707
198381,0.02178672092156913
198383,0.01579761896742437
198384,0.1278513175850434
198385,0.032474258051692594
198420,0.11473148207360942
198421,0.16138913789564485
198425,0.10286056928455911
198427,0.1256141103968977
198429,0.011288572033661353
198437,0.012880750699347063
198445,0.020276352435837034
198452,0.019996679199414447
198454,0.03305318441982591
198487,0.02171838494182041
198523,0.19216507017607642
198528,0.10072724102237249
198530,0.21456864937576342
198539,0.015622882555961767
198540,0.05014927268572143
198547,0.02993992773247036
198566,0.022814215788629206
198568,0.015381087716570336
198569,0.04050347462105329
198595,0.01262658238871384
198600,0.03370386009159746
198614,0.032242123478314844
198617,0.025540168307821114
198619,0.37621519056352576
198627,0.024079309513844054
198640,0.009055558894031172
198655,0.11914867845910888
198664,0.09953277529062264
198665,0.009594158045247346
198666,0.24047473463187283
198670,0.046643046512485326
198673,0.28120163159456163
198680,0.03234831991188798
198689,0.022373375478383334
198690,0.10128514740379391
198702,0.02761080079915213
198703,0.018960633619311842
198704,0.217794419495922
198714,0.25525094734103343
198715,0.1894088146559187
198717,0.010781012980321457
198718,0.03263855710966226
198720,0.33469653680731276
198721,0.009513321837186818
198730,0.04364840985582687
198739,0.08896089606357915
198754,0.03059005299248624
198761,0.0391903165110485
198772,0.028997534093818132
198774,0.01900822428713819
198775,0.1739771758490415
198779,0.04103661090752033
198783,0.009804177408203666
198790,0.09863748974254628
198794,0.11343379258278907
198798,0.20178737022737542
198799,0.04348708182053425
198802,0.1431683870393345
198806,0.03698383940697199
198847,0.024772227411039453
198854,0.2027645198829505
198858,0.10041789595560033
198859,0.18440678328521828
198865,0.0502633869547122
198872,0.026848436771913183
198874,0.043929868200858965
198878,0.040132519178987414
198883,0.07418625656516534
198884,0.05184015261655585
198891,0.08081088792675695
198899,0.13038399225454633
198907,0.08702076824510581
198916,0.10510441307331667
198917,0.05288063421115422
198934,0.0108968075826517
198937,0.014903780946769233
198938,0.017871664098234343
198941,0.12576095870534335
198957,0.06094777907146113
198966,0.08177902215361446
198984,0.019831489877963952
198997,0.009148682090011033
199001,0.21963504802639858
199003,0.06277800351357647
199009,0.06956896285062086
199011,0.00943657349431021
199013,0.0412175598028986
199015,0.010564748165728784
199024,0.04466459610886764
199026,0.08143593500668482
199027,0.2479588559351277
199029,0.03618853788875646
199030,0.04807260405299352
199041,0.021958339235830383
199048,0.10677150484485014
199057,0.0588160545350344
199058,0.017542702529677302
199062,0.02530999723736741
199067,0.011688856070111815
199070,0.06988972113338224
199075,0.011165901662917022
199076,0.009137279203079014
199092,0.042248139233549406
199096,0.022535307235294084
199104,0.1365635449723115
199114,0.06714085519881827
199115,0.011158185755447688
199117,0.07391289544454306
199126,0.09015504335377057
199131,0.07546130143465954
199141,0.03346923175184363
199145,0.04016321679831573
199150,0.07375391854102839
199151,0.015879978602701135
199153,0.010346714438267702
199166,0.0144957107688698
199167,0.059003800106826675
199177,0.11873503834283072
199182,0.020367842707834115
199183,0.3179146712441662
199185,0.01281437974359526
199212,0.02561136881903306
199213,0.12339862445422176
199222,0.18180975078216408
199229,0.04147386056708542
199230,0.015395224255697015
199242,0.22113643630984062
199243,0.02156495030035449
199246,0.06387601971186542
199247,0.06458403303223499
199249,0.025468122068328942
199262,0.13360007945469232
199263,0.0487080151246703
199275,0.014316639257026257
199276,0.19321920935857803
199287,0.034405261751599844
199298,0.030963629809893173
199304,0.10939242747399588
199307,0.02049272903795917
199311,0.09699810675767978
199316,0.017724825000978797
199320,0.08044996484686692
199321,0.09170051147209375
199325,0.04184277068333621
199326,0.2195290641083955
199327,0.04412405404862193
199334,0.019893947545631698
199344,0.20014055753576843
199345,0.044488689639820625
199352,0.06492394156013923
199364,0.1950168630197546
199378,0.04403785281426534
199379,0.02453691744241542
199387,0.038858099346464045
199405,0.07382299674145124
199418,0.21969992342599548
199424,0.10501853222349362
199425,0.013762311449205571
199432,0.040783423031158214
199433,0.10168355104927829
199442,0.13555402868076014
199446,0.046180700501257686
199457,0.013649377512315056
199458,0.02081424012759165
199477,0.06499437134217456
199522,0.052210600458898526
199525,0.21803990484501087
199533,0.06494323345555122
199536,0.041658137643470636
199537,0.01548830463634696
199550,0.17330438736536524
199560,0.03418412234139456
199564,0.2895816531518497
199575,0.09037379820509407
199580,0.009951836689602919
199586,0.020880439933919047
199597,0.03828041398680887
199598,0.08376747906357077
199604,0.024813864297449074
199608,0.17740919163282515
199609,0.06507181536221177
199616,0.02718856716690583
199625,0.07134542647198153
199648,0.32687188393300876
199650,0.027849827397152405
199655,0.009247823523567043
199663,0.016375403055055852
199670,0.02988821344946215
199673,0.0865620379872841
199685,0.10401557312062985
199696,0.06192415833614494
199703,0.08068075403234412
199704,0.043137016646396874
199706,0.028313962517445935
199727,0.04147386056708542
199740,0.0888082725347355
199746,0.308390130865208
199764,0.10552277370302869
199766,0.0920014893369502
199785,0.013868790863518143
199786,0.025798554278761786
199795,0.06421053355280941
199797,0.11280073091088391
199803,0.2577116462976002
199804,0.11784177495549346
199810,0.11316898970431755
199815,0.037581902863424735
199822,0.03947110909733299
199824,0.028637226148681583
199828,0.05366202238981329
199833,0.20017371559105465
199840,0.038291095221173535
199844,0.026586456999606545
199846,0.05551833064192101
199858,0.09314442901407163
199862,0.05409713215457337
199865,0.0658121961859987
199866,0.035577339871665316
199869,0.17488250549863826
199870,0.02008513173930329
199871,0.09776699704036268
199878,0.013685988838316407
199889,0.04576254929501118
199891,0.043747756787091266
199898,0.010509407946135484
199903,0.009415808982337655
199904,0.014937839840709058
199924,0.10736802634216513
199950,0.014354029695301317
199954,0.07027653652845103
199956,0.020643268575225443
199962,0.22269456396435738
199965,0.20058296739283685
199971,0.012886565026193795
199972,0.04671634605023529
199988,0.11097451241994494
199995,0.15141371847103033
199997,0.042346196720785836
199998,0.06665918301430127
199999,0.0237194080464308
200011,0.07836682515079782
200012,0.01216336279134098
200016,0.010471233742042101
200019,0.009275247783291111
200030,0.03828360062722901
200031,0.07833535946259126
200032,0.016704861434554054
200038,0.052703436751965135
200043,0.027699131001647576
200044,0.07262086896105324
200045,0.13641113763727503
200053,0.3147752277822995
200057,0.021330144616014103
200061,0.02677203790975206
200064,0.05870842236330468
200071,0.20149838507869391
200084,0.24688627158686352
200085,0.010705309364775328
200086,0.10114781496283205
200093,0.11426639607989501
200095,0.06387003619917093
200105,0.02665251766566807
200111,0.01966594443130455
200116,0.2915817389531357
200125,0.3578510547652321
200126,0.10228103080117219
200157,0.048101932215449186
200173,0.18923825087720592
200181,0.0376540726478172
200185,0.02694148877577381
200187,0.023699986552793588
200193,0.016484897277988755
200200,0.10594607291244844
200202,0.025880408380855736
200206,0.1434011617961351
200207,0.021070211157720425
200216,0.011553696397235146
200229,0.1075263485694034
200234,0.010254968927449428
200241,0.08255419126825445
200244,0.01776276270502678
200258,0.11552241784698461
200262,0.11307302122461668
200268,0.2655255426487972
200277,0.08673369931096266
200286,0.01436091537458149
200293,0.06570691592908307
200299,0.3053575217546779
200306,0.029583765429566977
200335,0.03129396070967277
200358,0.031819363353935995
200366,0.015485016498403243
200367,0.023813201482854998
200370,0.021425655866591058
200373,0.21322713809630073
200374,0.029244493228062145
200383,0.11936732123755767
200387,0.05086376810386893
200390,0.105166893157292
200391,0.03651110359918875
200421,0.12295288528029999
200437,0.04532429538996881
200442,0.0227256439005803
200447,0.025443880284885746
200460,0.0411775370896344
200463,0.12356803154937342
200467,0.0966660707635739
200487,0.03456580626479948
200488,0.08107684164988473
200490,0.06140108147084664
200493,0.10073325484794064
200494,0.02845081951802538
200501,0.09543388496742766
200506,0.04261104577046725
200516,0.009255453838066384
200518,0.03588528961593791
200520,0.12714457784687588
200523,0.050782655788495036
200524,0.11056983951658614
200525,0.04356782168175568
200534,0.059144115680526674
200538,0.0625554985944181
200552,0.040867130682895866
200556,0.01497936789184696
200557,0.2268612027927186
200567,0.041026955211042784
200568,0.02099910479289762
200570,0.03326012747005516
200572,0.12304566054779671
200576,0.02500810889919034
200585,0.15051830032120903
200587,0.11389849369697402
200588,0.12457425315252116
200593,0.10815113385527539
200594,0.040857348440876115
200595,0.12203039735365002
200603,0.24309448132259298
200615,0.057508072816321
200624,0.06675161961074985
200631,0.38493855944688693
200632,0.009864790089488236
200636,0.023766739824704508
200638,0.020316396792082574
200641,0.034900087949861214
200650,0.045139928964161274
200653,0.03749213023991409
200657,0.11710072036451091
200668,0.058913179297119055
200669,0.01756212078472152
200670,0.03441898155296861
200676,0.04491376710280179
200697,0.011011750747444277
200710,0.04958411022035199
200720,0.014900462610555176
200729,0.011003215243787544
200749,0.042813224685261435
200753,0.25900701550659333
200755,0.06572911674668183
200756,0.08469177801552277
200757,0.08133989706454724
200768,0.13673569510611489
200776,0.009804177408203666
200799,0.1367864160035797
200801,0.011462256011416637
200810,0.10425890537376652
200823,0.05144511694401056
200832,0.27227434199543943
200836,0.029724424312867665
200838,0.0108968075826517
200864,0.2844095202554431
200867,0.02786706563727027
200869,0.021951655038666883
200873,0.06359662440168752
200876,0.028494967206117005
200881,0.02285935951100181
200883,0.011020927878927207
200890,0.08252955521532615
200895,0.12531745606952074
200897,0.05081412039359458
200899,0.04435245107347509
200900,0.03518477871920458
200907,0.10694730242865695
200912,0.02010554549450955
200926,0.05871545716244116
200930,0.17573261165687598
200971,0.010737777482482381
200974,0.013934951889062666
200979,0.015196725154816293
200998,0.11691810418112565
201008,0.13587993598255826
201018,0.13464626670328456
201026,0.04404553552995512
201043,0.021502476279647482
201049,0.01626384439721098
201050,0.11363607154505755
201061,0.07557449859419008
201062,0.015256949255324493
201072,0.011560725849187062
201076,0.09732460978703286
201077,0.03997228542483515
201081,0.1778056076563354
201084,0.15020972015650397
201089,0.04826911500327652
201092,0.010910869604031724
201109,0.05442102064160591
201110,0.09573592001097338
201116,0.01122210452551341
201122,0.10819789961972823
201135,0.12099088168723608
201143,0.011575770675642569
201153,0.020354519543818728
201159,0.11946293838297395
201165,0.02257954932681629
201187,0.17852927414491465
201197,0.03120071269609178
201218,0.10228567912215954
201219,0.09210637683405361
201231,0.02256880818713479
201234,0.017942378553519572
201243,0.011165901662917022
201246,0.1171575345107639
201254,0.0989766501893264
201256,0.021147266630460772
201262,0.53568153612336
201263,0.054977046441221665
201272,0.20810948015288527
201273,0.02227283571940203
201281,0.07535872650772285
201290,0.021870934017524272
201294,0.06128420215270517
201296,0.009594158045247346
201320,0.017836345662547742
201332,0.03539714691938923
201342,0.0887485621091993
201343,0.0338888641431561
201347,0.0725248992251589
201350,0.012409196779648175
201351,0.16437369829092704
201362,0.16382672826581496
201363,0.0764939942666896
201368,0.17389957444710982
201373,0.012994470072966852
201375,0.022763490986048452
201378,0.04010218010870173
201386,0.08944023571542933
201387,0.010558404518188881
201390,0.27352344616838775
201393,0.13791480196024983
201409,0.04311484206619953
201442,0.07783620564213682
201444,0.1252367299217117
201447,0.09973609509148194
201451,0.01053076549830728
201474,0.07748810898188616
201481,0.05855890466760515
201491,0.016975968853057376
201498,0.03590459667024947
201499,0.122531455522975
201501,0.10482972458563458
201502,0.026897852100135226
201516,0.020432176375031037
201517,0.03218163114573959
201524,0.046527907587078365
201526,0.2838619906120686
201528,0.015305341841732111
201532,0.04487911231465298
201543,0.3259480375557935
201544,0.10495786089316783
201546,0.08704125423245047
201552,0.034667721853694634
201554,0.052398267682395604
201556,0.04411197814177499
201557,0.017325955999927437
201559,0.0762000979187223
201575,0.04837342000349512
201592,0.1336599702453148
201593,0.11901879329859703
201600,0.07879246046722971
201630,0.13312235187375096
201631,0.06345497138852335
201635,0.015561804227115839
201638,0.05949717959907894
201642,0.039237014913188956
201645,0.015798860333239937
201660,0.011462836738752051
201663,0.05910444597690152
201665,0.010548105935612569
201674,0.02946873996682566
201675,0.020350498609951556
201677,0.14843492060399932
201688,0.2822362978742179
201698,0.0847193645082739
201706,0.021146056883412524
201709,0.009585804371887984
201710,0.11689173210408425
201718,0.04970245742827873
201720,0.1463714366170847
201727,0.08376747906357077
201730,0.026727807025286536
201732,0.029602453851633688
201733,0.027497701323586355
201736,0.046486580726366154
201738,0.043458854690989604
201744,0.18839276757785478
201747,0.14474383437320165
201751,0.12541501574171107
201766,0.21306106945036313
201777,0.009804177408203666
201778,0.046636509408641495
201785,0.25473940854389204
201804,0.022718431779019343
201808,0.10620109934988704
201813,0.11530083163640396
201815,0.012060554639195847
201820,0.03755429602226092
201825,0.019689721517885405
201830,0.02497486383050792
201838,0.010699420128312553
201839,0.11195828092036894
201845,0.12188674787624162
201849,0.009158043715051568
201850,0.021762227440342084
201853,0.012455217681883622
201856,0.02260276837768463
201873,0.20100136042247665
201875,0.02312728004230118
201906,0.1200784587464585
201907,0.06921148565966143
201908,0.05974725586636237
201909,0.053004269136444224
201911,0.07356987908687528
201927,0.02071351118686075
201928,0.051785095799975235
201937,0.02734056605131683
201943,0.06275083803794625
201946,0.028425744574445085
201948,0.01947198935294578
201949,0.11771333324588913
201955,0.009389991519113915
201962,0.08272063527321973
201977,0.02133960045001027
201996,0.0178630222987421
201997,0.12793767112637316
202004,0.07020054410260926
202005,0.021782913569974204
202006,0.064462853081422
202010,0.024137133908883106
202020,0.04598068532899509
202029,0.3222203887816243
202033,0.07115840118109525
202034,0.06853980878782315
202040,0.1418685022687421
202045,0.010635983527728463
202048,0.010837877725587074
202055,0.041244634295736715
202058,0.033835669646210736
202062,0.04116273917030603
202073,0.19398517413237687
202078,0.022368052597346
202079,0.20182841234667365
202080,0.09950308861805866
202085,0.1357802985423107
202090,0.060278713626912214
202092,0.09347768002861975
202114,0.012047492908343893
202124,0.012554888525674195
202133,0.037538402669141865
202136,0.0895597644432691
202150,0.011551863384170939
202156,0.00877702911477253
202159,0.03765801885198587
202165,0.025296345780699586
202167,0.19690683947765225
202168,0.04251996277495293
202169,0.08347532236792884
202170,0.22439069585284868
202204,0.018396636275082538
202209,0.013253798770387487
202216,0.12142963761079406
202220,0.032176953808514534
202228,0.027469839420025826
202229,0.02471994647625564
202231,0.10049054028697357
202232,0.011070160808273107
202234,0.27565557235500265
202252,0.22571077879836396
202253,0.045362671578909046
202272,0.030759336564370594
202273,0.029781760431046096
202292,0.010636881175655272
202300,0.02261501545504186
202302,0.08196380638537737
202311,0.014344570654125638
202316,0.015914728360724932
202318,0.11666125695264043
202324,0.12519459223309723
202343,0.06760461990955438
202344,0.028771645690026982
202349,0.010745131308069356
202351,0.13000645949074324
202355,0.010859229970073735
202379,0.12456035366684695
202407,0.01222587935618693
202409,0.12201550854117985
202410,0.026621988474261938
202422,0.03676711734449035
202423,0.135330899067264
202435,0.04058225666566529
202437,0.20633969423241325
202438,0.05701166674461718
202439,0.11324457529941949
202441,0.035302240679617305
202444,0.009137279203079014
202446,0.13768214599908332
202450,0.054934071521773396
202455,0.07827079991338051
202457,0.03104736013090682
202461,0.10038495181965432
202463,0.1845971150201874
202473,0.013781319004063064
202478,0.04313482224435848
202484,0.2856812290905505
202490,0.018434607124272407
202491,0.01799438207373297
202492,0.31342853162504763
202497,0.1907246837005101
202508,0.08216912551944343
202509,0.08250965934819844
202510,0.011794740248995312
202511,0.10196751086893678
202514,0.014982902878714155
202524,0.030714534639269285
202527,0.11380535516018961
202547,0.04061189851647335
202554,0.040815561688962027
202557,0.22794871421535934
202568,0.08182539351297367
202573,0.04627616289359119
202587,0.021715471924763502
202599,0.044464759816020515
202610,0.06143289108917447
202613,0.08893464121499722
202618,0.21047314689444502
202621,0.0332024055662916
202645,0.07007185377987049
202646,0.008975953492059914
202649,0.05956560935511197
202653,0.02911041148566716
202655,0.06415055051994818
202656,0.08462627734765381
202659,0.22477230274293394
202661,0.08647461961314828
202681,0.04893414576669262
202688,0.05886635470403147
202691,0.014054459429488108
202692,0.009043919998931458
202697,0.22463184440701886
202698,0.12063616303733238
202717,0.0941194035318219
202720,0.13455027094541144
202724,0.07033953452658594
202725,0.11884686688936821
202734,0.18020458966109754
202740,0.009608073611873524
202743,0.03092836872444593
202746,0.01483456901105742
202760,0.020081266692041768
202761,0.010582357823363895
202765,0.040807111154790965
202769,0.05659759684371655
202785,0.06814025077864339
202793,0.1176027994607484
202796,0.03828684884017959
202805,0.010803617067832826
202816,0.11788511881373125
202823,0.16165933432336754
202825,0.04147386056708542
202829,0.02575443308217252
202830,0.13254674305972133
202848,0.10727807987946303
202861,0.16651498186624938
202862,0.09248875646662094
202863,0.021681237055381525
202879,0.19804328921881711
202889,0.0108968075826517
202894,0.21150524495858036
202895,0.03023617380239919
202897,0.0108968075826517
202899,0.030972351608319997
202900,0.07408147865677786
202907,0.0273527080722539
202927,0.09055393745625744
202945,0.04640587278488846
202951,0.08079691897366603
202955,0.03346549914078915
202960,0.023038364738908947
202967,0.04644541130657489
202972,0.09164466660916479
202982,0.10583954349972546
202993,0.014600928798290983
202996,0.011142380366518557
202998,0.025432869419042475
203008,0.027563984404100555
203026,0.1782683225419254
203038,0.18809610440421146
203044,0.05064851528729717
203054,0.021762227440342084
203070,0.2837929323604978
203075,0.03168979143620907
203082,0.05464099223050249
203089,0.04525187394821033
203090,0.011392572179929557
203098,0.21746836977381734
203108,0.07809637203250419
203109,0.022619172062083758
203113,0.04506510237942252
203123,0.017406819378687998
203124,0.010707136035781885
203128,0.0556240824015722
203129,0.21753043088662394
203131,0.3176748867036831
203142,0.10777115476012974
203154,0.06248785972723138
203175,0.03960455062872755
203176,0.0395354032095988
203183,0.04062899493227566
203185,0.023602273692144064
203195,0.10435177394824749
203201,0.0530127394710176
203205,0.07082931667049094
203218,0.048827255419501545
203241,0.030395501570117788
203244,0.22051193736193536
203245,0.02522180022935776
203253,0.3950720835546831
203259,0.023387092658784154
203264,0.40814392327395776
203276,0.04048601168034518
203283,0.05467835310485873
203286,0.011108231779495218
203288,0.031722697844965154
203290,0.04052794149930035
203298,0.10064656878087923
203300,0.10448438645457556
203312,0.04743566157206845
203318,0.029229850902522836
203331,0.09823475284372166
203337,0.009809887078337395
203339,0.025495313523380837
203344,0.010797309238747561
203348,0.12891129399094095
203349,0.012979549815717048
203350,0.05707475644982859
203358,0.16870841485064192
203366,0.03844858996557083
203371,0.038945652506436376
203377,0.13901877274749708
203399,0.030548571977742266
203402,0.08023450567964122
203407,0.1574997523214185
203410,0.06370645541980492
203421,0.12108660218800234
203428,0.02793439193707594
203431,0.12353970816602548
203433,0.11693388905904736
203459,0.04022739515548936
203460,0.3109420187826058
203462,0.11814735648563679
203470,0.04164182556072407
203475,0.11702608775240271
203476,0.027164181624900318
203496,0.20119175752908433
203518,0.010949692516927527
203547,0.017825932302058728
203549,0.02362283477883581
203550,0.019181061688628476
203552,0.010386780224593469
203561,0.048742017369147114
203564,0.13091366763549894
203567,0.03107515421265774
203575,0.05835042217988451
203590,0.05423501626046011
203591,0.01384232305228407
203605,0.044863979180310556
203606,0.01794256771095676
203640,0.04630166808389938
203643,0.4535701575728427
203647,0.13535101995638169
203648,0.02236273673916265
203669,0.044852417081553034
203671,0.010996150762088687
203692,0.046718302577628504
203695,0.05125720716147021
203706,0.019408411177942102
203713,0.14557002320985526
203730,0.03255781607529543
203736,0.02891227886432814
203745,0.28955210866455844
203751,0.06813308215035288
203753,0.021958339235830383
203755,0.023405268592779013
203762,0.10927551515598014
203769,0.07258255866205762
203774,0.03213077718791874
203796,0.015426558581538982
203799,0.010802868566343693
203806,0.012030359682970837
203807,0.1090995486824133
203810,0.019626773633873523
203816,0.06505230347237732
203821,0.3296021943003376
203822,0.02832307251651625
203850,0.06169503494592722
203854,0.020304370570931554
203862,0.15240882791006907
203868,0.025863041509568023
203869,0.017328627802469847
203870,0.04082880081779241
203876,0.022262517954281663
203878,0.041129575927798104
203889,0.04927716928775536
203897,0.017975492358794552
203905,0.21740570795210185
203914,0.07068183736522066
203915,0.044230710999373805
203950,0.029149655380564292
203956,0.011140207929728417
203957,0.046062076734829836
203973,0.10856322435353405
203975,0.01748842332060737
203980,0.027735320478046
203997,0.07454226519662832
204001,0.09015941448470996
204008,0.08146985258736811
204017,0.031196170623617014
204020,0.10732280882406883
204021,0.047073672621539046
204026,0.06844744582994236
204027,0.051472482884855134
204043,0.011227234661729087
204047,0.027560899872419786
204055,0.027484650545237438
204059,0.057126274624304516
204060,0.08413120716615033
204061,0.011339304806902241
204073,0.21083015548082967
204076,0.15792915591042483
204086,0.0747971167723441
204088,0.029266044808613813
204102,0.08563579489596555
204116,0.12069598073284904
204117,0.053585393609559405
204121,0.1221833974651921
204129,0.01519722025584229
204139,0.2528369066470945
204148,0.009574839082506972
204149,0.04474323445990698
204175,0.01304885115949495
204181,0.11859703149959902
204183,0.020534986386763703
204187,0.06747762954632161
204193,0.2076163311483271
204194,0.028079303855018823
204195,0.010797309238747561
204196,0.05913998252758769
204202,0.04574821478733272
204206,0.01328109587860882
204207,0.12385150443443231
204214,0.021470066177021997
204222,0.03511661891995872
204226,0.02261197369364623
204227,0.09778359546481631
204228,0.06385677382769006
204231,0.11816309642023275
204232,0.1985799789715517
204235,0.2137097092072587
204237,0.01053076549830728
204239,0.021241840893022387
204242,0.03649218242429427
204254,0.015375677742858118
204255,0.10594184194386384
204259,0.032869381805794566
204268,0.011948396642179825
204280,0.013015939324855855
204282,0.1386775840956709
204307,0.010386780224593469
204314,0.1102055938030495
204318,0.049471781086173575
204321,0.056038181040847714
204330,0.01543241072431972
204335,0.05603381252472819
204339,0.2768130621302157
204344,0.013561868542040903
204350,0.16286577219587
204371,0.009539255034096505
204372,0.05051474440893491
204374,0.07610449677790695
204383,0.05219598115259953
204392,0.1895182695901921
204403,0.009424478660868886
204409,0.01060901767371924
204416,0.04503689984232938
204417,0.04774935420816026
204437,0.10910045949754428
204440,0.012247603348303621
204445,0.012034649699055199
204446,0.051550150592130695
204449,0.09959855578131235
204468,0.02030295755113986
204504,0.057738491949796036
204506,0.014600928798290983
204536,0.014190391186214854
204539,0.1878949530626758
204601,0.01123438658254844
204614,0.06300571082220124
204616,0.2540156693331073
204618,0.13185427088563642
204623,0.07906552178990083
204630,0.08910251954770115
204636,0.044226986522152414
204639,0.011970924172545337
204642,0.10972349897173628
204644,0.025672487743250916
204648,0.013151225988070923
204662,0.09532481971696233
204673,0.016562031772088155
204674,0.04413834804149301
204681,0.008975953492059914
204682,0.019392285080168725
204683,0.13095980412421068
204689,0.12797436318606714
204690,0.08106532713108108
204707,0.11335199361393167
204728,0.059100263876899886
204736,0.15318052839682286
204740,0.028197004639322377
204749,0.05638660927012562
204756,0.019199907782169838
204771,0.010842541431084173
204778,0.017488295472329867
204808,0.016227508048964022
204822,0.17635055569002062
204827,0.1216186502064496
204831,0.06073208452376098
204836,0.04031091237386654
204837,0.010635983527728463
204843,0.044638556280557275
204846,0.01921345006482455
204847,0.01038576285193535
204850,0.03569577133234087
204852,0.011818306703132445
204854,0.034459724722339435
204856,0.2254726402670896
204857,0.06894017808142898
204863,0.17786700071682676
204870,0.010615219015755909
204885,0.0443042837446148
204895,0.10835603615556508
204905,0.029847289493656875
204911,0.08906415475257905
204927,0.06548625889861902
204929,0.04569764513876351
204941,0.12840684835682176
204959,0.058391474567466996
204962,0.11548654979662273
204965,0.2350322572539095
204970,0.18688084142369077
204971,0.0808655408508202
204972,0.06508619861223636
205000,0.12349958033771329
205011,0.05307194323294264
205013,0.023413898087425177
205014,0.2630001148040227
205019,0.0422021767687487
205043,0.08380454694141086
205045,0.11744567097530237
205054,0.0254784412600638
205066,0.023886490107308218
205069,0.061887612403147454
205070,0.023737774763359663
205071,0.07526530277803897
205073,0.06532514129029311
205077,0.043096683701896885
205078,0.0427577422377335
205088,0.028425744574445085
205104,0.06983099444744467
205107,0.010819780224614082
205117,0.06491376930760313
205118,0.01471733318709716
205128,0.18923882191907407
205134,0.015395224255697015
205140,0.011150225511436844
205141,0.24448081375531724
205142,0.009437809549224423
205153,0.2310010230745974
205158,0.019573503372660638
205169,0.02273141903078238
205170,0.09291905556051593
205183,0.012537802409662124
205184,0.022041135993677213
205197,0.033216584481465763
205199,0.058617902374046904
205204,0.010110983653735618
205208,0.03931435204876026
205209,0.011929431669634012
205210,0.1021150933652872
205216,0.04291729169932555
205219,0.2222191732256389
205222,0.03785831879112426
205225,0.0186990581870181
205235,0.13994639151647728
205236,0.04854068253415735
205241,0.008615703403753432
205244,0.030991512102448222
205251,0.17275927754960588
205252,0.064179475720894
205258,0.014720784796941108
205262,0.05806611073116587
205264,0.014612115157675973
205274,0.2808298329614826
205277,0.054110086834461835
205281,0.014600928798290983
205306,0.012320089091882732
205307,0.13887261096141262
205323,0.05492637328784333
205336,0.30527371140951226
205337,0.3190846985281157
205360,0.07852875103108757
205363,0.037246094705056035
205365,0.024035172631028997
205367,0.11477313152410944
205368,0.014449317796741148
205375,0.014725049094566492
205403,0.05581937329578608
205411,0.033645413621594046
205415,0.024984590593695198
205429,0.05707624231655571
205434,0.13921278131785905
205445,0.013038426314296464
205463,0.05743001373864506
205471,0.0479482967251795
205472,0.07337060046369889
205479,0.18701744759727496
205480,0.022556792488807587
205493,0.15536183347019222
205503,0.10072282569233104
205508,0.02934192913095642
205524,0.10314041605568099
205525,0.024122522884867693
205526,0.03640960362146035
205533,0.029388237356836044
205542,0.01736233958807495
205545,0.09957417100094873
205552,0.014765760759739127
205561,0.06153592164781922
205563,0.013836679025127049
205564,0.055054399070419965
205565,0.021828523152730178
205566,0.016615732390078256
205569,0.052049586645829427
205579,0.04911398040024754
205585,0.15471178597216081
205587,0.015162644776846396
205588,0.015952246197330315
205591,0.035061642339299835
205594,0.33493034948374584
205600,0.08521793014744802
205608,0.04065418765910713
205613,0.013301069575558943
205618,0.07160659771880777
205619,0.010908835097254009
205623,0.010178034901661632
205627,0.22595592926468724
205628,0.12138068986771584
205635,0.011699890971918077
205638,0.015401582427334845
205640,0.19071536876534861
205641,0.23571674508420482
205642,0.2800422934748693
205643,0.03336882133230622
205646,0.06130246570764989
205655,0.08117457984800355
205672,0.011745587713732582
205678,0.04492076444116418
205681,0.04024613968831342
205682,0.010910869604031724
205690,0.010190821909116375
205693,0.018425678384003767
205695,0.04455475061732107
205724,0.01072772903854674
205738,0.015680647265582527
205741,0.062011746885763164
205744,0.030117445545686246
205750,0.011891555006004518
205751,0.1582807487689014
205752,0.012606946149889045
205766,0.030577711278718594
205773,0.10764985964071161
205775,0.061258041283971686
205776,0.01166809155813926
205789,0.16022427952135376
205793,0.043036246122628914
205797,0.011532358826022666
205798,0.013303201206049239
205802,0.0097448344720573
205806,0.10159419672088683
205807,0.044416850769480286
205815,0.04794004802554292
205819,0.012295364530761159
205821,0.022221170094027833
205822,0.09372881682096035
205831,0.09238820765391784
205832,0.04661797912265368
205836,0.03375380782396797
205843,0.09661392003042732
205862,0.04759740477529785
205863,0.027789530801120826
205866,0.06288673912918111
205873,0.02529297672686508
205877,0.054416905303050066
205879,0.021299243322540472
205880,0.011378749022472899
205886,0.08698430306344948
205898,0.14715120524692887
205903,0.04349685133926416
205907,0.04500745981654462
205908,0.1203091208121381
205909,0.011950082785329077
205930,0.010906532718023094
205931,0.011003048727645567
205932,0.016307475577456418
205951,0.027586547062220957
205957,0.4082996745949769
205960,0.03331419419400354
205987,0.08526567392176172
205994,0.19433684556335415
205995,0.04765918606860175
206006,0.023843026414940176
206007,0.024339098515390328
206013,0.021660580020378895
206020,0.01617047673849443
206030,0.015561804227115839
206035,0.010356762882203345
206038,0.010471233742042101
206039,0.12376823461839055
206061,0.011117686103626297
206066,0.05750209284817821
206068,0.0622992374657656
206071,0.13467540042520704
206076,0.06890651804736594
206077,0.059836787274137535
206091,0.037777674472290725
206097,0.08907981775060622
206101,0.07293030745963441
206145,0.0957346609008475
206147,0.06098014658164276
206163,0.019829913774604656
206171,0.06745153051207246
206173,0.1277733952289056
206174,0.1324525620482475
206197,0.03822610820802032
206198,0.04897667414026817
206209,0.04104561013330375
206211,0.09050987846113688
206213,0.014873420551667588
206246,0.21882185929398132
206252,0.06013349469186596
206253,0.19910358376100745
206254,0.05514221720023573
206257,0.026388074670897675
206270,0.013748847329170966
206283,0.01073338866819749
206290,0.03674944336512419
206291,0.030161638391854918
206292,0.2948578464390614
206307,0.06788753788030713
206315,0.012958804769445257
206319,0.2784044167927913
206324,0.1018907977696029
206326,0.22590928090759896
206338,0.05433076603027794
206339,0.014454182717731894
206354,0.03966198051514062
206359,0.018597188243145737
206374,0.13280393445701177
206377,0.04668844158331286
206395,0.15784916053426218
206403,0.017255951351346114
206410,0.1860491161467196
206413,0.04404895954587147
206414,0.011294056641100904
206418,0.11576481753814157
206424,0.04499720993726529
206427,0.019332895401960697
206428,0.023953501658760534
206429,0.05143314592608202
206430,0.024202496679219043
206447,0.026512346073381664
206451,0.0664529947317835
206465,0.1673764581980028
206477,0.18534245440747651
206484,0.09973181417613894
206497,0.011049396296300553
206517,0.025949585575594004
206533,0.014387578641272894
206542,0.1276271084544837
206557,0.04307879035756373
206563,0.02499954380072407
206564,0.1610365639962113
206565,0.022032146164039913
206582,0.04937488170426419
206593,0.24471350402090572
206605,0.2861922364735735
206606,0.05280872832635787
206621,0.04862543000186855
206639,0.0378678742202106
206640,0.0461794956049017
206641,0.0401807960468903
206645,0.10870818388114925
206656,0.01452794407295294
206666,0.07049158709828743
206679,0.05164554062117412
206681,0.029066453873410843
206684,0.0732860177435143
206686,0.009954408133553829
206687,0.009883508100849018
206697,0.017970994006662355
206700,0.0297616073972757
206702,0.1295603589557916
206703,0.016529365591166283
206708,0.045997594969991944
206710,0.05261308708014543
206721,0.07938141935125449
206723,0.09556746198201231
206735,0.033287627242114134
206739,0.09241450496187296
206742,0.021458085096233537
206744,0.20887691072218045
206747,0.2101468546779
206752,0.011135026540931585
206774,0.04196996758898035
206776,0.145989873584765
206792,0.05080917962394164
206799,0.0858783176465784
206805,0.04126995988537398
206806,0.11901411411429437
206809,0.0594464496609888
206812,0.05240866461957498
206814,0.011851567246500423
206830,0.03146213668843472
206831,0.012728069251409166
206878,0.24007472685505188
206905,0.010635983527728463
206908,0.1040102094135219
206910,0.033081995238473355
206917,0.011815333251760167
206920,0.20264871158747438
206927,0.06823796856228771
206933,0.04522337721764734
206945,0.07190289233910327
206968,0.03793683568098799
206987,0.05086977673023494
206989,0.012104594586621397
207017,0.1960080588102559
207027,0.018679479334997497
207029,0.06497784286685312
207030,0.1994986715466894
207035,0.07680810752104976
207040,0.1227080802455496
207043,0.22221903197973952
207054,0.08685134191672024
207055,0.013654245909412582
207059,0.042217449745719275
207060,0.01358500573588987
207062,0.013454618269855986
207071,0.0671041311042517
207073,0.2605800409369218
207079,0.026999757760349036
207100,0.02311659487091513
207107,0.05446274493170585
207129,0.08063293153464693
207132,0.12031369501380954
207139,0.04248081528958783
207148,0.06840852509496542
207153,0.039327248474557354
207163,0.17358433425649764
207164,0.017105847439771744
207168,0.04159185225376673
207171,0.009145948881610244
207173,0.14485772410801206
207174,0.00966357010135107
207181,0.0384499175592216
207182,0.019322525182737492
207198,0.04416407366952989
207201,0.010996150762088687
207213,0.09249338262543472
207234,0.0898886785568502
207238,0.038647739400993635
207256,0.04965544397425593
207257,0.16706478251678644
207264,0.20888702259088676
207268,0.24639722612925138
207275,0.04176204712952997
207291,0.027306582522473682
207296,0.030094840202928984
207304,0.12733603877017
207308,0.04368663215639163
207314,0.024701356768006156
207324,0.12748770157396155
207332,0.05265485320784659
207333,0.19284470606928986
207339,0.03785834077963207
207349,0.020643268575225443
207351,0.07043423365236451
207359,0.13431850366234876
207361,0.010791589553230514
207365,0.023960800533013027
207369,0.026343460970902583
207372,0.08374222341721936
207377,0.04448589483501707
207380,0.010852720647274963
207394,0.014436710328044344
207412,0.16161856370104677
207423,0.07323166751907115
207426,0.010630736147165242
207427,0.3257617936383353
207428,0.030616872290244863
207430,0.5163068853790772
207437,0.04517727576283898
207440,0.11151811343727343
207455,0.012824085918609373
207456,0.028280835108731105
207471,0.08246201738241558
207476,0.02616869426119346
207483,0.044230710999373805
207497,0.04651650385367798
207506,0.01906254032124267
207515,0.3163626111402418
207529,0.0899338879615173
207533,0.049049612059388716
207534,0.015799691366407156
207541,0.06112296216384511
207560,0.038027606364442273
207561,0.18794182246254548
207570,0.01997704669864477
207600,0.047670838585022315
207630,0.238686107659955
207633,0.25435101406520977
207634,0.010628184766312871
207635,0.010859229970073735
207660,0.022866506014403907
207682,0.011263472619886992
207684,0.05192957740010538
207687,0.07868700064328607
207706,0.15635860579434505
207708,0.09997022557969845
207713,0.06358058273032362
207714,0.029006684599404274
207718,0.012812695268744234
207721,0.04648227213847711
207724,0.031199222660876123
207727,0.017589748795093958
207731,0.011459517744415122
207732,0.03858300667179772
207734,0.061487583877591026
207739,0.06416569549344808
207744,0.054582871059937456
207787,0.09378885309301113
207792,0.037413149699045654
207801,0.032918926579212374
207811,0.1233949496116874
207817,0.13059511341969626
207818,0.22762949597097015
207819,0.03343150791783375
207830,0.03497821520175735
207834,0.08167075684962154
207841,0.2520290116594778
207844,0.12010702384408685
207849,0.11657018271951658
207856,0.015614374967122239
207865,0.027508894835984593
207867,0.05647125861121828
207873,0.14316964520494824
207882,0.23135252695349587
207887,0.009606789953864518
207888,0.05882004817907309
207889,0.01752654088600078
207907,0.011017543316655238
207921,0.2102443238009223
207922,0.009415808982337655
207928,0.09756214559725818
207930,0.2406434899567722
207940,0.01899810219437618
207941,0.04360931221118512
207956,0.035794773216419454
207960,0.03244028824172414
207961,0.13249422333093694
207968,0.08430867597667485
207971,0.026337401735720467
207972,0.12515381043667712
207975,0.07792908111470706
207976,0.08051748165768333
207979,0.2299240044960594
207997,0.12383217458781137
207999,0.23878100644583164
208008,0.08547191163650789
208027,0.1175754856717568
208030,0.010587591140436989
208033,0.363636528677591
208035,0.14668713589981505
208040,0.013770289430717769
208052,0.08850844620291712
208067,0.011462836738752051
208090,0.0235082044262696
208100,0.021351932614695812
208102,0.030857134966715688
208110,0.18892781123317565
208117,0.026200346878889065
208119,0.07765940649426839
208123,0.1819287046151225
208127,0.5635157362763494
208136,0.04529227247805732
208139,0.009254483271318555
208140,0.020903745970453434
208144,0.04369875886714858
208149,0.05437823789893946
208156,0.10890942628399647
208166,0.1266044534717086
208168,0.027185440058970785
208170,0.2987591651965532
208172,0.13188130806837478
208178,0.12973277179495116
208193,0.044308481910325784
208195,0.013095486487281153
208211,0.043245351581632695
208213,0.046168087552466756
208229,0.0362492373401363
208231,0.18697211342684417
208235,0.009793082422534731
208238,0.07406842547287806
208240,0.0697909138646703
208249,0.009055558894031172
208262,0.05221384344313982
208263,0.10759364327510365
208270,0.04269841047852811
208288,0.03400956130764749
208292,0.04124142518528493
208302,0.02576088914302303
208303,0.19933163440200036
208312,0.010776544726775007
208317,0.04364840985582687
208322,0.04435245107347509
208331,0.11284191765206653
208336,0.02257888475524073
208337,0.0696524058022212
208339,0.09255992639181879
208346,0.11948275129339733
208353,0.04772964262090708
208358,0.015953013412950925
208359,0.05585586196506622
208360,0.017248688394268595
208370,0.07657466441634964
208373,0.01913792840344618
208390,0.04346993574941975
208391,0.08428490935264234
208394,0.020335733743507715
208396,0.04361138866085685
208397,0.011119443417755863
208398,0.10728304376100162
208400,0.04508997687779216
208410,0.02743832808762952
208420,0.034379947953629544
208421,0.23123259792529752
208431,0.3152236388057824
208450,0.07683754289211656
208451,0.23606771824586828
208455,0.10181495923505404
208478,0.06210459715656158
208479,0.01995989724559575
208482,0.03355463840471652
208502,0.17685482416425927
208516,0.0459636775165579
208518,0.012695853475221553
208534,0.050611137804691744
208550,0.011315780633217594
208551,0.011560725849187062
208566,0.05082057588331822
208567,0.05000830368225088
208575,0.11531018877086205
208576,0.0108968075826517
208588,0.03495330632280399
208590,0.053061920521636476
208595,0.01916656599208659
208619,0.03990650544113987
208620,0.041803387891534934
208627,0.1690223348783964
208629,0.04790942928497642
208642,0.04453803200346349
208645,0.012565188610020544
208661,0.017245936083450944
208662,0.00899671800403247
208679,0.026386489272582036
208681,0.013561868542040903
208689,0.07572208118224802
208696,0.02973858797434959
208701,0.022966873802362113
208707,0.19675055482604473
208719,0.04604662846492863
208720,0.11095772265707401
208730,0.06281882061439836
208748,0.024334100767736726
208753,0.09454420489231492
208755,0.0947815027061695
208769,0.027589692696221864
208775,0.09736555259110342
208785,0.01593041767506516
208796,0.05021665888575193
208806,0.038042074220873426
208815,0.08714160781532165
208830,0.03919108337500226
208833,0.11216605229204897
208837,0.012123410560927006
208842,0.01281437974359526
208860,0.015697946065008482
208874,0.07156039684048598
208886,0.032743368082972506
208897,0.01841998656491501
208898,0.23247265456735566
208905,0.14637912674830805
208907,0.021616566663151558
208924,0.09050252319784029
208925,0.05510972844757008
208933,0.052949262941076866
208941,0.022619887802977155
208948,0.013018940952453432
208960,0.015341031224689433
208962,0.04298991314492952
208963,0.03494844294119677
208965,0.027963000327144556
208973,0.015676597420644228
208974,0.05759814935922943
208986,0.052868404994045895
208992,0.017137819592858133
208995,0.18261781767519486
209001,0.01595116116325785
209006,0.12000180924580617
209012,0.020534986386763703
209022,0.045453228993932185
209055,0.3030489437674549
209056,0.09104834840333667
209057,0.030226584840599653
209060,0.08695785904473906
209067,0.016175798043508084
209071,0.06762007853874301
209078,0.014412665160419415
209080,0.020128033569377885
209094,0.01419329422126318
209097,0.015508328567906857
209098,0.1020153453309917
209101,0.026418643280617455
209108,0.013646169134442263
209109,0.02796402818418426
209111,0.011013211971457874
209116,0.13134742121160675
209117,0.47744932269564905
209121,0.01793161470742188
209126,0.012780693756963593
209127,0.026657270640699404
209141,0.05092538684431721
209142,0.060832977788782064
209159,0.019884594265736986
209164,0.18986234200240076
209168,0.3342076301731298
209177,0.057278868670227356
209197,0.07501276580329302
209202,0.11793802629431768
209209,0.013489182687031878
209211,0.04233454570086789
209233,0.05830759480096513
209234,0.05010197833597725
209253,0.19066233622032286
209260,0.027195745912992945
209263,0.033817160289021625
209268,0.02094175655720344
209275,0.053298413516491436
209288,0.08233604152641535
209298,0.22400377779733893
209305,0.04622389284262153
209326,0.10513913238480914
209340,0.04818382245777312
209352,0.17125353311691113
209362,0.040415182197619956
209367,0.056665720255418675
209369,0.04478504571884008
209377,0.037199372910042335
209387,0.03261604289192811
209392,0.07712584147770159
209393,0.01675277652267895
209420,0.012011947721198972
209423,0.1397659721823403
209457,0.05599767690506348
209458,0.08022920777928777
209470,0.07567994693543344
209479,0.17977885063165852
209483,0.2163175715026006
209488,0.21305522026653761
209489,0.03949550562210002
209497,0.02996604573901072
209504,0.03680983873792257
209510,0.05744765664186243
209513,0.011165901662917022
209547,0.013031120549072513
209549,0.031201821573358123
209556,0.03385073923634174
209561,0.16811600579970765
209565,0.22843604955028898
209591,0.1764846868850453
209595,0.07516520424146599
209596,0.11522909088872468
209608,0.04165258085867058
209628,0.057280212206969314
209643,0.11549301398414542
209645,0.0779456475285393
209651,0.04552867119159269
209659,0.07768633374215679
209660,0.09450333204919353
209661,0.13902507618903223
209665,0.05955782164301746
209682,0.017138364893941625
209687,0.09321281489178307
209689,0.029249581232579404
209699,0.0492639990299958
209705,0.07153125361020965
209707,0.021942096273485468
209713,0.0427908861029402
209717,0.028687300768776503
209718,0.18742033879517755
209723,0.130608533978847
209727,0.017287074941331748
209729,0.02615414859566214
209739,0.030431014811452346
209741,0.29433651790432486
209744,0.16890267372352552
209748,0.14115791480269219
209749,0.061563630593620466
209758,0.011583638040690628
209761,0.03981996054675837
209764,0.11459895557063686
209772,0.02320111955540391
209773,0.13229800052391277
209794,0.02054450112147762
209795,0.22145072192858012
209814,0.04087249567476361
209828,0.1488969555512996
209838,0.03635481469050594
209839,0.14002392136983083
209845,0.2355724292806673
209855,0.01198230893630561
209862,0.011950082785329077
209869,0.10494022007461776
209872,0.06810615716570674
209879,0.12141850041182925
209881,0.04925086884523165
209882,0.20575760031694998
209893,0.217039066137017
209913,0.053337919578918
209918,0.1182240921265371
209920,0.26261171016023066
209921,0.02241356775261239
209929,0.17826603072594824
209943,0.12401738636497084
209957,0.02260276837768463
209960,0.04153939102835209
209962,0.029662058880633668
209969,0.10740449575450921
209980,0.0702398178624714
209986,0.026415609279321673
209989,0.08300672181181398
209990,0.037093941950500454
209991,0.01098110593563318
210007,0.09514263650094348
210016,0.059237969022695756
210018,0.019367266729142876
210019,0.021762227440342084
210020,0.017136487872080892
210036,0.021568325083524485
210050,0.0650661944560717
210080,0.026261784126897957
210084,0.020643268575225443
210089,0.3239155980311148
210104,0.0778842886043419
210129,0.030301427901394652
210135,0.0444652506212259
210137,0.044614783203836744
210140,0.23401352059312042
210145,0.01121763627196696
210146,0.057894488583430916
210147,0.03477686111769833
210152,0.009748023618799699
210157,0.022169076473896647
210158,0.12912462357775972
210164,0.0357325032182709
210170,0.05267199143805686
210171,0.018302225845250732
210173,0.34001494225423834
210174,0.1914798537819743
210176,0.11304100652725017
210190,0.021869902864172813
210191,0.22447968142498853
210195,0.28292895699447734
210196,0.07072754397279392
210201,0.013850730343300435
210211,0.062384544511497955
210231,0.03284893819465731
210239,0.1780400734003544
210241,0.026118711322542287
210242,0.029301734129164047
210255,0.17511802822095218
210278,0.06632507797707685
210283,0.010964942778851922
210284,0.04572913179612169
210304,0.009837641662865292
210307,0.04085535193011806
210330,0.04310026482641186
210332,0.04972158929285249
210350,0.2811594515123151
210379,0.02912359828873979
210385,0.043884771929086096
210401,0.036811601717324255
210405,0.09766951013201852
210413,0.16928901284225611
210414,0.11992915107215889
210415,0.12108977579213084
210419,0.1190282600870363
210429,0.027483843772199913
210467,0.20450070283332927
210481,0.02241803111567162
210482,0.028807177914186865
210492,0.04819720303779842
210502,0.18218477519014178
210523,0.03304052168837623
210525,0.13262588204872178
210529,0.08479547463203274
210538,0.01221758921374703
210543,0.029756727590732678
210549,0.08561795982897095
210551,0.06332627127049245
210555,0.10384701382116442
210558,0.07869815506592083
210591,0.08237490987490315
210597,0.16060965741855487
210599,0.03038111256190207
210610,0.020573807818451775
210616,0.2207359275670943
210618,0.01768668780339111
210622,0.23799781697620842
210639,0.09771971077726548
210645,0.015708661509504514
210650,0.009319807023621675
210672,0.009595603594479528
210676,0.12308332859051378
210683,0.07793946410937966
210697,0.2909247153561706
210701,0.04373673582893205
210706,0.07735135228452675
210712,0.11499721152551927
210717,0.04834192967645563
210728,0.1285032476861361
210729,0.02481792123062652
210730,0.1046682642434333
210731,0.0762705178557542
210733,0.21008152477544279
210735,0.027164357061802435
210742,0.020534986386763703
210748,0.00899671800403247
210749,0.07635645658442433
210758,0.037164687293882136
210767,0.12913377481209254
210769,0.07225124052426572
210777,0.12745608943261383
210789,0.009275247783291111
210791,0.02222107408138896
210794,0.011354786720295017
210811,0.02119999028078781
210814,0.009055558894031172
210821,0.06695621309122407
210833,0.047038077726934524
210835,0.021958339235830383
210859,0.033591161050441645
210862,0.015420654466270934
210870,0.023703919361967633
210886,0.013489182687031878
210893,0.014466299841502325
210901,0.029067495517847736
210906,0.22870132164926962
210913,0.06659552000257854
210953,0.06927240543058849
210961,0.08113098639126572
210962,0.34583484831756756
210966,0.04408401453210756
210983,0.10036419626030324
211000,0.10542756432261155
211025,0.09504097988498589
211036,0.022113649744149876
211043,0.10284994345674865
211062,0.22162173031314594
211076,0.09189629285973014
211085,0.07324771458398428
211096,0.026709166024047652
211097,0.19109567456209772
211098,0.2635184331790993
211103,0.02653266102533442
211108,0.11531655819090107
211131,0.15028621369080986
211135,0.11982805813738928
211139,0.0132219006003125
211146,0.021022782104038445
211150,0.009549021619283235
211158,0.025001387786790952
211170,0.3031031835076956
211177,0.09891209080991445
211183,0.08815442785252914
211187,0.12243357555139653
211191,0.008891499974611285
211194,0.15120208722830336
211196,0.19588313781579597
211203,0.01469497105407604
211209,0.19973926563964312
211210,0.17214040486789434
211211,0.07205449465685738
211232,0.048188424744911
211244,0.22670518331740222
211263,0.027040610010517878
211264,0.12456123438690922
211270,0.07169812940927037
211278,0.018622404710108426
211292,0.053657620810266496
211293,0.078544364983929
211295,0.030681637222128598
211296,0.10481256152973943
211308,0.11391372217852305
211310,0.052524198798075836
211312,0.10923386299120903
211325,0.025470465564131368
211326,0.02683878711272329
211330,0.1337776043617364
211333,0.014600928798290983
211341,0.029615983661113926
211342,0.011764921921665677
211350,0.034600819677110754
211355,0.21758613092271153
211357,0.2034393554199761
211358,0.08560725274019801
211362,0.03789079221745399
211377,0.015085887030074607
211378,0.18868589025160035
211379,0.08300385145981942
211384,0.2125332027794828
211395,0.16495173615982903
211398,0.03182410999815129
211399,0.01501460248746469
211417,0.042231264000334834
211419,0.193577019404853
211420,0.03185980819826621
211439,0.08691274478785309
211442,0.020534986386763703
211451,0.017738919309248154
211457,0.07609371886913635
211469,0.04611646460875519
211483,0.020611601947483238
211505,0.10499773054543193
211508,0.026556550634236082
211509,0.05808788078696574
211510,0.1054483201396671
211526,0.04659028213328502
211547,0.04001374000775103
211548,0.0837679655881248
211550,0.011392572179929557
211551,0.07014002163624686
211553,0.19561419622824305
211562,0.08923879000974566
211563,0.010037698371350387
211564,0.12277759136261053
211565,0.07801943620696254
211571,0.3185231132825821
211572,0.3592930571750191
211577,0.056912618126296645
211580,0.1330718290176147
211609,0.026172614078641004
211625,0.058015979668157344
211635,0.230815372345541
211646,0.054382374299415184
211660,0.01750228698834057
211670,0.19384111124879935
211672,0.03000170011731914
211688,0.015872226227393975
211694,0.01421400213596788
211696,0.05534455045006538
211711,0.2672183723073262
211718,0.0273527080722539
211732,0.03483841318444274
211735,0.03213110069798815
211736,0.0758061939750013
211740,0.05820186859488259
211741,0.023789809045710382
211746,0.01421157186214897
211751,0.03388971308342888
211754,0.08134793607047248
211770,0.0406892988380695
211771,0.05103630233358941
211787,0.24039802581889536
211788,0.05752924152582599
211802,0.07944213185196744
211804,0.03265866033807662
211810,0.09964400738017075
211832,0.07886282571523764
211839,0.028881555536246956
211860,0.04376041124296086
211863,0.27576162422866873
211866,0.015650177097214966
211869,0.06569246640109765
211872,0.027534989684327372
211894,0.06336390686319872
211901,0.0478551903250629
211902,0.2085413423378309
211903,0.12501764824005693
211946,0.03929209844937001
211950,0.05947463192549579
211959,0.07124015385280337
211964,0.07746637769171451
211965,0.022703096163563065
211979,0.03763081463127675
211983,0.13022220298723336
211986,0.1123093774741862
211987,0.011186666174889576
211988,0.045850797846713344
211999,0.010913042040821865
212002,0.048284980861927194
212004,0.03110763756941075
212009,0.06673613833780534
212015,0.022041135993677213
212023,0.02766438515495683
212048,0.03700515969755471
212055,0.02071351118686075
212067,0.015590420806720923
212079,0.02081780162528522
212080,0.02835942937009233
212083,0.010660677790620725
212085,0.2036540761180888
212088,0.029308512781785544
212089,0.06342675234753804
212092,0.02091926863301762
212097,0.0667677685717405
212124,0.031119481210419343
212132,0.022467626772001516
212136,0.07283882270672437
212144,0.04786108378906019
212145,0.04782330531787602
212167,0.018317065884482994
212174,0.22440110452265336
212175,0.034381699768273724
212187,0.3161450766564951
212191,0.020407921333498856
212194,0.10416960476859646
212238,0.06056895974792441
212242,0.021516855573124143
212245,0.054048962987612505
212258,0.021269803106075333
212262,0.021762227440342084
212277,0.009446747900854426
212283,0.028636851071594645
212287,0.0681107461102205
212288,0.07028550566319869
212289,0.08825140063145645
212293,0.04570574437144548
212296,0.16557318177205688
212300,0.13011569784560947
212303,0.12802652961767708
212326,0.0374808437951736
212327,0.08022114403861492
212328,0.02144850696997639
212329,0.014939015129084346
212339,0.04031072325924022
212340,0.051921659978312294
212343,0.020726065333072273
212360,0.017286990357425046
212389,0.06224293665589522
212401,0.1675758458610001
212407,0.021655085602440637
212409,0.07051215964595636
212422,0.03209496905173016
212424,0.11748440204468184
212440,0.03551546499284895
212441,0.13726799223293437
212443,0.015095772280653137
212448,0.056257079353896136
212472,0.12803243242315285
212478,0.05209210336903854
212481,0.033920988761116336
212493,0.13509089063689392
212508,0.04680165159909702
212511,0.01415884752052464
212525,0.019299693554218705
212531,0.07667172910011412
212533,0.010438456878844798
212555,0.04839714347814466
212592,0.10735391407915391
212610,0.029593431418513748
212621,0.112744172746541
212629,0.2021053708905752
212635,0.053405449813641634
212636,0.011186666174889576
212637,0.041340593351709254
212643,0.052671967166561175
212648,0.04527332866379165
212654,0.23093303033595314
212655,0.13845320762248067
212660,0.06217148322993328
212661,0.06307186496493808
212664,0.06404942243609675
212669,0.009732423633444108
212670,0.026919486200228902
212674,0.20909401258115573
212676,0.4566729300953935
212690,0.02351897413923245
212691,0.051630797018812666
212696,0.025949349889011635
212710,0.183434157461622
212712,0.009804177408203666
212716,0.05467743490636708
212718,0.06738526658844082
212720,0.041728800010678385
212723,0.018608293006240118
212730,0.009996442037739537
212740,0.0112808448277096
212747,0.062337774107384836
212763,0.05059057641155927
212773,0.010780104747391713
212775,0.04793755017874865
212776,0.036278055868986955
212777,0.22430339253356993
212781,0.11727711278735445
212782,0.33860254312621996
212785,0.02580695893348186
212786,0.08305999345689036
212795,0.010117376112571009
212800,0.09746984585783161
212818,0.07333425239468852
212834,0.03789886713465308
212837,0.06247696202801213
212841,0.0412266449285925
212842,0.020855664864845098
212847,0.18802870507796882
212848,0.0182283507556613
212851,0.033769507709654784
212865,0.013254810948069054
212866,0.00976710371204284
212874,0.16247403497917437
212880,0.026476756356387427
212894,0.025712152839838253
212897,0.03836508144890012
212912,0.027560899872419786
212913,0.009436211412427852
212916,0.058888300303675443
212917,0.011516249388035889
212933,0.11271661166241553
212935,0.024171161098835364
212936,0.05499092548500922
212950,0.12085492094493977
212957,0.02544195663121012
212958,0.02749677840630054
212961,0.055928930105814345
212962,0.017149129919187274
212963,0.18453663176433088
212964,0.18410473993438004
212968,0.13885902019784843
212969,0.04474489399182352
212976,0.010797309238747561
212978,0.02534440793860616
212983,0.10445287836802372
212993,0.22048437884598546
213004,0.013781428816746256
213008,0.012309108919606643
213014,0.008999451212433259
213018,0.08524461027437265
213021,0.024736565120455835
213024,0.042042607150263735
213045,0.09326614547167264
213054,0.02902859740022597
213059,0.19192802179846483
213076,0.027288538749749142
213095,0.03944519475480221
213096,0.04482499769149582
213100,0.012906348222886697
213101,0.07117172794728284
213109,0.02386227322756151
213111,0.024833066362340412
213116,0.012468172818493332
213133,0.13215858527821855
213140,0.04279510686181863
213141,0.08779364410204597
213143,0.33220764319887225
213150,0.018011092303988556
213152,0.03810583897316279
213158,0.04890802497058827
213159,0.03615537880051411
213166,0.040063173866486015
213167,0.233527210853507
213170,0.21604086515758997
213178,0.07909586781097602
213179,0.010416294638468524
213189,0.0427502225690279
213196,0.06284322497712701
213201,0.0108968075826517
213203,0.03744956261681668
213204,0.019104777032002626
213205,0.02500756640464834
213206,0.04356989434323872
213207,0.12825350975817884
213208,0.022014459567071355
213212,0.012720934407619658
213214,0.01654767010005482
213220,0.013862448796248452
213240,0.027982458072505396
213244,0.030634984358140504
213263,0.33700418292260265
213264,0.12151040546035394
213265,0.014883153892189254
213270,0.051869057047533564
213283,0.10236439450712216
213287,0.08664608731285113
213292,0.20079591283328563
213295,0.10556356875000425
213299,0.21754821543366912
213303,0.05047302640086478
213307,0.036158702895017644
213308,0.04051644315590606
213312,0.16869944578467172
213313,0.016172553929751594
213316,0.011562458798159285
213317,0.12058792347766893
213338,0.07852443814023331
213357,0.07103180353031516
213368,0.14869148032534887
213374,0.04137760498411548
213375,0.04516901255532116
213386,0.2390741019576484
213390,0.02938768590733829
213393,0.014272756518588156
213401,0.04089404281008298
213423,0.11832262002846036
213430,0.035079481429234685
213431,0.02645288696504482
213447,0.015611525003753119
213465,0.03347723764283209
213468,0.05060936255589808
213473,0.0688741372244727
213475,0.10622913147568547
213476,0.03626152424428021
213482,0.01684352918901799
213493,0.11318757148142662
213531,0.04087334510229798
213534,0.04864672814988655
213542,0.01655258189011399
213546,0.04987658298027752
213569,0.051772357438359895
213570,0.03749426439825713
213588,0.015023143333778865
213591,0.01437224302581661
213595,0.01253632764836767
213597,0.04293387703892671
213598,0.04747535457089419
213604,0.09296934573723728
213622,0.08319851380664299
213623,0.3048884298526799
213633,0.013529731821511038
213639,0.015289226675297312
213641,0.016465431461517407
213649,0.04442582587915419
213671,0.029105337944986886
213675,0.037264204156847495
213679,0.044614783203836744
213680,0.06008287949937473
213684,0.1279574020610824
213685,0.014872532705999272
213689,0.021006967767260958
213691,0.24893560755924854
213693,0.016801761959868634
213712,0.02684676652420086
213717,0.010960059185210026
213734,0.11250450202125468
213739,0.3998767310703979
213765,0.04343527781444712
213775,0.011195319533188431
213776,0.12562614923123208
213804,0.40349683551059384
213808,0.015494021653460852
213818,0.1929690934879454
213821,0.033207674096790124
213829,0.03933215146192037
213836,0.0855207451689194
213838,0.029242231118254174
213843,0.03269251072915112
213854,0.11371883835157978
213859,0.11325296664772695
213862,0.3941608812559361
213874,0.12662420783177933
213878,0.21527258289269188
213886,0.008870152310752392
213888,0.02817856986799369
213892,0.02843374353700016
213910,0.05532379586693063
213921,0.12645666715443266
213926,0.06110808667128668
213928,0.0164150285961661
213935,0.013076534669750648
213949,0.07407197342881865
213957,0.06258035266265594
213959,0.03590459667024947
213967,0.040374924244026
213974,0.02554167909250534
213975,0.049883845552493714
213983,0.10792496902867343
213984,0.024950968469699315
213998,0.15923614488624427
214004,0.025670596053411755
214006,0.03782961837998252
214008,0.0419229616229717
214014,0.0206864282843015
214015,0.0471632504422252
214034,0.010653323965033752
214059,0.04112676009387682
214067,0.009145948881610244
214077,0.025241810668979327
214078,0.06855376005635487
214079,0.07242426403375736
214085,0.060832977788782064
214088,0.1201448387420527
214099,0.04170837811368253
214138,0.02451875477259723
214141,0.010471233742042101
214152,0.07305060716126094
214154,0.010066979988561988
214155,0.022635635021172513
214177,0.0372700472880342
214188,0.04221662892900428
214192,0.04457114971584144
214207,0.04603252571623498
214217,0.03284558205598413
214219,0.057839217287866763
214228,0.11554857848432978
214229,0.1438769399358759
214233,0.041507235470256365
214236,0.1847529321522161
214242,0.015054985375840949
214249,0.009716339328483065
214263,0.020783092127308438
214264,0.010924998254035267
214265,0.04090067429380169
214268,0.03868631286401291
214281,0.027593443156170055
214282,0.019034262729401737
214295,0.054761724664037136
214311,0.010159375427864197
214315,0.03890939143392417
214325,0.026393865150821667
214334,0.04695749421479874
214336,0.030717072934419814
214337,0.04332466317876934
214342,0.4327813540916453
214344,0.10927551515598014
214349,0.044230710999373805
214355,0.017792319267377368
214356,0.015069242434283323
214358,0.02798564259660912
214363,0.051490292212497936
214364,0.013025664460227246
214371,0.07579243207848275
214377,0.5478309198015752
214379,0.05416065570569267
214383,0.04431319651193872
214406,0.010615219015755909
214407,0.0740270568614962
214411,0.037728315315822256
214415,0.12785299486047902
214418,0.2487359711202406
214419,0.015395224255697015
214421,0.011540074733491999
214430,0.0165762983576412
214436,0.01298531128969753
214463,0.11024734209074456
214472,0.12037256102784603
214474,0.2461495413257472
214476,0.033651972238080884
214478,0.021154224605643854
214481,0.16345955792284025
214484,0.019667639160645407
214488,0.1047109150984066
214491,0.1241207326078096
214505,0.060703838476708946
214507,0.09023760783375993
214510,0.058660108079104024
214518,0.08545977743995106
214523,0.28926364578927016
214539,0.04639338387129822
214542,0.039391316297117805
214544,0.07415740864456503
214553,0.02059795569119227
214554,0.047392837273094714
214561,0.13343310062483765
214563,0.05621840804089663
214566,0.01693133996261669
214581,0.022025800378220932
214587,0.052686091873895724
214588,0.08985563748929178
214589,0.14724022136904652
214593,0.11026369106573577
214620,0.1305052069995285
214630,0.11607361803034073
214643,0.02813012053750046
214644,0.07331459124648347
214647,0.042129283160531085
214654,0.016684797171649984
214657,0.03725684603379773
214658,0.020407844883342095
214662,0.06408311034064801
214666,0.11239890827801191
214680,0.019267469086309823
214685,0.04728632218199254
214693,0.011186666174889576
214701,0.023018128261335168
214705,0.012266447843026438
214706,0.1554512441563368
214719,0.0286748901634581
214721,0.5934058669371274
214724,0.014651657520090608
214741,0.04457114971584144
214769,0.07851733601107155
214777,0.010791589553230514
214780,0.04246398906533531
214786,0.046527907587078365
214789,0.04087268940562716
214797,0.08046299774348539
214804,0.03547034278438398
214808,0.07980112038664254
214810,0.3278258239447177
214828,0.26227144922684015
214830,0.05739635089861651
214835,0.29544036035621224
214844,0.081293544499294
214859,0.38727075845495657
214861,0.015502726359767377
214863,0.03304033536188805
214887,0.012601004198144316
214898,0.018116694769573224
214906,0.04631779266795897
214913,0.029300523399299984
214915,0.09691810523515988
214937,0.013113100644916173
214944,0.08078059158781078
214948,0.13431276077804272
214970,0.15117365130290514
214976,0.08366247793739867
214999,0.1466001686542917
215000,0.2875433361213686
215016,0.028493040353283122
215024,0.010161660048558379
215029,0.2813528645678164
215033,0.40678287696790133
215037,0.31743846682861243
215054,0.021781157866439298
215057,0.03702340186978804
215064,0.07070355386806974
215074,0.06928861242470111
215077,0.0922174714264895
215082,0.03310728511879358
215096,0.02954063207299562
215101,0.03229533251802029
215103,0.022025800378220932
215109,0.12111644795986912
215124,0.0699999463311765
215142,0.22216816312000276
215143,0.022041135993677213
215145,0.023904204602572306
215157,0.018227872179045847
215159,0.012117553964241325
215161,0.0846191287279664
215166,0.03925971846573103
215177,0.06059160754254513
215186,0.05996905916767194
215194,0.054550574279772265
215196,0.04209373096157766
215204,0.14171683637067065
215211,0.0368675081442011
215230,0.089590520448996
215241,0.012199645742681682
215256,0.18106274102160025
215257,0.05571621277170489
215266,0.11972556107219215
215267,0.012737970978228971
215268,0.019118968549096903
215278,0.13087320696718313
215280,0.41668021566771757
215318,0.22372466670596083
215326,0.024341056560641595
215331,0.027780129141807247
215337,0.009671489540010294
215344,0.04650607060838203
215346,0.06089207798515782
215348,0.06451215248256267
215351,0.014010676452885585
215358,0.11190777237429764
215360,0.1061438340400652
215367,0.011950082785329077
215369,0.07140986852839556
215383,0.024407657791913128
215395,0.13104938930654914
215407,0.036817231934437776
215408,0.04350187855936666
215412,0.022021214213263852
215433,0.05317472182687488
215454,0.19143840119010988
215463,0.19144897979117506
215488,0.011543805628738102
215508,0.09656772010188075
215512,0.00952969669029007
215516,0.12687865667321238
215525,0.12546046370910627
215531,0.11476842360384634
215534,0.14468855114336987
215537,0.04222967862128447
215539,0.028093444635797528
215548,0.02443881091522464
215554,0.08853966347370841
215556,0.01536795921900198
215559,0.22119265862901144
215560,0.04501061028493295
215563,0.019822056617687045
215564,0.015363058785213024
215569,0.0760623631887058
215574,0.45227929819087465
215586,0.07638183857150563
215594,0.13571221141415907
215608,0.046807224506988515
215614,0.04104971849397168
215623,0.11917461233657915
215628,0.07571021606898969
215637,0.24894909774577031
215638,0.23795754910747857
215649,0.02910209156200421
215651,0.028843978952127654
215653,0.01945896382463443
215678,0.033718222199657075
215708,0.036602248430545395
215711,0.09411363535330747
215733,0.03176489640517203
215739,0.011612156376427787
215742,0.01726055636307263
215756,0.0368044111343603
215772,0.06390690988880185
215775,0.1436545743676876
215791,0.036753373705368846
215796,0.08655026053631543
215803,0.02009658902416027
215805,0.019574864021506298
215807,0.014240313566414257
215829,0.03922679246751138
215855,0.018188032825225454
215856,0.14016167323622147
215860,0.05087854918611917
215861,0.06851799582692555
215877,0.027907001706534595
215883,0.027360012673896605
215889,0.04682397469495244
215897,0.019431545301064578
215898,0.010548105935612569
215901,0.03483476635931508
215908,0.05222129622434889
215910,0.6083885743260813
215911,0.019525732137483293
215923,0.027628621488420223
215928,0.03387320546648402
215934,0.20906680785248896
215936,0.11984997872514588
215947,0.011017543316655238
215951,0.016487604545095597
215958,0.010827871769785422
215959,0.044381693523116404
215963,0.0813263275186106
215968,0.18006538167455996
215972,0.05366855762124154
215976,0.04487353573826673
215978,0.03341065444376708
215981,0.05229929451684796
215999,0.01298543058998575
216001,0.17724234998787872
216012,0.03339744421212842
216020,0.1164458850170396
216035,0.024699045441565082
216038,0.19227420979291127
216041,0.03537746845130384
216049,0.07319174534106174
216065,0.03982474275584646
216096,0.30749748941210253
216110,0.012446022164047882
216115,0.12904789098811809
216121,0.02822706741492275
216122,0.3840952666508622
216129,0.02357207531979056
216131,0.12640205779359392
216138,0.05655424219268738
216142,0.029564453678607605
216143,0.05672544565305918
216150,0.029112719139186994
216180,0.07803499469432149
216184,0.04501703138368728
216189,0.019740986441845583
216190,0.31597885842891615
216197,0.012742105822765715
216218,0.22230538219425489
216219,0.05534455045006538
216221,0.11618863727344837
216231,0.018712780828633438
216240,0.1295905075211631
216272,0.04740137895881932
216281,0.06223749441219749
216284,0.021913952558953363
216290,0.07650889926567596
216297,0.07824783311342556
216305,0.04682397469495244
216306,0.04105014026972203
216317,0.030957916451868277
216333,0.011020927878927207
216338,0.1044920924727156
216339,0.15128619966931783
216346,0.052302810022180554
216349,0.200497999276157
216350,0.309538373846774
216351,0.044389072434259
216353,0.014136464258433545
216355,0.03594672108348972
216364,0.1595077386081774
216387,0.081488118801327
216392,0.021527333432698487
216393,0.14531486325117382
216399,0.01595116116325785
216416,0.018776958494399858
216433,0.025698886633592554
216435,0.01166836875078741
216442,0.11893484792708413
216458,0.07606666870786719
216461,0.34982132700810104
216468,0.057768997770020515
216469,0.032707378067237045
216471,0.04248709345251383
216473,0.1252678376516644
216475,0.023462101970879383
216496,0.03263907153583167
216510,0.11022890731608007
216511,0.047641928134201796
216515,0.01962593768330048
216516,0.10009515564669055
216521,0.022701621517696568
216532,0.024813864297449074
216548,0.01856612284039413
216551,0.13967030325460852
216560,0.049797268778372886
216562,0.10857577672978395
216563,0.028425744574445085
216565,0.021372991914802186
216582,0.02614027059434292
216587,0.11905243391642158
216589,0.019689335194381725
216597,0.051528264846318894
216606,0.025540335963047257
216607,0.014600928798290983
216608,0.18596522620256983
216621,0.022849893710080373
216622,0.010812354065203072
216627,0.054301979483126685
216636,0.059764708675858834
216647,0.022609679548100687
216655,0.1168540722058822
216659,0.21093594209501015
216666,0.2036815453013115
216676,0.05126540879322257
216677,0.09348517333244163
216679,0.1269185462109262
216681,0.02789457609963375
216686,0.011058038919800835
216687,0.12706117255660995
216694,0.0473897653360515
216697,0.014161216678414374
216714,0.013845601038085539
216719,0.06726628393007295
216720,0.014527259164855751
216721,0.1236301223036899
216723,0.09574761766880298
216740,0.10130032174811862
216746,0.059559045869147044
216747,0.04139868609295084
216751,0.04532687350378754
216758,0.09209561769661298
216768,0.01486643395495644
216778,0.13029478169252096
216786,0.11528064951267245
216801,0.1774502009950001
216802,0.1458346007116889
216807,0.02172680697553177
216808,0.02257308990662333
216810,0.030179738497844666
216818,0.009574839082506972
216823,0.039759189468365694
216826,0.01774056949445681
216827,0.0112808448277096
216828,0.07273855180615571
216840,0.2878548774999008
216844,0.04483592148785313
216845,0.1006316827835799
216851,0.12190597686993328
216857,0.05897995160706761
216858,0.03134484271251854
216862,0.012032712233171528
216874,0.018650430661057947
216880,0.024493045317628682
216900,0.057238046080944294
216902,0.03152733583627844
216903,0.04078860199923233
216904,0.02273141903078238
216931,0.02262420360188651
216936,0.02592596064311552
216938,0.21499254634902024
216952,0.040231091512432225
216954,0.054390533933625286
216955,0.02428998485529617
216961,0.01831159135296452
216981,0.22539623173899206
216985,0.021752740250234253
216992,0.08257046448883562
216995,0.022041135993677213
216997,0.010777697210325312
216998,0.03694886405156746
216999,0.06769728642352571
217022,0.10491046667321584
217034,0.07840120550869181
217038,0.015506143541933123
217050,0.051587463914123
217055,0.023093536009900485
217064,0.089072784153082
217071,0.009490385565058341
217078,0.0828836345331759
217083,0.1713515118725399
217084,0.010653323965033752
217086,0.0492255537734823
217096,0.12815746709327658
217101,0.1421569727751974
217109,0.16448835389917155
217118,0.03422674923955169
217121,0.10358993889427626
217125,0.10564463031478226
217130,0.18667078863734446
217136,0.06435643280522135
217137,0.02308260283283301
217143,0.010386780224593469
217148,0.03354964809035236
217155,0.030371831979797436
217162,0.02790072135334389
217172,0.034972108407313164
217174,0.02682639743464917
217175,0.13518334851513508
217177,0.022961176493515867
217178,0.22812033171083135
217192,0.02256440945327784
217220,0.011560725849187062
217221,0.041227249715937025
217223,0.010615219015755909
217232,0.052429735838441446
217243,0.06241188492210893
217248,0.12504655034182022
217250,0.07783383852554211
217271,0.11708490091783319
217283,0.013446762648945185
217297,0.12576524977171955
217323,0.10553751527241842
217326,0.01886784312629263
217334,0.05166552742888562
217338,0.03423174649108125
217341,0.32092484862640636
217342,0.1936953328830869
217355,0.015902954312582235
217362,0.0510885460430893
217366,0.11802423862500837
217367,0.045453575698163926
217371,0.02847658286605372
217383,0.09896592980297787
217401,0.12667436524332806
217404,0.05237918223887709
217419,0.014915113389253906
217422,0.1815363684980255
217423,0.01514937520868111
217427,0.0475443239039762
217429,0.02065420980252469
217430,0.019341599332185218
217441,0.0378629032754786
217444,0.01141600450058627
217465,0.026654762514015336
217471,0.022430119037586106
217488,0.029831991046667068
217493,0.0283357724339805
217509,0.3630404191756459
217510,0.038425846067535234
217511,0.18516167881142917
217519,0.10231049203638871
217522,0.14637144071373984
217562,0.057598226611976514
217574,0.05582582344456718
217577,0.012642412598716676
217579,0.07119411305992011
217596,0.021161845739205633
217602,0.01537354356930123
217612,0.042038718732233846
217632,0.04310847228374755
217635,0.022296935296364395
217636,0.1313133296284274
217638,0.13203605436263044
217639,0.05993116181447363
217651,0.06360820989171423
217652,0.011494024557365649
217663,0.3463846275346222
217669,0.02676346328841635
217686,0.08592035077563481
217699,0.057555871657741994
217700,0.1967086769376525
217703,0.0687817114195805
217706,0.12386334883448599
217714,0.08651434738671344
217732,0.013618563361925564
217736,0.04392974794647993
217749,0.41478478890666154
217763,0.01294643205292596
217770,0.030178924138484026
217771,0.024704848859090807
217772,0.040580643548707516
217776,0.02947931353671185
217777,0.03698383940697199
217778,0.18101849467333958
217782,0.012371665872447623
217790,0.12861437200910925
217792,0.018347898311575038
217793,0.10840727564792466
217795,0.21303063088007868
217796,0.014150907524621795
217800,0.04188716889147025
217804,0.018985870524032455
217807,0.011483967051894086
217846,0.061208157179365154
217847,0.1240641034837392
217853,0.04242727602222272
217856,0.03930618592446082
217864,0.01500072415050403
217867,0.07036063693959871
217868,0.2838946834200611
217885,0.07887330535293492
217887,0.02928783987596329
217889,0.04376556845430794
217900,0.01444682276348612
217903,0.015494021653460852
217905,0.10068756184573761
217909,0.027225340104574402
217913,0.0131375349230511
217944,0.03190487428347609
217946,0.12823128804766812
217954,0.04963395246159879
217956,0.07934219608344754
217957,0.027288553535979733
217961,0.29945140152946376
217962,0.04033563217671564
217976,0.02685052253748335
217980,0.06481512222677448
217981,0.029486994272820644
218006,0.05541922151162715
218009,0.02151703950034798
218032,0.14167775806764027
218049,0.012870487425193176
218053,0.07687413181035917
218078,0.06292161208583012
218080,0.12718270154808814
218081,0.019320337492772628
218094,0.1227937484273616
218098,0.030146067989388348
218099,0.08242940393692158
218100,0.06051205840163252
218113,0.04243403827231591
218117,0.08655195497416195
218118,0.09067257572863333
218119,0.02870114180560777
218125,0.01776667880554449
218133,0.07382670848606157
218153,0.24859800271204727
218165,0.05006699442752695
218166,0.011734481152548538
218177,0.021117167169044236
218178,0.040732171157442175
218202,0.032562063909126526
218203,0.017864292853566294
218207,0.05412165092407425
218209,0.06276602647302407
218236,0.052111682507160736
218244,0.01877911183249938
218247,0.08647840430507683
218250,0.024558405040229
218266,0.06596586201712086
218275,0.09264898105057495
218276,0.0459733665439954
218287,0.08495125862752834
218292,0.012994470072966852
218298,0.09892904026071163
218300,0.021516104304498674
218320,0.015664264399229667
218321,0.11295974521346175
218333,0.011346583807524603
218347,0.07934169779636202
218353,0.03789606450571844
218366,0.04850402399227541
218368,0.03340904791537732
218369,0.022690920745950936
218372,0.10026415482943903
218376,0.03990117542751553
218378,0.0256412439321115
218403,0.08567985228529193
218413,0.12212164268942387
218418,0.028195725977891533
218449,0.19868550115662906
218450,0.073188725015254
218458,0.021867683415026835
218464,0.03681452218907238
218475,0.11622830833538236
218476,0.12085311368414531
218478,0.03696833107997677
218515,0.03590983893885847
218517,0.023957617911460873
218518,0.09971913741803104
218538,0.011817620941280407
218539,0.11386107106111451
218550,0.2730974544503328
218551,0.013530407901255637
218565,0.19806389784235928
218580,0.011227234661729087
218591,0.1776868167799177
218598,0.01052874958793885
218600,0.029777521430401153
218602,0.06912551615919339
218607,0.20822970509566413
218651,0.036312222174380196
218652,0.025744988020480187
218656,0.30634193683833855
218658,0.030476086738450786
218669,0.17848137829182736
218670,0.05383939007564996
218671,0.02713916752198703
218677,0.177713467730421
218680,0.058498136431473516
218685,0.01218728833106786
218686,0.18812280276388355
218692,0.04159498820175954
218693,0.08060566946030265
218699,0.3634177272419531
218709,0.04208961741536789
218729,0.03160035399006883
218734,0.013365062390756372
218742,0.021270954216446814
218743,0.010726073876747882
218756,0.03322679233795835
218772,0.1336545466153101
218782,0.06901330792060034
218786,0.036073765154179344
218788,0.07777721278441721
218796,0.0545805941867036
218801,0.06509356843895539
218812,0.02646548058618588
218832,0.16337180381044597
218834,0.10126905963367794
218846,0.1984138641199746
218847,0.15455775799607524
218848,0.011135026540931585
218853,0.2121933951241431
218865,0.03470327502928029
218870,0.020100261111889707
218873,0.017139710265287676
218884,0.01595116116325785
218893,0.12700090928714355
218898,0.01375182545310839
218911,0.09427657635030885
218933,0.061149460332686534
218934,0.03691652666418881
218939,0.017925965356193015
218948,0.010515792982372662
218957,0.19883248795588593
218962,0.0886697009240468
218973,0.021277466688570237
218975,0.01324651725123446
219000,0.015446975460816623
219001,0.07098980148816911
219006,0.014731803697669368
219027,0.056231877550181185
219036,0.06892162706881907
219043,0.19936152109581948
219047,0.03681222486514597
219057,0.026038520941378717
219059,0.24465420529254764
219062,0.01824299407975596
219074,0.017402042568479013
219085,0.009790510978583822
219087,0.02785440056288574
219095,0.06079882092978593
219114,0.07265482586955771
219115,0.044011033624025565
219119,0.024108996909753266
219140,0.05989908087748038
219147,0.018392903731112815
219170,0.03762794905608844
219171,0.38876621179537374
219174,0.08149916511454011
219177,0.0446076398799129
219180,0.011499389789157379
219195,0.009052825685630383
219203,0.010812354065203072
219207,0.046871045034709256
219223,0.05816260056073287
219229,0.07754563686636498
219236,0.03423295477317193
219238,0.04594016275835418
219243,0.09622780705995235
219245,0.021021351591828264
219247,0.29823161408572435
219273,0.08537957299117352
219278,0.21664981864555508
219279,0.07417758355282758
219284,0.058774037801955815
219319,0.020338874591275407
219326,0.07757059898770687
219336,0.02798564259660912
219344,0.12496016185099619
219359,0.08977594936138633
219360,0.011179283319170737
219364,0.05272681857175164
219368,0.10800298823425825
219376,0.05160808414810072
219382,0.009415808982337655
219388,0.02724042705523421
219396,0.10337028950428703
219398,0.12900697004545716
219403,0.06031842338181399
219405,0.0435143937263154
219406,0.049728126693143006
219410,0.09929800408834633
219424,0.10810433065411736
219446,0.023148564558056146
219450,0.010940053783697414
219451,0.08574204364476846
219464,0.018499475780392755
219465,0.04051340651216862
219469,0.03890736416224536
219472,0.18265957080163722
219482,0.08287244010873566
219506,0.04634397846820833
219507,0.10656617605245404
219516,0.08697215070407391
219521,0.21729003592621923
219564,0.3180401319421584
219565,0.01308767858087478
219568,0.013862448796248452
219570,0.011463202539921532
219578,0.011049396296300553
219579,0.20423909980064575
219588,0.02545989437821638
219593,0.12118164806967088
219594,0.057759522335008875
219601,0.022798880173172924
219608,0.022528106109830397
219616,0.10394811860445667
219620,0.044157362705283934
219621,0.03823836007441996
219628,0.030559443963150468
219632,0.11779837456739164
219637,0.11273237707295966
219670,0.07920989545729784
219688,0.013211628802044462
219704,0.04321350069804504
219717,0.059523833850213245
219723,0.2150385292783823
219741,0.20687039194012224
219772,0.07988120330745126
219774,0.050848940942437415
219775,0.0496154457108164
219778,0.032764073543099806
219787,0.05537637622607906
219788,0.1299311812398179
219806,0.055025279939144044
219811,0.02451363708402902
219815,0.02189927254487902
219817,0.048867035313097267
219835,0.019519306842822513
219845,0.019279574432951772
219848,0.013818359895953397
219864,0.0673079671412686
219866,0.026491894789888937
219868,0.06523065856742072
219870,0.043882458672473576
219886,0.03692759841257131
219908,0.027957706779882775
219910,0.12021756560853614
219914,0.04555696698259053
219925,0.09465087739068864
219935,0.17827055075394127
219940,0.09883884989083908
219959,0.06284974466728253
219962,0.09527817362531384
219975,0.014948955732514832
219981,0.09207246237857583
219998,0.05490742495581763
219999,0.05198032847049133
220006,0.06948677963766675
220010,0.29282131019584934
220012,0.010517802210274723
220014,0.020142234503645773
220018,0.028725771372700975
220019,0.16685827021106628
220021,0.0729817284492906
220058,0.011438753232442568
220060,0.24400810012057148
220061,0.012109373989570462
220063,0.033591501715943925
220066,0.16766440975736532
220070,0.018116971710657032
220071,0.1336135387191373
220082,0.044802148877640266
220094,0.05417466997058523
220107,0.04762292769990249
220114,0.12865460661882008
220120,0.019471456724581025
220126,0.07487496991475422
220143,0.011386062857130787
220147,0.1385710177813199
220157,0.056845753430247295
220160,0.05919810965409371
220169,0.03761275634498106
220177,0.04854068253415735
220181,0.01934726338716539
220186,0.044384639005655056
220189,0.02299435638204727
220206,0.22006514372094443
220221,0.0576511757917497
220227,0.0660465833349854
220228,0.13234430261200525
220248,0.09613608997381137
220277,0.14065061856660538
220304,0.15987449061287062
220311,0.03952988487189203
220315,0.07433978262669325
220316,0.07325305641049353
220323,0.013798961925311234
220325,0.04261578100088687
220358,0.02183889389869424
220363,0.033847245536217714
220369,0.07526823695819632
220370,0.014444104816209936
220380,0.10450580646574133
220386,0.13569543995189917
220387,0.03974700785854231
220393,0.012951328622276026
220394,0.09763262553812058
220412,0.06881850984938598
220415,0.013916403535129972
220416,0.2802252683362723
220417,0.18787084257495648
220418,0.024605160201741322
220422,0.011104940253131173
220431,0.07500054708504582
220439,0.27447959950269646
220456,0.01977710519316179
220458,0.026022574976173385
220468,0.011734481152548538
220474,0.06214533906556543
220479,0.05081203037327893
220494,0.011154339046102748
220501,0.22041974241425635
220503,0.012610999180011023
220511,0.011640207585202438
220514,0.09255992639181879
220516,0.3727662358222414
220521,0.11860579302165739
220530,0.028252852919609134
220562,0.011306972334458442
220565,0.009977238214461259
220582,0.029474356943505402
220594,0.034653625767347734
220600,0.3608647954750591
220614,0.05250809709757751
220621,0.18639222837057154
220624,0.10027813170430451
220629,0.0793528334233392
220632,0.04248934464058916
220639,0.02454489001567765
220655,0.012554002250635557
220664,0.0246607726693359
220670,0.011416740575473252
220686,0.019920806094796156
220699,0.1157310624086065
220714,0.01457992433719472
220729,0.04629507866157587
220732,0.1711242077134672
220733,0.023327831440374903
220735,0.03605177153739102
220740,0.03753708782116102
220741,0.023028308924584562
220747,0.2974602998571342
220748,0.021144127564692226
220749,0.041088255741977955
220755,0.027386036250943484
220764,0.03582122724175117
220767,0.12155864489789907
220772,0.08437691139381873
220779,0.03433495498911884
220781,0.05373759980800378
220790,0.018597870969154308
220806,0.06574592769320121
220811,0.024029900732390815
220816,0.03397192240742281
220822,0.023112290679686183
220827,0.21243499321470138
220828,0.039233534453840174
220829,0.04409818804483363
220832,0.025178599045625683
220833,0.0907013887252506
220841,0.1360895842780323
220842,0.07181351985423785
220856,0.045867324880003134
220874,0.10982942913322846
220881,0.11077061717461353
220882,0.04164950276464003
220887,0.012043493592744798
220893,0.01810875960239992
220909,0.010918761726338912
220916,0.01809900880604215
220917,0.24706101460772428
220918,0.06515691112808256
220924,0.01836717526219375
220931,0.05032721470148075
220932,0.08446558000451845
220949,0.03646694324712975
220950,0.11869712082469319
220956,0.05246678157528738
220972,0.012910721295434668
220994,0.02721272454616343
221004,0.27493757964742266
221008,0.16637781903423005
221011,0.03891163644814621
221030,0.009331355464889024
221032,0.01509989388034183
221035,0.010576451771463284
221058,0.13022937429105136
221059,0.01799682058639289
221075,0.07381045502891515
221079,0.035545531172254556
221080,0.044230710999373805
221107,0.04070842616049665
221116,0.23346426979263052
221129,0.1204875132372885
221148,0.02264409978688741
221158,0.01415982258169764
221165,0.04444741057789513
221169,0.04765026421370326
221171,0.06697389911735772
221198,0.1241007448207007
221202,0.04611302428537366
221205,0.14138932330328463
221223,0.1071795887380865
221227,0.046310777328831564
221228,0.021784465234301074
221234,0.029150041828569766
221242,0.06053606189864934
221252,0.13626841946406415
221256,0.051896444315071066
221260,0.1155801785286716
221261,0.06294745972713403
221264,0.060273619804111056
221267,0.0818441160854912
221272,0.05786077536414087
221284,0.14341366038977407
221292,0.1509472947218419
221311,0.04021797702290921
221322,0.07369320202935979
221327,0.11742463396831253
221339,0.022367533921283746
221371,0.04345735825861975
221372,0.016980078588605924
221404,0.06015327845951986
221411,0.025128763695624723
221438,0.045742364297738744
221451,0.0357318813200819
221465,0.11474795186957842
221477,0.09545902684205879
221483,0.027944795408798316
221493,0.05128489367368061
221495,0.011002496875999378
221498,0.09573592983635842
221500,0.16514501448462232
221506,0.07555970309031541
221513,0.10226238204433893
221523,0.12416411498184021
221528,0.028361644673484194
221529,0.19694578013599312
221530,0.030278185184433648
221531,0.052028708313368255
221549,0.019348748543217748
221550,0.04452319393161629
221565,0.2369090309324849
221570,0.09934175950938777
221573,0.011070160808273107
221575,0.043957860461274804
221576,0.12230177842189452
221604,0.07439780596607407
221615,0.0727662604332171
221626,0.01852191854520537
221629,0.12277385672775239
221630,0.06622304290455519
221636,0.04344089120564355
221656,0.07279942315125652
221659,0.017998173096992642
221663,0.06521323906480062
221665,0.031080096373502265
221675,0.12831701698922204
221676,0.019636042144107226
221677,0.13674460166479735
221679,0.02260276837768463
221707,0.02856002508090702
221712,0.05571621277170489
221717,0.07996701952691156
221725,0.02817856986799369
221733,0.06747762954632161
221741,0.011330707117206566
221747,0.01900912084144485
221762,0.06028408724065718
221763,0.010110983653735618
221770,0.05392000588192049
221771,0.06566832905178273
221787,0.010386780224593469
221793,0.011186666174889576
221804,0.03832952682593983
221805,0.010463717933493504
221825,0.07307795908951922
221827,0.17273095361849417
221828,0.054846482675170186
221829,0.013449838859410718
221845,0.11759120477571214
221859,0.047272175387327565
221860,0.03881912925259624
221867,0.2728809147066949
221868,0.034081013640501714
221870,0.11029188873997942
221876,0.10475324938652955
221884,0.19588494802413955
221895,0.035599430163966495
221911,0.04336629795961036
221921,0.042989515679875114
221931,0.2060644886294262
221935,0.07339601480963101
221955,0.0434368619582756
221959,0.012467974188570046
221966,0.02889729170411533
221974,0.03298221380827311
221981,0.05246650251767554
222002,0.512976818528073
222010,0.012870487425193176
222012,0.12130278705731204
222013,0.09854540123441341
222023,0.15002293419997179
222034,0.08165798546306277
222048,0.08496251431147525
222052,0.24890689103446312
222059,0.03684634316530633
222060,0.02813146604702056
222061,0.05490910605126779
222067,0.015131438722759715
222076,0.2070628508542487
222081,0.1535151470407926
222120,0.04283838463406814
222121,0.059566197098988416
222133,0.10070010656400499
222149,0.12610033643849386
222150,0.011165901662917022
222153,0.038827406942086515
222154,0.02554167909250534
222159,0.06006111330858606
222165,0.03375129915839413
222167,0.011947310785901055
222170,0.0793613813502979
222178,0.20246842488645816
222179,0.056108665312004556
222188,0.05927176963301569
222189,0.018831971846966316
222195,0.08639249263624822
222198,0.09877402273436266
222224,0.027098260371462422
222234,0.027898388560046505
222254,0.06282812494951605
222256,0.0889321632388928
222264,0.03707463946170618
222281,0.04419922324348992
222296,0.29203606102282037
222303,0.22556549926505828
222309,0.02179975410336607
222310,0.01685716382796521
222313,0.21572567939925408
222321,0.15433033532937285
222322,0.02472992293007707
222328,0.10038513738465446
222333,0.05422270279703487
222334,0.09388906712044118
222338,0.017770548630821746
222347,0.08080549586329834
222349,0.042887469819699424
222351,0.016803808538823746
222352,0.04470956054241281
222357,0.020162053363116855
222362,0.008891499974611285
222381,0.21105518692555894
222392,0.032901651812283786
222401,0.12152211301297042
222413,0.03499638026197741
222422,0.010906532718023094
222423,0.04195739213872802
222430,0.05413430045003973
222432,0.021755853055113968
222452,0.03115913038721177
222459,0.10971911132177681
222473,0.04432887198337148
222475,0.043627346761317895
222481,0.11528776305770423
222482,0.07776760834119045
222489,0.02081259756775088
222496,0.01973141116569403
222505,0.06946485211097188
222516,0.049538237506853
222537,0.06180080140594616
222555,0.0376228513827575
222566,0.0762059749896957
222572,0.028212006873732664
222577,0.04831125055468634
222618,0.028006118074332648
222619,0.0124188671551801
222624,0.012636887793344528
222625,0.020887637568016523
222626,0.030257866716076904
222629,0.02264064269269994
222634,0.010110866789772235
222636,0.10541853925653213
222637,0.009679816233143049
222641,0.018579989267556545
222646,0.024581098226419566
222648,0.13199112187552708
222659,0.010943614542112071
222663,0.018480508641625416
222665,0.02930375718705595
222671,0.08940243151024388
222674,0.02721272454616343
222675,0.04562575435111327
222707,0.04787282028149412
222709,0.015167178166405748
222711,0.05938187493516056
222717,0.10702988608230132
222728,0.1379442083739465
222752,0.09323979562543652
222753,0.038858099346464045
222755,0.011661555064323354
222765,0.010776544726775007
222768,0.1567294802462937
222769,0.2705108526808961
222783,0.2133411046830414
222799,0.07500663759121425
222821,0.012128828351875221
222825,0.22834987620771421
222837,0.2527995086642893
222862,0.19507662000904585
222863,0.08423506324554911
222869,0.09472546973174187
222876,0.04059365610940406
222892,0.08345257657719742
222898,0.0297616073972757
222912,0.013804753046657856
222920,0.03669325170531688
222926,0.04041034119438598
222934,0.21393951870567104
222938,0.026919037433471717
222945,0.15367730273123265
222947,0.009804177408203666
222966,0.25601500697461643
222971,0.03254515622386488
222994,0.013194266566671867
223008,0.18952262194224198
223019,0.04302009301470548
223040,0.06661427973140537
223042,0.07759783631783927
223049,0.011982033656686621
223051,0.013569623599614541
223056,0.022708484874829092
223058,0.08739451683526962
223064,0.035915080094016484
223067,0.01601121362104733
223073,0.1986305247589975
223075,0.019037454032368267
223078,0.03882074501422329
223079,0.04432044839015325
223082,0.12581940696333943
223098,0.20593067754213087
223112,0.020763358466975197
223116,0.09637387827060098
223121,0.10447045058682422
223128,0.13642796852347577
223135,0.07115073708059239
223136,0.03929366327325014
223144,0.010632559453061198
223151,0.04375345315146245
223157,0.06834191373114311
223181,0.07795680473366935
223190,0.06048588978957055
223197,0.06485354772868572
223205,0.0276462551500204
223209,0.02598300758222639
223221,0.27599845676240964
223235,0.21643396127535602
223238,0.015706961715488903
223244,0.044658348261864
223258,0.021897595473646305
223262,0.1730059004464095
223272,0.0996096988766245
223288,0.11884071698676613
223298,0.04829090370878342
223310,0.07215598063561725
223320,0.016091259521523592
223357,0.25323828984910357
223365,0.025718602520776762
223369,0.061885870627405457
223375,0.18405354907504154
223384,0.009574839082506972
223393,0.010667817971254219
223412,0.04186893887287448
223428,0.053453747631429
223440,0.33966014718839577
223456,0.3825795718101935
223470,0.04010354607893579
223471,0.05208782205053426
223484,0.015745197171060456
223488,0.2188057782308682
223489,0.022703096163563065
223490,0.0407573474924392
223492,0.027957706779882775
223496,0.06578212693916138
223503,0.015332433353888519
223507,0.06134399257945503
223518,0.058401543893642924
223519,0.04024226889764665
223521,0.009961761959140801
223524,0.016807062862687534
223526,0.02127456431329594
223527,0.2995187650460183
223529,0.06011258323652126
223534,0.00921458899420049
223538,0.1336295559691247
223547,0.016626286204406444
223549,0.027982458072505396
223551,0.13885197588971088
223552,0.07480966447493484
223567,0.028805906431878147
223571,0.10940362841108983
223582,0.017871833726578586
223584,0.03912339947998701
223585,0.14833395335450814
223586,0.027983813356345456
223588,0.010517123853604817
223592,0.020958265423825624
223594,0.02679023391679518
223607,0.12819844083044613
223608,0.01834151139274048
223609,0.36606978798740053
223610,0.01376111229923484
223611,0.030522258657428258
223635,0.04464083778557854
223636,0.011537456988177621
223638,0.04577508974731256
223649,0.01770716912451849
223670,0.10594607291244844
223688,0.02160471060470856
223698,0.012758530242697574
223699,0.18174706403044413
223716,0.08047654795186962
223718,0.12056927622855658
223720,0.009186108574758602
223727,0.028336270603955584
223729,0.009411292954508033
223739,0.03871939581577411
223740,0.02586418784502681
223741,0.022695549970345875
223750,0.031036890966260833
223752,0.05012625995756738
223764,0.08415915323073918
223781,0.009140012411479801
223783,0.14817875195143315
223794,0.04113607391735108
223808,0.04008372941723384
223810,0.16359631060197577
223814,0.04694930552802641
223817,0.15824761363707704
223830,0.2020197298532762
223839,0.044508619339377296
223849,0.098650267923851
223851,0.32961575569584206
223854,0.0577616349057972
223888,0.181892328265521
223914,0.0982565607747459
223923,0.038901121415784966
223925,0.010964942778851922
223939,0.016818655752806562
223949,0.07196699455300049
223951,0.3013422656373416
223952,0.1049006273636873
223967,0.025841767749420364
223971,0.2512796803485237
223974,0.028003314573696404
223978,0.06166372830508336
223991,0.11523022745633427
224008,0.017580825281413453
224016,0.009137279203079014
224024,0.03898364381565206
224039,0.015379078488668273
224040,0.05233226551260498
224044,0.11503569080917246
224047,0.05367154353760656
224055,0.024244276703975404
224061,0.20764832189201674
224065,0.04379648732025343
224079,0.05034043080289693
224080,0.014971985036128118
224089,0.03366023266141876
224094,0.19306557947112107
224095,0.12975233078784762
224109,0.19878593856900353
224111,0.038284592548792476
224112,0.07049390811504533
224134,0.176645029823174
224135,0.022379043887855332
224138,0.19519692839906294
224139,0.027948661456522562
224158,0.04788201347873232
224161,0.11382329354827539
224171,0.0712058822041359
224182,0.1206403146848491
224191,0.045388791003828574
224194,0.02308466254041678
224195,0.08151184696814526
224205,0.05162770464742531
224206,0.13038852476050414
224211,0.010803617067832826
224213,0.012428360692332288
224214,0.1119902550794303
224236,0.044230710999373805
224239,0.23383962722295984
224241,0.12351850822321712
224251,0.027455041429774663
224259,0.11421887527489538
224262,0.11441292153593215
224263,0.05142993367363795
224268,0.09052585427199157
224270,0.01882896045938673
224282,0.08575892252255579
224300,0.014345932525275773
224315,0.0410190519646886
224319,0.025033406044541285
224325,0.013259844361335186
224337,0.019167998831515966
224339,0.0968447918594296
224343,0.009977238214461259
224344,0.11627800485011727
224347,0.12843574451661394
224353,0.12957374222456192
224363,0.017615243566396523
224370,0.0656267405084103
224379,0.01913252412280336
224380,0.12398038623450851
224393,0.043104593915434766
224395,0.06116302284081334
224407,0.06173520308518906
224408,0.01895146597155491
224426,0.06723461197995032
224427,0.03010551179546612
224428,0.016673486891047803
224437,0.45506470424008416
224444,0.008975953492059914
224445,0.11489894347297416
224459,0.02134223390921134
224473,0.4019962684231347
224488,0.10426375794245853
224490,0.20701648840982467
224493,0.11632090425642101
224494,0.10635740920457248
224495,0.0580847898332747
224499,0.055628532188534974
224524,0.05427591770831738
224528,0.0136431557065295
224538,0.38747817318515726
224553,0.061505479679806484
224554,0.020883727188070085
224575,0.01592800932487374
224586,0.017620693022915933
224593,0.04477148776078621
224599,0.03661382169105224
224614,0.02970316868800509
224625,0.01520265642681703
224626,0.03268265103082925
224627,0.1345372377286032
224628,0.06489049425661828
224631,0.009137279203079014
224651,0.13223598754101099
224658,0.03714717838589312
224664,0.04408401453210756
224668,0.012233541326923596
224673,0.056445792573687356
224674,0.05512428103496366
224683,0.06627339514215105
224708,0.1175476921979965
224748,0.08514443353396597
224756,0.030065203484170928
224757,0.04658413938013077
224760,0.009837641662865292
224771,0.09393398961349628
224772,0.03970151674558551
224797,0.06725697014890748
224823,0.14808794488216956
224831,0.10776194167733935
224841,0.014481144058087158
224843,0.1276459536523513
224844,0.12123757541400977
224849,0.02487491618140953
224855,0.14348876469786687
224856,0.011928150272960226
224864,0.04327719661129311
224871,0.03362480108066364
224876,0.17244369280767896
224889,0.04803069674115716
224896,0.06091842275058888
224899,0.05544909497337123
224912,0.026952250980553392
224916,0.0927484283732499
224918,0.13215216992928336
224925,0.07714558116551815
224929,0.04449858591696831
224934,0.1264343416146223
224950,0.17089020351242987
224953,0.08205754267180922
224956,0.1324852074631846
224958,0.022027811364959918
224960,0.0938425325293262
224971,0.17222861290139535
224975,0.04589095784337272
224978,0.04740743325638226
224986,0.07675165855619935
224987,0.13653158596426185
224990,0.01787511057009144
225010,0.027805800368196715
225041,0.04887709433815289
225044,0.019444163274273504
225045,0.024177509945338814
225048,0.029807599402561568
225053,0.13837108961341965
225058,0.033690609401189425
225075,0.05522444244232423
225085,0.03265379735073283
225103,0.01824384471456606
225107,0.019928579765629135
225114,0.021152556111396572
225122,0.07646629030824947
225130,0.016121834510339814
225131,0.14424754169522208
225132,0.06894846123404554
225134,0.03032939027118453
225136,0.031640402383062295
225141,0.01631244236956975
225145,0.03733354776932142
225146,0.011560725849187062
225156,0.04456533656945979
225158,0.04002230370483611
225165,0.08050649889416897
225185,0.11313795675557474
225194,0.022177505686503136
225195,0.010912325287234053
225223,0.08561157301901146
225224,0.21627201225775713
225231,0.03936105299937847
225233,0.08562118336327355
225246,0.19708135038760966
225281,0.02721272454616343
225286,0.05658577299494001
225301,0.20985075968140765
225302,0.016056675990014396
225336,0.04392215612554922
225347,0.09226441854927117
225351,0.029599683846849058
225362,0.042464018199646916
225363,0.012183029449857866
225364,0.03766941617633511
225370,0.026443802522588787
225374,0.02448537614779504
225375,0.04649976205304546
225380,0.02834565088080614
225381,0.02339168840397482
225382,0.05571426308053573
225392,0.058947444486966295
225410,0.03493413520409979
225425,0.10328994202356045
225431,0.03878123636824398
225456,0.014043418192891465
225460,0.1232269542722507
225475,0.04672176772615049
225478,0.02273141903078238
225483,0.12855709137118543
225499,0.11937571636380115
225514,0.4928384700896909
225517,0.04054283140257121
225524,0.21677294219029428
225532,0.049372909934030484
225545,0.10247214467694328
225546,0.0831130151060134
225550,0.009443927319897185
225580,0.1273773717581103
225581,0.12585980731148322
225582,0.05964901585252308
225585,0.03584119527338845
225601,0.1742243296397834
225612,0.06352978733828933
225621,0.10183938232370562
225636,0.07188534613455735
225639,0.07209323468176401
225650,0.009750241607420398
225654,0.04131757239759981
225664,0.019048634395489372
225665,0.2154647683613343
225666,0.009158043715051568
225686,0.041408548749119964
225689,0.027609359046280636
225691,0.022719840483054577
225721,0.01012114865712011
225733,0.055150301269511
225739,0.08714112311413096
225741,0.19951880489243595
225766,0.015391668190047832
225776,0.19786519675067243
225788,0.01972446905124702
225792,0.011708937237626919
225803,0.0632492897301978
225804,0.06763356802669247
225805,0.30622508666198217
225808,0.027733470611372397
225819,0.014600928798290983
225826,0.02704712890317898
225832,0.06285170995543418
225850,0.031692825465108106
225851,0.07609669421289628
225854,0.08125512085932088
225858,0.0241846982849356
225875,0.03486376415487476
225884,0.027532864068530026
225890,0.035070359984422934
225906,0.022796939400327072
225908,0.11071392429736251
225910,0.057318731233521124
225920,0.21490252011038172
225950,0.09605446757976506
225990,0.08629833423737707
225991,0.03620387060518278
226010,0.04494851571404327
226011,0.014350156257544568
226018,0.05024365059439519
226029,0.07760538156275276
226030,0.03658539333105074
226041,0.03240152996200059
226044,0.0205000415673931
226051,0.04226312667288029
226054,0.028713304795555512
226085,0.22930621063947973
226105,0.0844384156400155
226116,0.2642235478778405
226130,0.11871846853486015
226131,0.11079882157857661
226170,0.02618960469080095
226171,0.07233819342513036
226176,0.09545646825988996
226177,0.06979481716395548
226183,0.014683834356010192
226187,0.04858620437510524
226188,0.18608750375557626
226190,0.12022350899512915
226206,0.028087503371018323
226213,0.09444300377340034
226214,0.1378297400189154
226226,0.014322368348368936
226244,0.15839884619558942
226245,0.011926819401728073
226251,0.10381096510154286
226258,0.016271947171792235
226259,0.042284842390369476
226265,0.08334475505215852
226291,0.15716625840729975
226294,0.014113131941800949
226299,0.0317437025835406
226300,0.05259561618705348
226301,0.15465377342069556
226302,0.031221665149081514
226308,0.015126501909221749
226309,0.042422925627894785
226318,0.012709161714174074
226319,0.13442711353662398
226320,0.038297025561682047
226325,0.1248368909423238
226334,0.033775875613206184
226337,0.19112510093742271
226348,0.07824783311342556
226353,0.010386780224593469
226361,0.014557038753100455
226387,0.11250341290622137
226395,0.04575084003722463
226413,0.04091816579800521
226416,0.017843499218600917
226427,0.014725049094566492
226433,0.04977016599730611
226447,0.1527568576649943
226487,0.05532197623601833
226495,0.17750182685366372
226496,0.021341658566085463
226499,0.013733638954612108
226501,0.12463710703681771
226505,0.028107239671745166
226506,0.08112200286628499
226507,0.033446703901103
226516,0.014025044429133146
226523,0.0914009698010823
226527,0.13050001388717833
226533,0.058476789726977854
226537,0.07346773998146769
226539,0.009330993383006666
226551,0.12682496200699742
226556,0.012303923990387522
226557,0.024416793025368068
226561,0.15978421536390638
226565,0.04539295088619161
226567,0.017284477945823565
226590,0.02616592643592665
226599,0.24501924610653997
226639,0.1124114403122192
226654,0.18258248140569483
226664,0.032419926692057115
226668,0.15019195299131838
226677,0.06382566651639786
226682,0.07768113370131144
226689,0.08542314363843766
226691,0.03368369377833442
226698,0.047088152874969924
226713,0.018273558079896966
226720,0.030769492249020498
226734,0.03251668577012743
226735,0.03023599885602144
226738,0.11455875840205632
226742,0.010360186956870611
226763,0.015557211248565059
226766,0.08512071199634111
226772,0.031274254844666886
226779,0.15401000311426458
226780,0.07784866393898388
226787,0.30963713339969934
226790,0.2973373540629715
226792,0.06913926226170751
226797,0.055618881267305985
226803,0.030835830760140896
226807,0.09004818714389663
226827,0.013955121659212538
226828,0.04031775844686157
226836,0.03440806375901202
226837,0.00899671800403247
226838,0.1510733036137606
226847,0.09709776872849968
226881,0.16327599744756366
226882,0.09700812458860324
226884,0.023990204153643307
226917,0.02103157868541861
226921,0.07229063365836089
226933,0.10571075600482571
226938,0.2366689018405141
226948,0.05468659749113199
226952,0.02418086233508309
226954,0.07345264574251002
226965,0.01663992775248766
226970,0.01741465315563521
226977,0.2653634766429489
226986,0.08911653087530583
227005,0.0779898305566404
227009,0.029459425878574926
227010,0.046292817715827134
227013,0.05353324450050476
227019,0.07088176602369146
227025,0.0413362016795328
227026,0.04531047647872088
227027,0.058632620139109935
227029,0.02448381310643935
227049,0.06233610764392775
227053,0.026739153336458217
227054,0.07064569882787022
227058,0.03926750891992248
227074,0.010360186956870611
227099,0.016137639646427768
227100,0.03465822120783521
227109,0.010576924076417108
227111,0.03967283066562335
227112,0.025051581754193485
227125,0.13348712027016782
227145,0.07417191165083828
227148,0.15497545267212465
227151,0.059127492925261496
227160,0.18891241916076001
227165,0.08936716155547489
227200,0.15243132862735223
227210,0.028972967429935086
227213,0.06508494269105618
227235,0.07759081102770204
227242,0.06661684091851866
227245,0.19641252287846028
227246,0.014931134460724957
227248,0.08519158223073772
227251,0.04668243094894731
227252,0.015736685517881058
227258,0.0367097756325333
227264,0.056089818565439
227270,0.10823635443446507
227272,0.02260117728790929
227274,0.021872434299011857
227281,0.039205800962503035
227290,0.037126674477870346
227293,0.05693440423087096
227299,0.03828684884017959
227306,0.029505800237030373
227323,0.029994751384362396
227325,0.019754595475296496
227326,0.03080072210421571
227332,0.04606262181208422
227336,0.018764278409641212
227343,0.025483933425899895
227344,0.012709161714174074
227345,0.04348587318118724
227348,0.14476511125850264
227360,0.0154982950227048
227376,0.02685544098284089
227386,0.12892310266338583
227392,0.07846582722565976
227393,0.0848968013459177
227401,0.009818547574733381
227404,0.13423584196355842
227413,0.040830724846476305
227420,0.08060342906864403
227459,0.01529000622627583
227460,0.014900659430418132
227462,0.04825974843169669
227463,0.09609760336395622
227481,0.09335038839377595
227482,0.011165901662917022
227485,0.141757496115354
227486,0.04515297124845315
227493,0.04232784415281444
227500,0.05628833385320385
227501,0.021527131838456986
227502,0.029564453678607605
227506,0.07146830848731967
227523,0.10447600791936011
227525,0.03250238557033051
227531,0.0462332478815449
227532,0.31565016015162806
227535,0.023986671270624323
227542,0.054891537938349166
227545,0.04143359183883026
227566,0.04243403827231591
227578,0.022751055192840552
227585,0.10374324065984705
227586,0.014788739072849772
227587,0.022025341788143953
227590,0.028834782934536084
227595,0.2983500305185695
227596,0.0226907680984361
227597,0.11506910907439635
227600,0.17397049945913837
227621,0.1112107864165202
227637,0.04609842474385799
227640,0.21899697042424945
227649,0.523838726976414
227653,0.021273379740751386
227674,0.08897881747560087
227675,0.04781805695063191
227680,0.07624710739732066
227696,0.013703450632724032
227701,0.3844183197258134
227707,0.05065646465460897
227713,0.11733332312369782
227715,0.051527582091244105
227728,0.0573311278099035
227730,0.028770521856524678
227731,0.008615703403753432
227732,0.06894846123404554
227736,0.11772435367019989
227739,0.04925880478262084
227740,0.34922222953305604
227741,0.2508773333907432
227742,0.4606191841350009
227745,0.046717207949545904
227749,0.310394775457662
227752,0.014174267543279865
227756,0.27944200435849564
227769,0.03660747575717922
227779,0.044514437346146865
227783,0.11422019191397162
227799,0.043793001342446645
227803,0.027890857050773384
227818,0.07411107285809306
227822,0.0827857122243216
227823,0.01748683169934096
227824,0.06137107523728058
227825,0.0249944894290026
227826,0.20148571178775226
227833,0.023746398535718326
227834,0.23873903847844202
227837,0.09149277631621418
227839,0.02944272689679405
227856,0.07287204351930912
227872,0.020269957100925558
227876,0.044788039206701616
227905,0.2086701249928681
227908,0.18529115765688425
227909,0.26703247502552163
227912,0.05901371194100661
227917,0.04350945302718243
227931,0.06559700638580719
227936,0.0635537645148488
227939,0.04244740245133246
227941,0.014794925801446045
227942,0.043563585525064036
227944,0.04517787840631733
227945,0.08397120604274194
227952,0.05749376387953933
227954,0.08452274201521401
227968,0.009228665808094819
227975,0.02498362217796794
227989,0.06005870132580464
227992,0.11735910087017683
227993,0.04910489561596161
227996,0.05235854200548814
227997,0.0451152914203769
227998,0.019410734918656098
228040,0.042784075714312544
228044,0.03378842521195164
228045,0.020480718447250794
228046,0.03353200964029226
228051,0.023672836678289216
228052,0.03295423111047115
228053,0.02903767684826844
228059,0.03762641301309687
228062,0.08942980271676694
228070,0.019463367551147203
228074,0.0559677328843594
228077,0.03363889988797035
228078,0.12077313051636396
228097,0.06185568332804616
228099,0.17873037499679695
228100,0.06569666908076188
228102,0.3162157646165844
228103,0.1615293119637053
228104,0.17616160937630682
228107,0.055576498749172344
228117,0.0749333933964639
228123,0.02489622260592849
228125,0.020491369734895407
228130,0.017424423253907723
228134,0.021917808212496913
228141,0.06405002918039421
228153,0.2930522599806967
228163,0.03949392126680647
228164,0.011850805743153768
228166,0.09449417303110774
228168,0.11498668644695387
228169,0.052461025061692444
228183,0.1145337731654579
228198,0.08298268075882695
228199,0.047193302982113446
228201,0.02273141903078238
228207,0.05710518727406546
228209,0.1027691228271558
228219,0.022962923057735084
228239,0.011504376028768746
228248,0.038880214600003835
228260,0.12041068211915817
228268,0.5449252151181055
228280,0.0861382050036336
228282,0.046622725888797074
228288,0.02504551810777183
228289,0.11184396689965599
228295,0.021167891726852853
228296,0.05680410983614711
228297,0.2143220893642448
228298,0.023645464354959195
228299,0.0520405791345502
228301,0.009145948881610244
228322,0.11687259573606659
228324,0.07206249061024932
228332,0.013211628802044462
228334,0.04160536413241805
228342,0.10984583297201458
228351,0.03691761934388614
228354,0.04443439972166692
228355,0.011950082785329077
228362,0.009158043715051568
228375,0.029854294798359143
228383,0.0407971324579642
228389,0.03795875596523719
228392,0.14090191251143086
228411,0.029819776344648986
228414,0.0144057568330996
228420,0.030479247942057114
228424,0.05230875769682368
228426,0.12780479402767514
228429,0.01716719856313117
228447,0.2556235673691936
228455,0.01576464312510449
228458,0.19725770090932113
228467,0.3336555782195699
228472,0.027903977961839306
228479,0.015015034333953542
228482,0.04882371930707249
228488,0.04390898177559979
228489,0.48656645790697695
228499,0.028627393540011776
228501,0.00952969669029007
228502,0.026417357704647815
228503,0.1504609503867193
228509,0.02169013394604793
228512,0.12698282687214751
228514,0.02815408613790345
228519,0.19507273220205984
228530,0.010791589553230514
228534,0.2948935365725588
228536,0.009574839082506972
228537,0.023784387028800556
228538,0.12033872477476093
228539,0.03422048043003471
228557,0.12807988484936655
228591,0.1492972001567905
228592,0.018749988433901014
228608,0.11567508447784747
228609,0.037497780196930106
228636,0.13858925929572646
228647,0.05933227101418026
228656,0.06147778008690698
228657,0.024407657791913128
228661,0.07904743517323495
228663,0.06224975240117588
228671,0.03336423799280825
228682,0.1727587280522593
228697,0.07986857157650679
228698,0.07102605082082128
228712,0.022814215788629206
228713,0.029236436138128274
228729,0.016810861792049693
228730,0.11007617785135886
228737,0.11854418080295528
228744,0.012940705425124002
228752,0.02533805620823577
228761,0.3423279261483151
228763,0.12305645150028517
228764,0.00943657349431021
228770,0.025394478158045936
228774,0.011535719154188382
228781,0.049357559973985686
228792,0.05427562100327423
228794,0.21614887708765784
228796,0.011086323965054363
228799,0.1044805205712624
228808,0.15833135064103257
228809,0.07612021972900439
228810,0.03654361891130754
228813,0.025732510396634472
228821,0.4339051122944446
228826,0.03273244220959716
228830,0.02406441936820427
228831,0.04413834804149301
228835,0.0851959545342387
228854,0.01757493719922183
228855,0.03792507170704308
228863,0.10816768575797937
228869,0.08852802087891495
228872,0.1560257563181005
228885,0.17968515543281904
228888,0.015519344551972522
228889,0.11279800408854493
228890,0.05450152327545871
228891,0.015524772712271364
228894,0.16277517941579708
228902,0.12647764778836118
228907,0.028340757964678033
228915,0.03096932647347536
228918,0.058155138850003375
228919,0.031051896870996215
228933,0.035614879107664775
228946,0.016966828427243473
228947,0.12399503619525756
228954,0.1346062048101798
228956,0.07604839497562663
228958,0.03398170348636944
228969,0.1300117799443179
228973,0.049372909934030484
228978,0.011361886289803698
228979,0.49805755538743035
228988,0.03875780465312491
228995,0.11052730059838203
229019,0.06085581682691007
229037,0.016509337559407547
229041,0.07672895049028737
229042,0.01755962275012626
229046,0.026164661454602944
229048,0.01332856547768609
229053,0.02900864168046499
229064,0.3710294384323199
229073,0.02668577207991254
229074,0.02386573521758543
229077,0.1287648451866364
229095,0.25011077052048997
229100,0.12124181737848197
229103,0.024600259540419632
229104,0.07776048614133416
229105,0.014830267123987675
229107,0.010805651574610537
229115,0.03712058061150508
229117,0.2404956459044684
229118,0.009872321741464027
229124,0.165905212880547
229125,0.010942338691340554
229130,0.16466718182644233
229157,0.037226368084993765
229162,0.017778860820446538
229185,0.14749633835791592
229195,0.018903279028722013
229201,0.15691165398242707
229202,0.018188331904176645
229219,0.07174351879594422
229220,0.015363801879643655
229223,0.11341100866091344
229224,0.095020035459437
229229,0.08907778890670119
229233,0.02674283324793399
229255,0.026998684892524345
229261,0.1274140443423178
229262,0.06814527479007623
229271,0.10579202637555726
229276,0.08287062858651298
229277,0.01980640715921373
229278,0.10644190760307497
229280,0.06678142665173196
229298,0.009598246349047952
229301,0.07357787778891874
229316,0.05900165310570933
229325,0.03276062794645806
229329,0.02550006843555285
229334,0.025254263358169438
229336,0.08775406213663302
229337,0.12544493200993084
229342,0.010745131308069356
229349,0.0679550211798047
229357,0.04811590983316842
229369,0.1743976928386605
229374,0.030803284475034536
229402,0.058570379415949135
229427,0.02175393492635655
229452,0.1295284163123493
229455,0.18116542468794017
229459,0.2622143710621831
229462,0.027276246361108748
229482,0.02951024141662052
229488,0.009700580745115605
229496,0.04501483259560668
229507,0.06735777491013077
229508,0.018058201814337253
229531,0.021845024198188918
229576,0.011135871043719787
229595,0.0536574377565293
229602,0.06151843960373493
229609,0.04873788923407078
229610,0.34189191056769774
229614,0.10907459809757089
229615,0.1301692669230084
229631,0.048480571648704965
229632,0.037594086705964175
229638,0.027280401380968565
229647,0.06471816556866324
229651,0.013162623742224358
229659,0.10465424646040852
229663,0.10602571598680859
229671,0.10383852806968834
229672,0.06955639396888338
229675,0.044230710999373805
229684,0.04949877149245569
229687,0.08527186611997943
229705,0.028733054493883498
229711,0.028997534093818132
229713,0.11539068191521692
229714,0.07048729551894557
229731,0.08096433191901592
229738,0.1244606255986799
229742,0.09654609421160618
229745,0.04061187555686881
229746,0.017445241743589256
229749,0.14198713755575004
229765,0.09470841343420913
229767,0.013529731821511038
229779,0.17904848846250965
229782,0.032343175606432094
229802,0.10939368361073572
229805,0.019574864021506298
229810,0.3813712163443719
229816,0.022400165629610964
229828,0.06361645157933982
229838,0.07827468345963687
229850,0.13187496397395715
229858,0.04176002823252868
229860,0.055040241011645306
229877,0.010877373941911298
229888,0.010615691320709731
229894,0.05947764728677605
229898,0.0818729930588995
229905,0.057563923370972894
229912,0.29712046837104944
229913,0.033515542065735635
229921,0.1975163313461921
229923,0.02720809537979398
229930,0.011805109001339263
229962,0.022578241146630762
229963,0.2091511994524619
229977,0.03619168336659969
229984,0.010692091209326378
229998,0.010386780224593469
230012,0.02595188832499267
230016,0.2808967966837795
230020,0.045814151029389696
230024,0.24024494197015572
230037,0.025672753733377417
230038,0.11562916418876171
230040,0.027938656931942096
230042,0.013333828712054668
230044,0.12361884873061728
230050,0.08504194653590005
230056,0.016077767723819456
230067,0.04264269880667526
230076,0.04798439784040417
230077,0.060600386775842466
230084,0.08553195905946469
230098,0.039287730638140714
230107,0.09925014477320651
230116,0.07731419228405657
230119,0.014948955732514832
230121,0.03699348519388731
230122,0.1155949607398284
230135,0.15058804764830724
230139,0.015821335552149672
230179,0.015103488188122469
230180,0.10318837817488909
230185,0.012018192531505822
230192,0.06706184274990923
230203,0.23214344269114684
230216,0.08731183985837351
230226,0.06927377884235969
230260,0.14547064985244246
230268,0.12710517464523724
230289,0.20526560757779197
230296,0.021771067640304394
230317,0.009804177408203666
230328,0.20400674875111452
230329,0.30679784733398785
230330,0.02444086034821244
230332,0.049015264072398736
230338,0.02309941282397314
230343,0.06717182269049819
230344,0.08404711619774952
230349,0.02356438953615899
230369,0.012636887793344528
230379,0.13138344025031823
230391,0.03215770545482303
230393,0.4470911754520809
230394,0.023529076779797604
230402,0.06622746365839755
230404,0.1498729269248862
230416,0.029534992709243136
230417,0.20387245835141443
230423,0.2146333300374874
230427,0.04887617893682564
230448,0.22783137643371026
230449,0.01660015452382431
230451,0.012918606647360258
230453,0.013646169134442263
230454,0.020081266692041768
230457,0.10903057748327893
230458,0.09459187427214678
230459,0.13056224267319777
230461,0.014743653970907347
230464,0.03985062072386853
230494,0.015318289763831936
230517,0.018772559936410645
230520,0.0698400388878305
230521,0.10422159127886528
230534,0.04409818804483363
230553,0.035106148275591297
230581,0.09200789459228112
230585,0.07843945516684346
230590,0.024726686699324728
230592,0.08210856161897177
230605,0.02605627932638096
230610,0.009137279203079014
230623,0.09700450937169167
230628,0.06804733905721225
230629,0.1046674079079662
230640,0.04194920074898292
230641,0.027574369157691854
230642,0.009595603594479528
230655,0.025030584227427228
230656,0.03996550426719366
230662,0.04147386056708542
230675,0.045313992682035384
230677,0.0599537470468377
230688,0.010386780224593469
230709,0.2136263075379004
230716,0.010635983527728463
230742,0.042542108141420634
230748,0.10578046904978873
230763,0.12338712657571516
230779,0.04836603258015542
230780,0.048359288884305004
230781,0.2975516187568484
230783,0.021303525771675318
230788,0.12570813823912583
230789,0.01602320141392453
230792,0.013074987151621397
230817,0.027985910159141498
230820,0.03193183807374643
230827,0.045513942247558795
230828,0.12069889676887349
230860,0.022979258514371492
230864,0.17281343997722817
230875,0.07245294612943397
230878,0.010964942778851922
230880,0.18864224265508897
230929,0.07074638802473841
230931,0.2052569166791899
230934,0.12823498256765703
230939,0.016343219476023765
230940,0.07065013085966007
230941,0.05243306910457789
230942,0.34133242949944476
230982,0.04320473742678449
231028,0.03208223661514796
231031,0.12446984032427204
231039,0.14887305404268353
231048,0.07104826903203146
231065,0.070459939603948
231076,0.021384486085669768
231079,0.039233678701779004
231082,0.030014458940015486
231086,0.018474728553856182
231107,0.07955597020644564
231118,0.08053601156570081
231127,0.011516692476205063
231134,0.020761860746615686
231136,0.046667732309326686
231137,0.04366109019358165
231156,0.10863824276922271
231160,0.1821768191465576
231175,0.06101327838593599
231177,0.025935396620178082
231189,0.020062832039391486
231191,0.22529894190535993
231194,0.11747033832709115
231198,0.03957150504554592
231203,0.08504194653590005
231211,0.0423710263323289
231226,0.03625989748027863
231245,0.07432866021454063
231257,0.09843616044997708
231268,0.08197794691662527
231279,0.119246783449243
231290,0.16828631440112607
231298,0.035904740907918634
231299,0.02385549274465998
231301,0.05852357349460644
231306,0.011070160808273107
231312,0.015992814060678213
231314,0.11434345255807143
231326,0.5339484549870492
231343,0.07317421788944531
231353,0.04908431327073407
231359,0.07380865479895171
231364,0.015263360723805205
231387,0.08225972299903425
231392,0.017378907930448717
231409,0.07411276931680162
231423,0.07835391838881418
231427,0.012613703228666878
231429,0.2316971914604513
231433,0.04833820141078453
231437,0.024429556883458187
231448,0.01789096298710546
231454,0.29461966634767567
231460,0.02904610687302494
231480,0.021308941608670286
231496,0.009242497232500198
231504,0.1042999800600819
231513,0.010615691320709731
231516,0.023563909662322784
231523,0.03401183809503688
231529,0.01950740287911575
231532,0.036526605937172336
231533,0.0786394061377416
231542,0.02538107954460823
231546,0.039572152550500804
231554,0.014654730599011331
231556,0.21105208493768313
231561,0.024636695935421872
231562,0.10769620177117159
231563,0.01737198369058462
231568,0.05524361189673264
231589,0.012498427325002868
231598,0.1926499887021891
231616,0.045902361576773104
231628,0.025164623564431072
231637,0.05196553167839178
231641,0.08464789827428595
231656,0.2734478011372602
231679,0.13088321491583385
231682,0.39114329787004437
231689,0.028025424647518622
231690,0.020105237977527106
231713,0.28629973047223045
231716,0.02724117399217706
231726,0.020945564409359612
231734,0.13251301107284585
231736,0.03502838290748019
231742,0.012891082151787359
231754,0.12555924544069946
231757,0.0193753215691087
231758,0.0162953689369238
231761,0.034860964089654785
231771,0.052562978106297564
231773,0.017044849256241546
231782,0.059575425536553706
231785,0.12872747300026233
231786,0.04020565549083559
231789,0.017082319621661752
231790,0.015614374967122239
231791,0.09515655925289372
231804,0.0448940694864547
231835,0.032559887162811656
231837,0.010615219015755909
231840,0.1541856385159352
231845,0.21185499041117137
231863,0.15444991273357175
231867,0.12809837728779558
231874,0.1782923247575033
231877,0.041996431771919474
231887,0.022415861898157936
231892,0.016595675790142872
231899,0.02537350311374339
231912,0.3765191543779251
231914,0.05234413992371698
231924,0.0482052466318593
231927,0.09958317001522435
231935,0.03365815526166761
231938,0.22400538656678853
231940,0.3252355778366011
231947,0.03679845511931623
231954,0.014648664833473907
231955,0.11791006962870845
231956,0.030013288100423606
231969,0.015270614148634043
231982,0.010272309364754716
231983,0.014062463787537258
231984,0.026106049018776962
231987,0.03978812579892379
232006,0.013162623742224358
232012,0.010803617067832826
232022,0.012885911786384777
232023,0.10689350750139989
232028,0.03442177197765563
232034,0.016313055172947802
232047,0.028972967429935086
232050,0.014458507762553103
232054,0.04502000282720323
232063,0.07916495933581533
232066,0.010222594141992192
232081,0.06189607379640263
232083,0.18945626448671637
232094,0.11025338798902437
232103,0.022839485953745364
232108,0.022282391511538113
232110,0.04198932829091267
232122,0.02359590162948485
232123,0.01281437974359526
232132,0.009055558894031172
232148,0.21878535509821448
232149,0.04858796552784086
232152,0.14628286754986297
232157,0.11306332538295269
232164,0.08786742404219734
232170,0.07117911009941535
232172,0.07126046339995676
232174,0.060780140372770096
232177,0.11201277931869502
232227,0.06637052054558293
232228,0.0161681880439213
232237,0.012455217681883622
232256,0.12802797821142678
232275,0.01901892711394546
232278,0.024404881904648002
232279,0.015132538519866989
232282,0.01824043062968525
232285,0.10108881974210733
232288,0.01806957614798605
232301,0.08378512282905685
232303,0.01828262032024179
232309,0.044603455654966526
232325,0.076843357076563
232329,0.06858326697238848
232331,0.015386204031548514
232335,0.11172942039488051
232370,0.15375883996932385
232371,0.01790947029674425
232372,0.027984328345659504
232390,0.30865669617316527
232391,0.009696804630717622
232392,0.20307279096322808
232410,0.029007612012935325
232423,0.01114765696386643
232426,0.07336485793135404
232428,0.38427164847668277
232450,0.10853475158375839
232466,0.20395644915590103
232478,0.10783183357080299
232493,0.1372189167072172
232506,0.10180471474584214
232516,0.12991706592750965
232518,0.11502697901986784
232530,0.04038053131541176
232534,0.04014053979593423
232535,0.12247551197230422
232541,0.025942327851741654
232547,0.012210203204706751
232552,0.015075812264518929
232558,0.10718983533014878
232559,0.009574839082506972
232560,0.014183017432414725
232566,0.09280808087454064
232570,0.00971329164129471
232575,0.12119382535794791
232578,0.016953976099536007
232590,0.01874955137084849
232615,0.04870912097982562
232640,0.397445752673826
232643,0.038212312885523604
232664,0.22632503449346025
232676,0.02052016450042036
232699,0.06020731113321263
232702,0.023145665621379652
232720,0.010792920424462669
232733,0.01519131614057424
232736,0.014345942224068223
232738,0.01678414880605791
232752,0.010692091209326378
232758,0.011709994586703005
232779,0.05601014686909604
232784,0.09266007402017941
232790,0.0489062152029768
232799,0.078544364983929
232823,0.010110983653735618
232824,0.011584707798212603
232842,0.013646607423687205
232849,0.04120942900535353
232853,0.12950617340079013
232859,0.052046205128355894
232862,0.11997673158597115
232864,0.013602141667358777
232866,0.04495730609155618
232869,0.036920280790207816
232871,0.02743633068675491
232876,0.030263016181690937
232881,0.02567423316712847
232898,0.04996090236088866
232899,0.027044548567401478
232914,0.04884477167535412
232917,0.07956500917342996
232923,0.03673401327283961
232925,0.010632559453061198
232942,0.26602674418980593
232943,0.05807092398368964
232965,0.009804177408203666
232968,0.1283326495443279
232972,0.014765760759739127
232980,0.11338808820295214
232999,0.00899671800403247
233013,0.09468413808111412
233021,0.3739161881960035
233022,0.019402114036246414
233054,0.05871321079691381
233059,0.13802656922783665
233065,0.015230672073813779
233071,0.050295035193318335
233074,0.010676552014567974
233093,0.01281437974359526
233095,0.16863636683613703
233102,0.01829728621599378
233104,0.09821859077867759
233107,0.011950082785329077
233108,0.036191276432503326
233109,0.12827906388957794
233112,0.1331285081347756
233113,0.015103488188122469
233122,0.07329271509911617
233125,0.0642972868114248
233126,0.10717651325378622
233170,0.03895224438641025
233171,0.10382641397416262
233172,0.30604412808484327
233175,0.03400890315266626
233179,0.014903880183835868
233189,0.11759725328560458
233223,0.05924049324251751
233224,0.019863902425602577
233228,0.031028137585528758
233247,0.13095977043554827
233249,0.05189768782194164
233263,0.020960479813760053
233271,0.039486546816052896
233273,0.06541778716048971
233301,0.014201195624241431
233305,0.06448908356384163
233310,0.05523790549389408
233311,0.047927045406880565
233312,0.04734278611023109
233324,0.009817102282671752
233326,0.0626978338809557
233327,0.037273515182805764
233335,0.11354865785421883
233349,0.044712143492642235
233352,0.34311297787113465
233362,0.05741810960479754
233373,0.03642835487800239
233390,0.14715991543944948
233393,0.12330640967932131
233400,0.04737453689733931
233401,0.2061292477612579
233404,0.0948885569319545
233405,0.04366025232783645
233406,0.10678596833320615
233411,0.03890606385264595
233421,0.017490921973825978
233423,0.030358851240549007
233424,0.04151630304993377
233427,0.05394963412312659
233429,0.16678007534601896
233431,0.02593742766947823
233432,0.023055471306490105
233438,0.03677543368250768
233448,0.04002397923773306
233450,0.0220246724436217
233451,0.023555927304626544
233453,0.06737908980189515
233480,0.03694982261631496
233482,0.03546111888879782
233483,0.015093281857496582
233489,0.45258258865465384
233490,0.0691982852178662
233496,0.24210938714357422
233497,0.059982940892500204
233508,0.20206516479983877
233509,0.21112973671014804
233512,0.01766499712380694
233517,0.13002251001662185
233526,0.11660324079902691
233528,0.047429808880818936
233544,0.0447113845323789
233554,0.28760046507311215
233566,0.13004299814173587
233572,0.011532358826022666
233575,0.015381087716570336
233578,0.010837877725587074
233582,0.425287292667902
233583,0.06922729581733678
233589,0.05509820375712145
233594,0.14167082601004546
233603,0.13752342108803273
233627,0.013619636782609171
233632,0.11487485122085969
233639,0.023165429710010378
233651,0.13470033955717053
233652,0.20817909042684785
233658,0.010515792982372662
233675,0.03711344819458347
233677,0.09834692567375716
233682,0.028406129080507752
233688,0.17770903429742538
233689,0.14311489124168547
233692,0.029298034615648116
233697,0.21690126735959483
233704,0.10912717502556217
233709,0.09839093606376534
233711,0.16124926485800903
233721,0.02344677951953488
233729,0.026614858715020433
233734,0.011165901662917022
233744,0.010515792982372662
233764,0.1740905787453722
233775,0.10635644144794994
233783,0.2561087270889879
233792,0.04487702013287779
233796,0.04513030357495622
233797,0.04844831957627656
233798,0.05266859556996648
233810,0.039316894414197404
233818,0.06190150890752377
233819,0.047720002371894214
233830,0.02022711201045676
233831,0.044539685278052916
233838,0.02796402818418426
233852,0.023526026263894412
233854,0.03878123130481512
233856,0.009490385565058341
233858,0.022559716350713216
233883,0.014782479724028824
233888,0.021859155688392685
233889,0.022286850591969498
233892,0.010774776452625102
233893,0.009954408133553829
233894,0.04611773690025903
233895,0.11318470738911139
233901,0.012601004198144316
233927,0.13578923406790086
233928,0.03645588236772976
233929,0.12087981169354359
233960,0.04376659441756097
233965,0.1257402375514826
233970,0.02015788137727852
233975,0.17826132475391576
233981,0.12257808199391296
233991,0.26851832787709695
234012,0.05264826089861113
234016,0.029195368970592318
234024,0.03111997491034322
234025,0.012597221014517651
234027,0.1680192865973164
234034,0.14681072187089877
234035,0.019993532030528543
234048,0.05314760401099753
234069,0.015238036697893333
234077,0.02407392406774983
234086,0.05906354265974241
234103,0.03816051572331793
234110,0.07273678233864535
234115,0.06297630879761676
234126,0.04740049267465564
234135,0.21507455734537317
234136,0.03544473895788232
234147,0.038508972788017945
234151,0.011891996681965413
234159,0.01222011957641404
234163,0.03076700408585619
234174,0.010431339464924031
234186,0.023101039254771367
234187,0.12049425025743796
234192,0.03611752805340897
234198,0.025491450889458332
234205,0.030535273240049406
234215,0.11291233518907202
234220,0.059201913466739677
234225,0.05325925138029404
234227,0.021131818521249384
234228,0.027280185688553976
234231,0.19187840181395371
234232,0.09521550369849387
234236,0.10229054865612945
234239,0.0378786840840628
234240,0.12247366872970111
234242,0.019332895401960697
234262,0.05612897089069502
234267,0.12134785259569039
234283,0.03039799927050741
234284,0.06073715805348112
234286,0.017363399705788034
234291,0.07293440415730737
234302,0.09193251437359945
234303,0.07640271574157995
234308,0.012371665872447623
234320,0.07725798012327789
234326,0.060654072722788735
234336,0.0277425451364538
234340,0.21677294219029428
234362,0.010880522027432234
234365,0.01974389597519323
234371,0.035377205623517635
234373,0.07305883223216808
234395,0.016276424240633126
234400,0.09143661267666961
234404,0.11237395746303473
234412,0.09155151364756477
234431,0.05541158199755467
234433,0.18756085291960675
234440,0.08037689256923894
234453,0.0911596663862069
234454,0.06119777221143653
234460,0.013753258619799438
234470,0.16890053059567037
234473,0.021309076968182968
234502,0.1289430423892965
234503,0.08933792599246473
234507,0.1764538220541218
234529,0.1559167463431923
234531,0.012311146219705367
234543,0.021584517365341453
234550,0.24446115318184652
234556,0.01709783703575622
234560,0.08482079046956778
234567,0.010924998254035267
234580,0.16584796443569932
234582,0.18652176590762162
234594,0.012243223512779334
234599,0.1286346978786098
234604,0.021517951554536674
234605,0.13809832402318145
234611,0.020193177788172773
234617,0.027805565739635142
234648,0.023615124174862917
234660,0.014812012014995646
234661,0.054846078077794194
234663,0.10448725946483395
234664,0.009242497232500198
234670,0.016973153690695346
234671,0.07894541796761786
234673,0.04998840800823605
234687,0.10923294787111855
234688,0.04030023036869889
234690,0.09945467286024223
234694,0.025451869711877982
234695,0.011941320337935355
234704,0.16293111311780079
234705,0.018249309992899053
234710,0.0784644905073537
234718,0.1065886869648659
234719,0.07699838282257696
234732,0.07063525725651545
234739,0.04724605732579914
234755,0.2735112435229958
234760,0.01834113368547429
234778,0.028118963445912838
234781,0.21758253424241367
234786,0.11403988084326214
234788,0.1066689166939706
234789,0.011126145908348394
234802,0.10690889716554028
234809,0.5637638510093852
234814,0.1856717204860301
234823,0.03315038978703506
234825,0.033995383524338466
234829,0.019650576662752595
234838,0.13707070728745752
234847,0.09123234387427129
234876,0.02464140510967435
234908,0.33890105211598864
234914,0.03786965192812981
234917,0.050965901831036234
234935,0.08482604703615862
234936,0.019034262729401737
234941,0.059942738587940844
234942,0.08179815606887691
234943,0.07948640885269649
234946,0.011141023568268207
234947,0.0333262725206237
234960,0.06343130778993726
234967,0.041167216395946
234980,0.10093903017000574
234990,0.44341694012028005
234996,0.02880682021397204
234999,0.03025577436186729
235002,0.08942749948971347
235021,0.07043231976117634
235025,0.2025770005411299
235034,0.014193883086272225
235037,0.047113157559308866
235046,0.01938489736694757
235051,0.030068599584695162
235052,0.04564327325969112
235054,0.027277473650226165
235061,0.022142439900027754
235066,0.02713622643939199
235076,0.01680783559122483
235087,0.01421157186214897
235089,0.197147518444935
235091,0.13647372933570515
235107,0.055962378324130715
235118,0.029423835843007656
235123,0.05683613885219173
235134,0.017857250219166648
235137,0.1073775415544117
235146,0.011005048256851748
235147,0.04421620330822877
235153,0.019179904811316303
235166,0.1559993568463171
235168,0.06324954068958134
235183,0.009909395437624851
235187,0.011820651916938835
235189,0.013911674291107724
235202,0.11127689445157933
235214,0.04313413597084111
235215,0.011397249216515774
235216,0.2910170764018457
235219,0.12141117650541464
235223,0.05185364804814514
235231,0.09488296654867437
235240,0.04369139236053698
235252,0.034621945568688375
235253,0.008891499974611285
235254,0.029237134747624
235259,0.09550843462572993
235270,0.04417067841285814
235275,0.033339180853629
235283,0.0784587797629953
235291,0.01883975831247535
235306,0.009483775489209197
235327,0.03859618667064209
235337,0.15840942293624202
235342,0.013225712224556046
235356,0.02640096838373515
235357,0.02407392406774983
235372,0.04936950043347526
235378,0.2096024469134689
235386,0.025308553734092874
235401,0.012013885187082641
235403,0.021438896415397556
235423,0.020858682879332707
235424,0.010536557494345218
235434,0.013919088757653051
235435,0.024001014311422052
235438,0.11439094249766346
235451,0.011748532470721924
235452,0.021829688582732636
235454,0.0825157688113303
235456,0.010747502617853776
235459,0.03070036387308312
235460,0.0332242855455415
235463,0.12516006624656664
235491,0.13681979890215284
235492,0.16152488939363208
235501,0.03680670526510229
235505,0.07780468019736561
235512,0.16789938934104276
235519,0.14358908881693125
235549,0.05465440010949133
235592,0.02465956990226021
235597,0.037890941038950805
235601,0.024041233337286676
235602,0.17861564447529282
235612,0.013072338021698198
235617,0.05416409664016726
235622,0.015616726182101043
235636,0.01474566061977176
235641,0.03354354036299569
235644,0.04264931095638035
235645,0.02099487160997175
235651,0.029505595431327147
235664,0.03109482999394213
235668,0.38060428308229094
235677,0.010536621129773764
235692,0.011108231779495218
235693,0.020816379229574206
235698,0.035478536303088934
235722,0.15667242784928753
235741,0.021958339235830383
235743,0.2948083652644447
235752,0.010692091209326378
235757,0.04986109427848957
235766,0.011317644309309184
235768,0.07351391904761855
235769,0.04184959434917257
235775,0.01921725435154712
235778,0.1857634965960183
235782,0.3933085490380158
235791,0.12228323404117654
235792,0.09567799767107439
235796,0.06815898197469102
235797,0.10823263338496089
235799,0.1285032476861361
235803,0.07727478090432144
235804,0.32261716247249783
235809,0.07264315865985423
235811,0.10637429934131151
235812,0.01936069089963907
235827,0.08178074424912657
235837,0.010883288719124088
235839,0.06215738944329509
235850,0.2558788009393759
235852,0.014830267123987675
235854,0.08630380292618138
235860,0.018843299054746725
235862,0.017446765295814494
235869,0.0772751185260876
235877,0.03303547955217974
235889,0.0801691165965444
235890,0.3531848324884255
235891,0.024938900817508606
235893,0.0352859716150439
235900,0.01826943243913659
235901,0.02947075360642033
235914,0.012864931598097032
235915,0.2833266949857656
235924,0.1228480898733838
235950,0.07020801317075934
235968,0.04253756546459134
235977,0.09596326409094941
235978,0.04038801126471404
235980,0.13035738281248604
235990,0.023093536009900485
235999,0.019234035985495675
236002,0.18733983597102224
236022,0.10124608904761079
236033,0.032824419549810135
236034,0.044085097967252955
236037,0.290691281098772
236038,0.09906756829434657
236039,0.03727771516160758
236040,0.022379043887855332
236053,0.13716370243926512
236064,0.1117218608589516
236068,0.052553429068138514
236069,0.08477252679982203
236094,0.044362705978447846
236107,0.0724691983813767
236123,0.15129270191758767
236143,0.012301131511414579
236214,0.02284900871565774
236215,0.015273045154243697
236221,0.28602326833458774
236229,0.058980400495108144
236234,0.05104346831892498
236236,0.02404264459051863
236237,0.014217704579244605
236239,0.045998275783659434
236266,0.36678216340791925
236271,0.020726065333072273
236283,0.025808001691620286
236286,0.01262885158686022
236287,0.3016071356494442
236289,0.011736553865351442
236293,0.02668594674941762
236302,0.04561685446835253
236303,0.053354026167957744
236313,0.058037804499506074
236324,0.04260820502972094
236330,0.12096075686429672
236332,0.08477410840490365
236345,0.102694912085428
236350,0.10764792885372121
236352,0.10804695491428776
236359,0.023890926400233197
236362,0.06241805022311055
236373,0.02351722506849794
236378,0.2055109634748613
236391,0.044230710999373805
236395,0.10932935627614455
236412,0.07912227116242261
236418,0.01510669653469129
236421,0.01965983909167094
236451,0.043349555153225854
236454,0.012822918528486401
236457,0.010272309364754716
236463,0.09305072744594806
236469,0.019477792255758554
236476,0.07870103868546735
236485,0.055135665549350524
236508,0.0596056990763581
236509,0.047802125010357785
236525,0.06721951512182947
236527,0.10776669563137335
236529,0.09940185313941259
236555,0.14119522067335716
236562,0.1296935494081301
236568,0.28095604094730237
236569,0.15913797041444086
236580,0.02772670411186371
236581,0.012261375756845948
236583,0.11033914219530852
236586,0.0990778816929113
236594,0.07631659694437531
236631,0.01216464531449354
236632,0.03125516683622417
236634,0.04760189344229029
236638,0.01852212713070161
236643,0.25529624528305955
236648,0.06759881666552689
236655,0.13426055704799736
236656,0.05216873149267313
236657,0.027154043199405925
236663,0.053302390672267455
236681,0.020960634668854738
236683,0.02195770810638678
236691,0.03563053612604723
236698,0.08857972619728721
236713,0.056744061043821306
236727,0.31940728112014527
236732,0.035547197060913936
236733,0.019828579693049343
236735,0.021275089611233818
236737,0.008978686700460705
236749,0.03939724344570939
236750,0.02546452175946154
236752,0.06252288241332246
236765,0.025217389014579244
236766,0.036369800209976995
236769,0.0323797358351708
236771,0.061896043066756036
236774,0.08455135340991998
236775,0.019589272302611604
236790,0.11547341873004316
236793,0.021575172980426556
236797,0.25354985348533554
236798,0.011029446429628042
236809,0.07300597302767572
236821,0.0707218896547163
236831,0.1308517355994097
236836,0.036159035389950404
236838,0.024436107237926764
236849,0.05725109170259339
236852,0.08639429910756455
236860,0.09480223190443324
236862,0.017090208163197302
236865,0.054440465501535695
236873,0.011332452691150272
236885,0.034044704668963845
236891,0.009521027011758842
236894,0.024212179570289864
236904,0.073632451613074
236905,0.021261446236895
236911,0.025171056138409552
236939,0.021749412943683905
236948,0.016124045749976376
236950,0.022731171651838026
236957,0.01856329819705296
236965,0.019319629302679126
236974,0.026040799963293282
236975,0.0189844306949013
236981,0.03926084699205926
236985,0.02376178253115147
236995,0.1554261794120421
237023,0.04804293473147694
237025,0.01226020836672298
237038,0.0339613434164348
237058,0.020408984578816423
237060,0.01342801716813056
237078,0.07873919205705725
237079,0.05089506183084119
237080,0.22606739316982533
237084,0.020212196792568145
237086,0.009238108418215304
237087,0.016209236322203006
237091,0.1794674170858483
237092,0.02002174002798545
237093,0.05328638188725056
237094,0.05807223530338266
237103,0.013146910424444666
237116,0.07005114486155037
237118,0.03034944763323049
237126,0.03938626512544875
237136,0.019612901104828977
237144,0.11295949628266336
237149,0.136127524888019
237150,0.10286107353201593
237157,0.01925827101598002
237158,0.013806153935948326
237170,0.07473831985270682
237171,0.01147568090119638
237193,0.010576451771463284
237196,0.07811507717823592
237200,0.022835187847766232
237248,0.12151213699477119
237254,0.12641818430169147
237256,0.043533050476452076
237257,0.029035837297454226
237267,0.03305060890851085
237268,0.016083990844926822
237269,0.020026927574509308
237271,0.02467696046666279
237280,0.019663952256625823
237301,0.04724857895236269
237304,0.1771799132166391
237308,0.010360186956870611
237311,0.1226523785418518
237334,0.06131119662620008
237338,0.15930972577028868
237344,0.09635273454066576
237361,0.010707136035781885
237362,0.0357081762310793
237368,0.2658181946326036
237369,0.14854341256705178
237371,0.10320861043769816
237373,0.06317167385676044
237377,0.03438954078218723
237378,0.015451804424400663
237383,0.08677344818065232
237386,0.00952969669029007
237392,0.029210653035128886
237399,0.0419879127801425
237408,0.02861867184582965
237411,0.04320763867237978
237414,0.03130421325832318
237417,0.029337419452565194
237424,0.15165727714999033
237439,0.01103498990030723
237457,0.05668638128484549
237458,0.025331538322331454
237459,0.0154558989017247
237471,0.028144610949581532
237474,0.06598297029466604
237475,0.05699751691380441
237476,0.03451671311520689
237490,0.023398889529438506
237491,0.09381870993939471
237495,0.17054935520061515
237501,0.027666098394673648
237512,0.0778520829381678
237516,0.011431037324973236
237518,0.021472331798876258
237528,0.08247379995858245
237529,0.1708389746047135
237537,0.20594315875875724
237543,0.025038503987016576
237547,0.044230710999373805
237552,0.04539193416056068
237563,0.10676203521251246
237585,0.10685097688017815
237598,0.06909130875968465
237606,0.013252128453865853
237624,0.14105598154497148
237632,0.01783698781835529
237635,0.04362342296012487
237640,0.07471534774718881
237642,0.09807578299288408
237647,0.07020801317075934
237648,0.08312588938610996
237651,0.1266557947567596
237657,0.029777521430401153
237663,0.08619198338461037
237692,0.09353211337114006
237701,0.0642009671160588
237715,0.08430226087209444
237726,0.025633321814214554
237728,0.10776669563137335
237731,0.011583638040690628
237732,0.18531114936950016
237746,0.05094796918808744
237759,0.01455940074715308
237768,0.013289238162135378
237772,0.2850577007985067
237780,0.30293089010568297
237787,0.0970079033222396
237792,0.1274140443423178
237804,0.11112372558948731
237812,0.01718864419761857
237815,0.0698120102376287
237821,0.03370320951765941
237827,0.029384078312291013
237845,0.10746803703474342
237862,0.0596496788782786
237869,0.02240121025816494
237872,0.08776184019356717
237900,0.1697874508782385
237909,0.026055661181518287
237917,0.041041009622058276
237921,0.014043418192891465
237951,0.18839533446511034
237952,0.06053362955837721
237957,0.00877702911477253
237960,0.06280894258874188
237963,0.03467985710570988
237973,0.010481528608227602
237984,0.05912460330920881
237990,0.117695780343964
237997,0.06479575438652081
237998,0.12157850238859555
238025,0.054801465536953795
238027,0.00877702911477253
238052,0.011135871043719787
238053,0.05076175867382611
238054,0.1396112299256004
238065,0.027811513922777302
238066,0.03643135689831602
238075,0.1841193807673446
238082,0.05227474021369436
238087,0.10666577986869477
238114,0.020451042280842918
238117,0.1524090366901956
238127,0.11451301300198355
238129,0.1326145616279763
238133,0.015657826544937494
238135,0.014381472648595055
238152,0.06671795311680657
238157,0.029559614454961088
238163,0.018602246699419872
238170,0.03221460959362246
238176,0.022097251747067826
238180,0.22624776452686715
238195,0.05624928751683319
238198,0.04460141396390939
238199,0.024349045735322473
238206,0.22795137790366166
238218,0.05853582567770017
238219,0.045408104864712764
238222,0.02177713946155773
238224,0.01682695754379021
238230,0.07520159160226553
238237,0.045817293132267047
238238,0.04769258727160998
238247,0.04087303244470002
238254,0.03065861537950177
238256,0.010745131308069356
238257,0.022409799655674224
238270,0.11401357445730129
238278,0.02893528160196328
238279,0.12251226889557543
238282,0.025548979342881466
238286,0.01024526895339562
238293,0.08652673604444647
238298,0.013948336240916834
238299,0.010653323965033752
238306,0.13078476468013514
238307,0.010761005532016605
238308,0.02519249807509056
238322,0.011690439970584316
238327,0.04718657255175192
238328,0.16574613369843003
238330,0.01362738880882317
238335,0.02793987384722399
238347,0.07264412191418212
238355,0.20076308808619464
238356,0.19318835743321897
238361,0.042101602496046775
238367,0.026896146489808526
238377,0.04760141582478295
238413,0.011560725849187062
238419,0.05518356649162335
238436,0.04225779339412984
238437,0.12488127667821398
238443,0.014772553214930307
238450,0.0090811715214811
238452,0.011370462871775195
238453,0.1891732508734064
238454,0.2545290415565795
238457,0.05119993318070791
238467,0.0386102434733024
238469,0.021958339235830383
238470,0.015913803498032515
238474,0.17264731998205707
238478,0.09468947412231293
238480,0.1248843549447474
238492,0.026241947883679496
238496,0.10755397319563283
238500,0.04890430274646625
238508,0.21316415192256738
238512,0.017250652412767895
238520,0.026237673147511575
238540,0.0501461911413424
238548,0.04275692144281269
238549,0.016337116376954973
238550,0.021958339235830383
238563,0.026473145197966518
238586,0.045333586634891745
238607,0.011135026540931585
238608,0.0553252219662969
238615,0.06825909013534195
238623,0.10306350690577204
238627,0.033604602691127874
238630,0.16725191058372346
238635,0.0497007261586814
238638,0.05180478188523883
238642,0.010373246863465324
238646,0.05170305236532512
238656,0.0228865624428638
238665,0.04427603831902067
238674,0.05831800649142845
238687,0.028177488678533386
238702,0.0797320365703927
238703,0.031053727783378116
238705,0.057747736892605206
238712,0.32677126003863893
238716,0.041795297666982166
238717,0.1345835262698966
238718,0.027261443915748203
238747,0.05572244226485031
238754,0.2177976693283837
238767,0.10080063695591315
238793,0.012498730925712475
238794,0.2093366229503339
238796,0.1144539716269846
238806,0.06971240115530894
238832,0.11486188617945807
238833,0.03961285694556797
238840,0.1805045784021754
238850,0.018058201814337253
238853,0.03414709200744791
238855,0.02052604062740484
238858,0.0381247184414923
238867,0.3349905554827227
238868,0.03403959743119301
238869,0.26967441633658645
238873,0.043197844215569464
238879,0.054738346964342675
238893,0.18326297724518623
238903,0.017972520693106255
238904,0.13120761047670543
238906,0.17704202834049299
238928,0.027632540271930815
238933,0.05062209643364488
238941,0.10549784207345947
238945,0.05736702698194982
238947,0.017561534415897383
238954,0.03308710110764436
238963,0.04415490203094362
238986,0.08198782524330886
239003,0.20572193884160822
239018,0.016277168157928325
239019,0.1261988478064811
239020,0.11666845429962147
239021,0.10256107157419166
239031,0.019258557717553186
239042,0.050694643057251555
239051,0.018023042654543207
239056,0.06202184209916559
239058,0.03822552422815305
239075,0.09030637121379112
239078,0.01865607037464699
239079,0.016986608199142213
239081,0.009275247783291111
239082,0.14207389244397026
239085,0.10334033689558486
239100,0.05252349447548379
239104,0.015210674643946065
239120,0.05930904720548522
239123,0.0228617316642399
239140,0.3061447302508936
239144,0.011929918674935093
239145,0.09422269556564429
239146,0.028713724954197765
239153,0.037021225126529035
239155,0.01459122900690817
239161,0.08867471262135666
239168,0.07811217321240542
239177,0.052681430645100134
239180,0.03870250902658541
239193,0.024592835040713235
239199,0.02019727226549681
239206,0.0534370942960522
239207,0.05224989889517577
239209,0.018319566188410137
239221,0.11613072060533151
239225,0.01850392025464098
239227,0.022427316872941968
239237,0.022543926461140378
239249,0.01980624901866285
239273,0.3700296627407976
239282,0.02219353346563007
239290,0.21977801386650603
239298,0.026189206331917604
239302,0.09354788034860828
239307,0.2101468546779
239309,0.11594331833164909
239314,0.04252971939320385
239319,0.14996233383342736
239328,0.050675850989970905
239334,0.010117376112571009
239343,0.03495504581907993
239344,0.026917756483036487
239356,0.04979279549314794
239357,0.12995846008518813
239428,0.02529772825947844
239429,0.0294019550942922
239453,0.009467512412826982
239471,0.192080866428597
239479,0.04182058123747023
239480,0.0638237548956372
239485,0.017994555907227587
239489,0.10123779946238229
239518,0.20823436960237057
239522,0.022116864929389725
239525,0.10755303611300657
239540,0.10882661513250355
239567,0.06337539722175287
239573,0.0955184190273718
239574,0.04378842721183309
239578,0.13593022159054283
239587,0.022226339096217906
239588,0.0809368409054644
239597,0.07383031429239467
239603,0.01541434786926844
239612,0.06415285038399492
239616,0.22603423467096592
239617,0.0760951748268776
239618,0.3788732193931044
239631,0.16230795162074685
239639,0.13612063889807519
239644,0.038298839071773935
239672,0.047766683357379894
239680,0.13253769152044198
239685,0.011126145908348394
239687,0.017128330914933453
239715,0.08005787047871595
239722,0.13259108475905684
239733,0.013259844361335186
239746,0.009415808982337655
239748,0.010420762892014974
239760,0.1842335011269932
239765,0.10468378277321833
239766,0.13159739777221027
239774,0.024941763680650587
239775,0.014907058493659111
239788,0.30753642253493485
239795,0.07048945083608767
239796,0.022422450891706202
239801,0.10055531555360961
239808,0.03134349347607536
239816,0.00899671800403247
239819,0.010386780224593469
239825,0.026364001538363158
239832,0.24569299069581718
239840,0.026219968790814924
239845,0.02720510768617383
239853,0.015744521215707477
239862,0.043200057573157126
239867,0.05243436170354996
239873,0.10149898236820303
239884,0.05687833941588818
239920,0.019892533599465995
239924,0.11173347907467113
239937,0.024397976343457556
239938,0.01766001467413461
239948,0.04665807172654023
239951,0.03367518666033825
239952,0.03584166136219703
239996,0.014898169223782304
239998,0.0650617354844426
240013,0.039927688756141874
240027,0.12970643776445245
240028,0.02599919537955328
240036,0.20576842426269817
240041,0.1337066235716772
240046,0.07147323403334392
240063,0.04746778293057891
240076,0.010635983527728463
240082,0.12101190754060229
240086,0.03862423550896159
240087,0.011104759013206494
240089,0.23414793720573351
240090,0.011366089799227218
240093,0.24861840560270135
240110,0.13592896684507103
240111,0.07072430939891076
240113,0.010757436015319814
240117,0.011139102513914579
240118,0.06410222213548043
240120,0.03602982620205723
240125,0.22799099080476135
240130,0.048711113694388436
240131,0.26724414417342085
240133,0.028889965133070183
240138,0.2118533606413679
240149,0.0719001512957547
240161,0.04202224819246504
240177,0.22185496555815515
240188,0.034981193705696724
240197,0.04112676009387682
240204,0.1371893804552707
240215,0.01991590439058945
240257,0.03109383867424287
240266,0.03583033743887716
240284,0.06995073967740498
240296,0.02896570559667968
240300,0.04122622725580813
240312,0.010908835097254009
240314,0.08623794733988738
240320,0.024371659489482066
240321,0.09435224512745982
240337,0.05932631622176798
240339,0.11769567911415033
240341,0.078833524621991
240342,0.13606929193517855
240346,0.013057405712803172
240348,0.1272239166545152
240364,0.03705248371787357
240378,0.03102613264303753
240382,0.057846661445161374
240387,0.03351353619415251
240404,0.014903918404161812
240409,0.021116659767526504
240412,0.0186501287996474
240413,0.13116836715149663
240414,0.0638142377374972
240415,0.014215118118683026
240416,0.050784292674406616
240427,0.03828724512932254
240428,0.11947816264541947
240438,0.09317064443839697
240447,0.01053076549830728
240489,0.22948050120325716
240494,0.14816882905475323
240495,0.07409038822658881
240507,0.05730457299382245
240526,0.13613962549958553
240530,0.2309227243352272
240531,0.20804056828395975
240554,0.041821180874000344
240559,0.03420906858623556
240561,0.028972967429935086
240577,0.06371206192712378
240578,0.12159706778053266
240585,0.06645956435479965
240587,0.0855337870175943
240594,0.12635344901099188
240603,0.010387252529547293
240615,0.013918271921002446
240629,0.04322389931716958
240631,0.01647649456910036
240637,0.02813123779103911
240646,0.21392382375497415
240649,0.09702943289353376
240657,0.018044559635241396
240664,0.20525360859874917
240665,0.31506648605697274
240668,0.03830189349830458
240670,0.13158349437588654
240685,0.15400262784242197
240689,0.05772729628753789
240702,0.013909364059933904
240707,0.09201517606750098
240709,0.12570893536905464
240712,0.16807733279829387
240716,0.04254850763327696
240717,0.04987481034923834
240725,0.013330134932454902
240733,0.010350486982816803
240742,0.2126429754011066
240744,0.01783044201911352
240819,0.08069842845011123
240820,0.012608827409080902
240826,0.19242832825478567
240836,0.14279668619548175
240839,0.015330483533608646
240847,0.1265331946919843
240859,0.23271090185252613
240866,0.22037926380279496
240868,0.016914392718599333
240875,0.01847134793455595
240878,0.02175487851170777
240888,0.014789457072248186
240896,0.16977228726880647
240897,0.05128684370858712
240898,0.23409250593830916
240899,0.14121862152076076
240900,0.026992667662411724
240901,0.13427854121250632
240902,0.06587749006638635
240903,0.10848590084137374
240904,0.028585568541702522
240910,0.013770289430717769
240916,0.05065333195919208
240921,0.07947155510276292
240923,0.08985378738494264
240929,0.08098751712244795
240930,0.05778714301625765
240931,0.010761005532016605
240932,0.05520071034997013
240938,0.17272710804527142
240943,0.02139854149430847
240948,0.027027000787671333
240954,0.02546590537505729
240972,0.01938489736694757
240992,0.044860619111609205
240993,0.06141049571970636
240994,0.12856792822673552
241018,0.0187985520684548
241026,0.024029628317478256
241031,0.10572289571370488
241052,0.027718903022509907
241060,0.08332540046933448
241076,0.22010358465788404
241113,0.05002653025951341
241116,0.11686359750928052
241118,0.043999914503808704
241121,0.04746414078306462
241130,0.13189612916272586
241142,0.011005041914794102
241146,0.030041793915990794
241159,0.06517415974960203
241160,0.016906835335041278
241161,0.14883068394595497
241163,0.3305512017315003
241176,0.041683902197824654
241187,0.024420217520104287
241188,0.0954373455080265
241191,0.1055020738344633
241192,0.18935587648552982
241198,0.35632941514636096
241208,0.25674910084028013
241210,0.01766001467413461
241226,0.17207335741734053
241244,0.030294679514689542
241252,0.061764454736681754
241254,0.019345489289613143
241256,0.15737074276893548
241264,0.0918186884777195
241266,0.05663849978500925
241267,0.1828513457951831
241274,0.027700180888543112
241279,0.055759793366132404
241281,0.22847691892602423
241284,0.03301849626214699
241293,0.010521978381058329
241330,0.029290401524268178
241333,0.01381525453396698
241344,0.11556782476742453
241348,0.13168823542518815
241359,0.04028252822321099
241362,0.3273887121814337
241372,0.014454182717731894
241377,0.008999451212433259
241381,0.1316008352735211
241390,0.02299435638204727
241395,0.013480005555548949
241397,0.0445909488748491
241401,0.012601004198144316
241402,0.3604382156665693
241415,0.054833425560120067
241417,0.09406428761792643
241426,0.17903609349309757
241432,0.025838196497799726
241436,0.010117376112571009
241444,0.016906727296328913
241447,0.06501815179106547
241456,0.04395149157756738
241457,0.010922331243035703
241464,0.04789030706183102
241465,0.09387326209114756
241469,0.03309441431788284
241479,0.009319807023621675
241482,0.056476491595401856
241488,0.204747723498099
241489,0.04800427479955402
241507,0.048441188727006285
241509,0.011119443417755863
241511,0.023819815990034278
241520,0.011126145908348394
241523,0.011332452691150272
241536,0.042941439869083914
241545,0.12047027871465762
241574,0.016670795771483123
241577,0.307338791026555
241599,0.20221530772342491
241608,0.07316233056446557
241627,0.020381479074893183
241631,0.022334393476524987
241640,0.020349315760934246
241642,0.04685889845999617
241645,0.04754224716391971
241647,0.020600163784386942
241649,0.24179432731836464
241654,0.3019289350883401
241655,0.04032184700611885
241657,0.07174463546069819
241665,0.035804934819174586
241671,0.06229295143207536
241678,0.10646276380349765
241683,0.037750430414803374
241686,0.012758530242697574
241699,0.03222530229693956
241704,0.15647263899716007
241706,0.024134638326638976
241709,0.01408892094332225
241718,0.023177557853724617
241723,0.12574279145459283
241729,0.021752740250234253
241739,0.21026544282061072
241741,0.040140730167560645
241752,0.12449480681351048
241756,0.014026643661888095
241763,0.027191512597200103
241779,0.07613828478708068
241793,0.013918285028221272
241797,0.024761843703151466
241804,0.04767543232732881
241813,0.024847003862701823
241816,0.12122096191065405
241817,0.14394137992549558
241821,0.015541941122635608
241838,0.1688569931795399
241839,0.0974017176684725
241855,0.08174428911984231
241857,0.03401183809503688
241887,0.015042706705644518
241888,0.01529000622627583
241899,0.1916516621361153
241903,0.04225621222151705
241908,0.1217646811592837
241914,0.02481478133485915
241919,0.04401471871975183
241933,0.06276602647302407
241943,0.010707136035781885
241947,0.06034558203291561
241957,0.12471116631407117
241960,0.0845324341659199
241961,0.043523304310214325
241965,0.12167042195174498
241971,0.037314541088787685
241982,0.012766670930531155
241990,0.048648969908389905
242011,0.035190680130546985
242022,0.013489182687031878
242023,0.06099015506377603
242025,0.17687987365672245
242035,0.0459000027616948
242037,0.09092879365934613
242043,0.04055507022821143
242067,0.03298221380827311
242075,0.022030947000693267
242077,0.0137381376137337
242088,0.13006353553011643
242103,0.044230710999373805
242125,0.029028543123735633
242134,0.3137816553879481
242143,0.12474254454970002
242144,0.0419102141575014
242148,0.050832059038941904
242155,0.03994790928687807
242163,0.017345241714675566
242171,0.06619307513498966
242182,0.18105271013017582
242185,0.07288189125374074
242188,0.20077488051872572
242201,0.1373226805515329
242203,0.012512767497069022
242204,0.0090811715214811
242208,0.1910279910802415
242210,0.0809519583560162
242217,0.08131324374089292
242219,0.10424949502954908
242222,0.05135330791048285
242224,0.33939013930243833
242229,0.12913498253045183
242231,0.24711330083640534
242236,0.314504944798356
242256,0.09064595286889522
242264,0.043950633651502015
242269,0.029176051010223653
242280,0.22377329396925694
242281,0.013934792713273992
242285,0.10708336325654141
242295,0.014413357456834136
242302,0.17972895818336806
242314,0.03179055878692785
242319,0.06467307445307612
242332,0.06592832560094362
242338,0.058015979668157344
242342,0.17338419534304803
242343,0.1491464853420831
242345,0.010942338691340554
242354,0.03852803212528843
242361,0.07488798730645677
242365,0.148751993273537
242373,0.015120483179468711
242378,0.026271737040300114
242383,0.13204448854436682
242385,0.21008772715353324
242389,0.030055049705344873
242397,0.2327762253465123
242404,0.2091892938613488
242406,0.13641128501301675
242410,0.08701327581552255
242436,0.019248561198325402
242439,0.016046777116881593
242440,0.2185494766263086
242444,0.04218777384462551
242445,0.1219384555234901
242455,0.06057943338498393
242477,0.09481110344323324
242479,0.2940033091151509
242484,0.054600260657805585
242491,0.08864988110923369
242492,0.03986319656548119
242497,0.025104672947552108
242498,0.014725049094566492
242499,0.2029317085669451
242500,0.18958600345491183
242501,0.06292236366219549
242502,0.12898448337857316
242516,0.03874733358521192
242518,0.061883221535633304
242523,0.12252820763050332
242525,0.051718855773367864
242537,0.05639560922193021
242549,0.017542702529677302
242550,0.0247808829743353
242553,0.0090811715214811
242554,0.00982494192017622
242561,0.029162760065853277
242566,0.30730301569459045
242567,0.2161331700356667
242587,0.045266595029433705
242598,0.026900238530803262
242609,0.4231518484414595
242611,0.0519089578707224
242614,0.13515402390935022
242617,0.16397691467352357
242622,0.12006824908409348
242623,0.04555176083147764
242629,0.015652232000432427
242633,0.02311832279755708
242636,0.20654261573603874
242637,0.1315720614837571
242642,0.027867356000863264
242651,0.032364036854579295
242655,0.04331439824894682
242667,0.026193901253905888
242668,0.024697591422612353
242670,0.018051631718811866
242681,0.0219067685523918
242689,0.0165499105322109
242690,0.342745396614216
242692,0.05116887163037931
242693,0.038883980988879956
242699,0.05674581349065779
242706,0.02597575924231208
242712,0.22129979519249413
242714,0.07433724225100127
242715,0.010805651574610537
242721,0.08603147343113184
242725,0.016667659278198015
242728,0.07366138678666126
242740,0.021977929137835656
242741,0.013365062390756372
242762,0.09601629320469683
242766,0.10480254940080395
242772,0.019346327468873235
242779,0.022396109406393687
242782,0.07525174476603687
242795,0.12799938374127925
242796,0.04535732135876398
242800,0.02180483192395986
242810,0.055640729614189734
242816,0.12582417224913875
242824,0.06390674337062176
242829,0.19059567823088355
242833,0.03321545697762944
242837,0.06485885373465215
242851,0.06239628825328718
242857,0.11861207592789118
242858,0.11397574460608417
242860,0.03666057156741541
242874,0.029030405769944184
242876,0.12886958157582534
242877,0.012046538367356538
242879,0.01060901767371924
242890,0.10708452808863964
242897,0.010910869604031724
242898,0.009771006119392956
242904,0.010416294638468524
242916,0.01402895409377137
242920,0.06562909321806347
242924,0.050796138883259054
242930,0.0587854264240971
242936,0.09187860666522754
242938,0.02625201495035127
242951,0.1118855487639104
242952,0.04486120191522972
242956,0.03221837735007606
242970,0.29425693446343837
242972,0.02628006882782382
242973,0.017145251135382414
242975,0.018439646491807786
242979,0.2110835913325079
242985,0.012842587088772187
242989,0.013655894269813656
242994,0.20531335319863472
242996,0.23276606867632324
243004,0.10822547033636656
243013,0.014590010955704946
243015,0.04251980781919132
243017,0.03358297894196301
243022,0.011765965995662797
243075,0.13866010015599692
243077,0.015978703778368603
243089,0.020241972190147395
243096,0.05387452097381303
243099,0.01255153273344341
243109,0.020728846802317034
243110,0.05519498664503579
243111,0.020910561641100216
243112,0.05177707522388875
243114,0.1228126785714769
243124,0.25680477766508863
243128,0.33640522160638003
243136,0.05591628873493263
243143,0.022355086417189245
243148,0.13543209055361893
243151,0.011448857079956447
243152,0.033281125847343794
243163,0.05851715277496866
243170,0.01995989724559575
243173,0.011658914426656331
243184,0.06902501057240523
243187,0.08459269015198201
243193,0.14287491231992258
243206,0.09225513164666427
243208,0.02262358818138105
243236,0.017608334318152206
243237,0.11575228882033592
243241,0.01962854634484575
243244,0.015639898196849987
243251,0.07971647707716614
243256,0.022867065252347413
243257,0.06888760197705898
243263,0.026769201447037476
243265,0.051966081976432967
243276,0.042936656357346316
243283,0.047487398300650595
243287,0.012539843699218688
243289,0.1841010951690754
243291,0.013194829666718139
243294,0.016729814775107647
243299,0.18297169854546563
243301,0.23915191786941978
243302,0.10726700275855287
243310,0.11122519061482465
243313,0.22468845608014454
243334,0.11938455358204933
243335,0.03975714062970254
243345,0.029748453621701764
243353,0.012488070261253799
243369,0.04413834804149301
243371,0.10269434030017546
243375,0.061308414011455446
243383,0.2745064941048184
243387,0.010228003073440203
243390,0.13654258504429023
243398,0.009275247783291111
243399,0.03854441478791753
243401,0.012520036339763623
243412,0.010548105935612569
243430,0.06485142968689586
243433,0.026389102186788783
243440,0.03259185990399105
243445,0.19555452461870937
243475,0.1417838576337589
243481,0.026283223043227878
243501,0.18330708155208997
243518,0.1334975667049948
243528,0.025663384066000168
243544,0.048371706509242544
243550,0.029534992709243136
243555,0.034937972296829344
243558,0.12107452572362291
243559,0.12964320632507012
243569,0.11652697267748921
243580,0.03872877635899289
243581,0.010797309238747561
243590,0.011081448145468391
243611,0.016127171251483628
243619,0.028409328171843284
243643,0.051930442310067916
243659,0.04870348867817868
243664,0.03825228273054957
243665,0.25259227325000444
243679,0.0213255811818931
243680,0.08344993649666438
243681,0.033513206120747416
243689,0.10719288402987821
243699,0.0644342802589057
243700,0.17464330862423222
243703,0.06119259326246405
243714,0.4722707953338189
243734,0.014732927467365162
243741,0.21860905210245166
243747,0.022979598754083064
243757,0.0946134032145431
243764,0.275709372753939
243766,0.1742984836586386
243770,0.05671771027532015
243774,0.10684132703658115
243777,0.02524625458744224
243778,0.027306698884093362
243783,0.11272021838249782
243788,0.07187199971165485
243801,0.103761235224982
243802,0.014282624981751018
243805,0.4168365336894162
243821,0.038027606364442273
243828,0.027044548567401478
243831,0.07151339264598426
243838,0.22235887557310274
243850,0.015312328801915201
243861,0.09118530739620885
243871,0.34375079158207733
243873,0.023214253198285913
243874,0.04631617378831042
243875,0.043875193225563734
243891,0.052480282079589435
243893,0.11706200060533367
243900,0.010912546133389647
243907,0.19424368362137967
243908,0.29523865981117875
243916,0.19148129223718138
243921,0.08705406443568137
243943,0.026825446619461357
243958,0.2091511358873539
243963,0.2874563128977544
243965,0.0609441941753875
243968,0.03787342193804207
243978,0.13993248303654607
243993,0.08506616421533562
243996,0.06845518637382296
244004,0.18623650342387746
244006,0.1286787842227907
244045,0.06908397723341712
244046,0.011900951250192122
244047,0.044464759816020515
244049,0.010960059185210026
244051,0.08094477518964935
244058,0.05089400983291119
244093,0.03582073425621996
244100,0.0414701439975602
244102,0.1450465490384017
244104,0.05483184453349875
244108,0.012975705454614355
244112,0.12006043417772343
244114,0.054846078077794194
244134,0.06276330517719067
244136,0.04316370063755818
244140,0.010636455832682289
244151,0.01995989724559575
244152,0.12513037819693884
244164,0.1286065195589371
244168,0.0245201317631544
244173,0.03133673027358248
244176,0.018776958494399858
244179,0.01369029546208981
244189,0.11809005183420833
244201,0.040520560522477586
244205,0.10808792883758414
244212,0.1215432802877584
244216,0.025040525025476
244226,0.043585635848794116
244228,0.09002589257072949
244238,0.09130634788571605
244246,0.02542157918232716
244252,0.03980748539837013
244257,0.048133214745519355
244266,0.05720762492090351
244268,0.19155228751890238
244280,0.058663834739227205
244290,0.042306225709026174
244294,0.20420931607725795
244295,0.11411924764911718
244296,0.31331584763395237
244298,0.0446044284151679
244307,0.12562868895972568
244321,0.01346137340715842
244322,0.025548176745225394
244324,0.01294643205292596
244335,0.05949154518025286
244346,0.13161447931650014
244364,0.015395224255697015
244372,0.21398203761179896
244377,0.06253303548035626
244387,0.359428159301698
244388,0.19355551352210182
244395,0.1631897059958643
244396,0.021866833065436676
244403,0.028346745846755637
244416,0.11667658024757495
244417,0.01113240002332205
244420,0.05112200248494061
244421,0.07878924417668143
244428,0.059458535373190145
244429,0.17426428371517605
244432,0.06382338229380659
244456,0.12172108746487756
244460,0.055420187880587016
244461,0.07772371590443597
244464,0.012641145391959449
244470,0.015559681623351532
244475,0.14931572911967322
244484,0.2082394557028747
244487,0.013073862880352546
244489,0.059532531375210605
244498,0.11486843466925248
244526,0.11181514910370009
244529,0.33578017639129343
244534,0.025163922032983028
244536,0.11358219803242764
244543,0.17958149536707574
244545,0.040392426025664105
244555,0.02058262007573599
244560,0.20687901802136235
244562,0.11113447964114524
244570,0.11511929597469664
244572,0.21166333021940797
244574,0.12106682717938548
244605,0.18447797876334077
244612,0.04162146573065963
244624,0.027800812808471374
244631,0.012497116138301257
244632,0.14660057768589835
244643,0.009945452774952531
244652,0.07719805103326194
244666,0.01924666952668266
244671,0.08534095654571036
244672,0.014725049094566492
244683,0.05037863144080825
244690,0.027598356164708394
244696,0.033907098054083706
244703,0.014165707889078685
244710,0.0849704646001285
244713,0.04219776080761417
244719,0.021958339235830383
244724,0.19547934576315668
244736,0.08015162083826666
244763,0.12296607624028207
244764,0.18082089433680743
244765,0.20497639416439578
244767,0.13751998885702085
244772,0.0486424972926249
244786,0.05128984316769526
244789,0.023032064866214674
244794,0.03194517503919763
244799,0.010852720647274963
244810,0.011917011604589151
244815,0.02056500426982238
244830,0.02471838810325924
244848,0.05659699574086716
244852,0.016088357920599324
244866,0.038987449469027366
244867,0.11759467665205185
244874,0.025786275404151356
244887,0.043165669163615444
244891,0.0742271240054297
244897,0.35818660437808236
244898,0.010651500659137796
244909,0.0845399436073159
244910,0.12059635685392285
244913,0.09114742361223789
244925,0.051252592209464376
244928,0.04435245107347509
244932,0.018764460063093406
244942,0.038265172095571974
244943,0.11374385713345667
244949,0.07023406957217251
244954,0.04026990292026793
244971,0.0861040322463841
244973,0.6069294530808874
244989,0.2197868485951115
245001,0.05288779563992764
245012,0.037454605123365015
245026,0.21806991024329453
245030,0.04153170699008309
245036,0.03359388703575224
245049,0.23730524407584186
245057,0.03706293511334885
245062,0.06915118571786935
245063,0.03974788588208014
245074,0.020263539479550893
245076,0.03592301661177607
245105,0.07945664539038683
245106,0.010805651574610537
245121,0.021333600762067008
245124,0.08786076746831126
245129,0.015219595542811715
245133,0.1418032071154417
245138,0.047766683357379894
245150,0.1107593525026308
245156,0.07758205527769382
245157,0.049728126693143006
245168,0.11593692032979867
245170,0.018358663389118825
245177,0.05690386329347127
245178,0.04150684050612405
245182,0.009424478660868886
245208,0.06039572437673335
245219,0.2153527902685953
245221,0.009804177408203666
245222,0.01852517926352223
245224,0.03186184840442837
245225,0.02242387495634012
245233,0.10441238139832643
245234,0.06284398220421662
245244,0.05940039453247996
245253,0.3752720012212559
245260,0.05845881020007961
245272,0.01693133996261669
245281,0.017914141261335642
245296,0.13066278607589016
245297,0.2111806322511395
245303,0.017341291615383718
245309,0.08961319774809184
245313,0.018817449576291563
245316,0.04824619059973435
245328,0.02034065145619039
245344,0.032673748281931744
245351,0.03215412377943176
245357,0.05841483498275868
245367,0.02059888321908148
245369,0.17333344563757896
245376,0.10696283820649817
245381,0.03728190830084095
245411,0.03828041398680887
245426,0.047757277323363254
245428,0.012046538367356538
245430,0.144490942966802
245437,0.1232269542722507
245443,0.00886148263222116
245450,0.014796245602958266
245452,0.055715856787094876
245468,0.09670830720515419
245481,0.015769818224318704
245486,0.011279011814645395
245496,0.02800749761787575
245501,0.19341663332817413
245502,0.04767543232732881
245503,0.02140362307641519
245564,0.2542031709395247
245567,0.12587243685159794
245568,0.2100625752685037
245576,0.3312285064431762
245577,0.045997594969991944
245578,0.015960452693234144
245595,0.022042864204803215
245598,0.01565701397322162
245604,0.022184049106998126
245611,0.014629011023488705
245615,0.12260866093098773
245617,0.012018192531505822
245627,0.046544425382069314
245659,0.04695749421479874
245661,0.12923185318179997
245681,0.042792368790774686
245687,0.04958418867453482
245697,0.06594087338634809
245708,0.03303545523163774
245713,0.03140884917846888
245717,0.01768703376931427
245720,0.014490609024805604
245721,0.13464918886412477
245724,0.029156012040256633
245728,0.03756437383071813
245738,0.02324335779425597
245746,0.05413273191612313
245747,0.09159185119092385
245748,0.058731287267251506
245766,0.020142234503645773
245767,0.19707370871356875
245784,0.022041135993677213
245792,0.07425191164675375
245802,0.16439569830097506
245804,0.030661377581288812
245815,0.01279669355733513
245820,0.06495927500669904
245830,0.0435010090477851
245834,0.019501195576928983
245836,0.01917590180075589
245844,0.09814870062929064
245853,0.016877675841542455
245862,0.026996194519279836
245863,0.10651161364980719
245882,0.09981009170162565
245892,0.020792813373778123
245906,0.0929110654109275
245913,0.04678199459310987
245926,0.0145566069066116
245932,0.0377674892816101
245933,0.011332452691150272
245934,0.02523518294752361
245939,0.15752225203262396
245948,0.096703418211645
245955,0.0639708875296103
245957,0.008975953492059914
245967,0.11151937574658721
245979,0.01689697720363647
245980,0.04045989180228884
245989,0.013655887975054593
245992,0.03190522276042381
245994,0.08111747198100977
246006,0.02631626172536115
246010,0.026763377888562756
246017,0.12439843196954284
246041,0.02273141903078238
246045,0.05097315525089484
246053,0.0560019381203419
246057,0.03841264626837478
246059,0.056365715626933724
246061,0.07064212710924707
246079,0.010791589553230514
246082,0.04352505878692637
246089,0.024075591412954234
246091,0.013178651242736494
246102,0.043878597668523464
246127,0.2996076246693928
246134,0.02537199232905916
246135,0.05396305965997951
246138,0.36636581417445174
246143,0.027995298358137622
246146,0.13859951925594258
246148,0.031280861013495344
246152,0.24121124480947126
246155,0.024095573517635055
246164,0.023652901628950285
246171,0.14453842615781837
246185,0.017865879498854077
246192,0.23128647480613282
246200,0.22331875965339734
246208,0.027445551098659194
246210,0.022535307235294084
246213,0.04892316331645034
246214,0.12995909550746307
246229,0.024041233337286676
246242,0.017591250781049173
246250,0.11200423887397648
246258,0.014344570654125638
246267,0.2457711052202885
246273,0.017654224216751873
246287,0.01770337696584867
246289,0.04353204721246664
246290,0.2091511994524619
246302,0.022218080566126987
246303,0.029343696194375664
246304,0.049356880054975474
246312,0.12308218932786304
246319,0.4441081722212544
246321,0.04711788768793733
246335,0.05008156769784501
246337,0.10421262360953727
246348,0.02143906868910028
246358,0.03151346490639868
246362,0.20562863027784428
246369,0.013926469741225994
246374,0.0419102141575014
246382,0.17578427470951596
246384,0.03081045467834544
246386,0.35252934987733814
246390,0.1207409545210862
246396,0.0328728433134069
246400,0.08080517651442908
246401,0.03425127512728873
246405,0.10433625443293629
246415,0.08423174401869253
246416,0.06098492697842909
246418,0.2059582939987469
246422,0.0103775273941759
246423,0.029119663897201338
246426,0.10666926761626375
246429,0.09553251836272454
246432,0.037474231908145986
246444,0.07376415619588321
246448,0.04939037324108743
246455,0.2049613958879252
246469,0.09950561246692538
246482,0.0090811715214811
246488,0.020550381793914906
246489,0.20505747344399977
246491,0.04217331341609869
246502,0.026132885736498516
246516,0.02724042705523421
246524,0.11558270345125324
246525,0.14427831542659664
246543,0.16217679365556395
246550,0.11975850257702407
246554,0.06320133363832871
246558,0.01216905235868182
246559,0.10552935516417139
246560,0.10279399458804994
246561,0.01730257091401786
246562,0.019075913478466634
246564,0.01995989724559575
246585,0.2750171171842014
246615,0.12222543116030087
246618,0.021891755113803302
246619,0.04148071561684216
246621,0.12666126511134074
246624,0.0205799503098761
246625,0.014528017247903216
246627,0.20180027376501325
246628,0.07115840118109525
246631,0.040064440663533755
246633,0.08049897012192588
246654,0.03295325138960129
246660,0.060520175935072994
246665,0.19650725070186698
246669,0.06730439486187237
246681,0.015769818224318704
246700,0.20173182251026905
246705,0.038573819497378585
246708,0.067612753632399
246711,0.11748253360975462
246724,0.08732697905462683
246740,0.03932632170336202
246744,0.07278511995138352
246745,0.32851917687696497
246746,0.07333584239272307
246748,0.02035068455842315
246752,0.2648726021499859
246758,0.1412180471586216
246762,0.021068821610468285
246765,0.08677768193854327
246786,0.0287528938346511
246798,0.02034335632315703
246807,0.028548954721679155
246816,0.17196220383423336
246820,0.01558035344609283
246833,0.04042027048406364
246835,0.17957680154431085
246836,0.12304579432854583
246845,0.08588801856162194
246849,0.030414314948497456
246857,0.06930715226522446
246861,0.03593820527730366
246871,0.020109332454851143
246872,0.1819758828644058
246877,0.01307645016881051
246879,0.012046538367356538
246894,0.2076433293824155
246896,0.019332895401960697
246905,0.021273547304964214
246907,0.12977855944613698
246928,0.015576994473866868
246935,0.012937899446978485
246939,0.05330248067298547
246947,0.016539043582654893
246951,0.010939793037443326
246956,0.04394925857994529
246972,0.10849020935829963
246979,0.023090928730505604
247003,0.034379285598829114
247005,0.11128311792887369
247006,0.04879498346525741
247008,0.013462472513771187
247014,0.13255235398954157
247027,0.011929431669634012
247032,0.1199603385285046
247036,0.09479881135149917
247080,0.04335573415481384
247083,0.026784851082225093
247086,0.07767506296442699
247092,0.04454986950187836
247098,0.04364577553189472
247103,0.19314929819928778
247105,0.03642312559412636
247108,0.04059318959350258
247118,0.10257087321900857
247123,0.05617265771504302
247129,0.13422367304849736
247139,0.052480282079589435
247147,0.0870179012813551
247153,0.10289623973720259
247157,0.04569260979499204
247179,0.03224275145050321
247190,0.08002820940936835
247213,0.05221895297027118
247220,0.028267218273273425
247234,0.011950082785329077
247260,0.01251441480906936
247265,0.06706041015980233
247269,0.19750861005876721
247272,0.025122137488219613
247277,0.01693662193406082
247278,0.21759577841673533
247280,0.022724217905318693
247290,0.037425089693457744
247296,0.05169514433256248
247314,0.11995501282867786
247316,0.05384480605092802
247328,0.07455286086384197
247332,0.03233948969700148
247336,0.3381866160601095
247340,0.13856117682504754
247342,0.0683214582809962
247347,0.03439724179941982
247350,0.07219560094955052
247351,0.013180266663472528
247353,0.12179111003635323
247354,0.036934582235506254
247360,0.017173866459375402
247371,0.02763633215645343
247378,0.025944373263215904
247394,0.04137142239002147
247402,0.04440424335321088
247406,0.10249214899986289
247409,0.040850207497843884
247446,0.1256345131273225
247453,0.013762573523248436
247455,0.10966742556044354
247463,0.010454365609690635
247484,0.01316222419970239
247485,0.04036901630716712
247492,0.11423950651963093
247497,0.13233917111151083
247510,0.022506984368074766
247521,0.05023843056154723
247527,0.045138771457788565
247534,0.09111080732975751
247537,0.03452839623553997
247558,0.03036609027128658
247559,0.017792156087617784
247560,0.14462200040008732
247567,0.08903941505864706
247572,0.14474561204459674
247582,0.017969917575772536
247583,0.17304251892813666
247594,0.07514877264757795
247595,0.013009208520733057
247597,0.035263643444553426
247598,0.06406080252226623
247607,0.12320918033825493
247619,0.11047424062992688
247632,0.08504360521917384
247638,0.0900747016637496
247639,0.1651570999935404
247646,0.07462328275420527
247655,0.03221460959362246
247660,0.022377371410335512
247672,0.04785042128577839
247677,0.017581315222972543
247682,0.018221556114910095
247685,0.22521444081251443
247690,0.045288105627650795
247701,0.01130091962908625
247708,0.23831902526305368
247715,0.07632708300471479
247734,0.025561459186737946
247758,0.02928239339436355
247761,0.026013690457033074
247763,0.016355198751804134
247766,0.035698926173569206
247774,0.0398638654488226
247775,0.0721028651876375
247779,0.02731229871597955
247781,0.04942974379714211
247783,0.05880078718716897
247785,0.011950082785329077
247787,0.014593545942572141
247793,0.013813870728231864
247798,0.027098323433723176
247802,0.07096648564019978
247805,0.039547753258721834
247814,0.011476674409478502
247816,0.07751743327837839
247834,0.022798244586558974
247836,0.02102411985786966
247844,0.1291172687356252
247849,0.18836655122738513
247852,0.01114765696386643
247859,0.07035199428813729
247861,0.30780184380910036
247867,0.024847003862701823
247868,0.02687294656569786
247883,0.07800622000596467
247890,0.013480005555548949
247892,0.364578245756692
247896,0.013365062390756372
247897,0.01558899575072412
247902,0.19164637590974645
247904,0.017650697009636146
247909,0.018515428467164457
247910,0.028850419173988957
247911,0.04708470530496976
247929,0.012183029449857866
247930,0.010776544726775007
247935,0.020737568209296876
247942,0.22582655544663194
247950,0.02928783987596329
247951,0.12149518020818888
247972,0.046459274767556506
247989,0.041458447443563154
247993,0.086768556806743
247995,0.13420191566203704
248012,0.03204782846081773
248018,0.030156542536515306
248019,0.08224760410019619
248036,0.01474994792690903
248037,0.0899075277312405
248039,0.05163418970815368
248040,0.18682709846189602
248043,0.09653263678240794
248054,0.022480900975560984
248056,0.04303228198426411
248068,0.20212131134296216
248075,0.19519832210753402
248085,0.025205083635300597
248087,0.07573823811070705
248089,0.026127740469915894
248095,0.02321769828100373
248105,0.11915802739029142
248109,0.058115707742425485
248115,0.02448674594919785
248131,0.16512864000062547
248135,0.09806857900923677
248148,0.04333287325534684
248154,0.2326239245201142
248156,0.10222492555532577
248165,0.09615728461291824
248169,0.018882080478575758
248173,0.013706620658678234
248179,0.020162053363116855
248187,0.012287236512512555
248204,0.023899395474725738
248207,0.1173380839844211
248210,0.1808937208369489
248212,0.09373776620832594
248214,0.022672531039167658
248229,0.04230817182006507
248236,0.036581051837456795
248239,0.04977960488018546
248240,0.10919168985080296
248246,0.015005867319555
248249,0.07251892899812865
248261,0.052276163527990416
248267,0.04344617828188703
248268,0.07584529864002598
248272,0.014559724216958702
248276,0.0479006930094806
248293,0.048066026782165414
248303,0.10626174873970314
248307,0.028433524877619243
248308,0.12876373101731214
248327,0.05878352891843262
248330,0.031416773783010006
248345,0.040187520706369564
248355,0.015385036641425546
248364,0.08674919359087505
248368,0.22656010604334428
248373,0.0644198230661567
248375,0.18723740640143238
248378,0.02026670229002086
248390,0.021845024198188918
248394,0.07297681148877551
248405,0.01980151471236428
248409,0.046403752497987574
248411,0.024015927785522573
248415,0.10760197026721993
248416,0.03294509134624741
248419,0.23911266648729063
248421,0.017213753224570836
248422,0.023912032856491107
248424,0.04184634060687052
248427,0.04420765405224263
248429,0.3049041505760683
248435,0.018301786053570013
248452,0.07583443447035929
248461,0.05312820756587404
248467,0.022329388521912536
248472,0.055290590361861326
248473,0.05370400184652121
248476,0.044612482415023164
248488,0.21357444445181661
248489,0.08312175252521534
248505,0.021088318650851423
248509,0.08012992357631585
248510,0.15411772238626312
248512,0.020768305442598268
248524,0.28248127361169556
248526,0.25646389749314064
248528,0.024254654975866742
248533,0.031022509952614824
248546,0.017162171117093512
248568,0.028510478338353733
248570,0.06325886492880237
248579,0.04212184507428906
248583,0.058476789726977854
248585,0.010521512667889709
248586,0.047893609173640786
248596,0.009695574816510509
248597,0.13829047432735295
248601,0.013162623742224358
248605,0.03439438329161042
248613,0.017581315222972543
248618,0.04137760498411548
248622,0.028626276142578823
248626,0.009086497812547943
248627,0.016943184130063377
248628,0.015034198740388601
248635,0.03030670101487325
248636,0.022949268108367844
248644,0.018680534872607426
248667,0.2108118735921757
248675,0.03811218865549509
248677,0.06753221900332172
248693,0.1243969447106646
248694,0.0856587059146503
248699,0.011070160808273107
248706,0.16220631611958336
248726,0.13119089503549514
248728,0.02894551430381636
248731,0.08446077423189774
248736,0.291989038697018
248738,0.24447167981947898
248739,0.02273141903078238
248744,0.17353956061073386
248745,0.18623489861395645
248756,0.02341950596396066
248760,0.08842793416668016
248767,0.24998233778093665
248770,0.044230710999373805
248772,0.04427912941188794
248773,0.04057902018177974
248785,0.0173593483476625
248789,0.015859388892742746
248791,0.03044594958244188
248797,0.027155895489287013
248826,0.013177087841344448
248853,0.05148502091159339
248854,0.02200240931934936
248856,0.06833693572916162
248861,0.03680983873792257
248869,0.18504536607139604
248871,0.05120287094508617
248877,0.024117890053644196
248883,0.1838874926819543
248891,0.01393820016347028
248892,0.25392703140729456
248905,0.052300663487270006
248910,0.021165333556443115
248914,0.023313213096626418
248921,0.09033940807852041
248931,0.1696546886133164
248934,0.080282984050107
248951,0.019020184172969044
248954,0.07227061911220367
248961,0.011556337034902168
248966,0.038356078012404496
248968,0.1533131879663001
248977,0.02691029307977615
248978,0.10776669563137335
248986,0.2515221985195837
249000,0.012149820508686269
249005,0.09496509808381208
249025,0.009594746445958627
249040,0.1781693866655435
249045,0.03410437180897162
249056,0.06678980790485838
249057,0.016156613381466144
249075,0.052631746339494204
249084,0.06921148565966143
249089,0.19452770207846762
249095,0.28044022161866866
249101,0.08273930468091623
249113,0.03357845672510841
249116,0.022025800378220932
249118,0.09459541062659962
249137,0.11041422700324013
249140,0.030438816442574956
249149,0.1195330617416261
249151,0.029635470948428277
249154,0.04586409446636816
249155,0.07605573095144041
249171,0.023160980572611296
249173,0.249867533000739
249190,0.04243231020999222
249191,0.009512071653157544
249197,0.06183731823439609
249205,0.24932846211179865
249212,0.13028920859459353
249228,0.06840670959773845
249235,0.1039875437659934
249266,0.030646821429218846
249269,0.024309502354707184
249277,0.07663890350092684
249298,0.022925829128714166
249305,0.1863416926363601
249310,0.02719665769764083
249313,0.07300131669301708
249320,0.08248793036303605
249321,0.009238756072418235
249332,0.015110664146913127
249333,0.017811355361884815
249339,0.0865485963905426
249343,0.2566971979852185
249345,0.05098874398759996
249347,0.04709322988043261
249348,0.022025800378220932
249358,0.01053076549830728
249370,0.2842258553013597
249382,0.12352330027084882
249397,0.020723737994879532
249398,0.11563391721672552
249400,0.0959303374637961
249403,0.35120949470470125
249412,0.1844441450907432
249421,0.09965284153545004
249422,0.0262584378552906
249426,0.07733902626719028
249445,0.022143072617145522
249460,0.029337419452565194
249465,0.011828286383422437
249467,0.009158043715051568
249481,0.04643066815863478
249495,0.05126540879322257
249496,0.07874579499561682
249505,0.032497902984673685
249507,0.012398390684378513
249523,0.07242337312818456
249528,0.055335108819871415
249532,0.11294641235117016
249534,0.08654002188044096
249540,0.04170719416695469
249542,0.10886310996367832
249557,0.04038801126471404
249559,0.40971522902990853
249578,0.010630736147165242
249581,0.010705309364775328
249588,0.13456321167850954
249595,0.037738058434602276
249603,0.11757428654343487
249615,0.02117688853343127
249630,0.032876619551570875
249636,0.03273960347347073
249640,0.03235817487386012
249648,0.018491670418453808
249657,0.047787758294999254
249661,0.02794700374944977
249664,0.02359590162948485
249668,0.0973272969304061
249677,0.10258752507509121
249681,0.05755265290749204
249687,0.09636550069169465
249688,0.0962517539506754
249695,0.3604216440087288
249703,0.01954960241994947
249705,0.07407413926712043
249718,0.0821814875033888
249719,0.12010702384408685
249720,0.10541279475722345
249726,0.010993288614702642
249728,0.05612897741038647
249742,0.049919405507572095
249764,0.12684767015941661
249768,0.04427416007339448
249770,0.048675370327377884
249774,0.013253266534215977
249779,0.0815275522279211
249783,0.03963900247887984
249801,0.6235004057976716
249808,0.041980427880392565
249818,0.010615219015755909
249820,0.2470409485154763
249832,0.3805445161797719
249839,0.016847200309334988
249843,0.1367963632985173
249845,0.04693961118205456
249847,0.1490915834528562
249878,0.1980769496513031
249883,0.016096302385312487
249895,0.0750592516240693
249898,0.0620526070603899
249906,0.09426000664449177
249909,0.01001720654971209
249913,0.04636154962126106
249920,0.15459147553978705
249921,0.00899671800403247
249928,0.1638343885113044
249941,0.044769459881932164
249951,0.010676552014567974
249955,0.058187054748444655
250020,0.02440760189020904
250022,0.01878300146019313
250026,0.04916135246080052
250038,0.06159286073072736
250045,0.13087406599478638
250048,0.08507524591764411
250049,0.04683056839853785
250051,0.030042555829469648
250056,0.12242971708020867
250073,0.04131742371868441
250085,0.009294863754016149
250088,0.19214301096539138
250091,0.05208035021042273
250092,0.1285032476861361
250093,0.011735148186292857
250095,0.029281428499284917
250098,0.1404855839323697
250105,0.03182843634744926
250114,0.38822391803609413
250127,0.1720124939966961
250134,0.09418574573099756
250137,0.011099220567614126
250153,0.08057948628970706
250156,0.041430977449238904
250176,0.06473470842138314
250188,0.04605421088600683
250189,0.05953485056157981
250211,0.19472035636937315
250212,0.14928976494188348
250217,0.013151594168879063
250226,0.04903886774427085
250236,0.6017928012245632
250237,0.09893687249093171
250246,0.04624858991834572
250270,0.16133709712068428
250276,0.07821464064703532
250299,0.06973061296254802
250311,0.014106353832727786
250312,0.13883432699345194
250319,0.0436067566841962
250324,0.0147962811259529
250331,0.020004279916622097
250340,0.04675048227629121
250347,0.010720354191230835
250354,0.023725047496527846
250358,0.07921421249183627
250359,0.014990938287655317
250361,0.2735742096794019
250363,0.02796402818418426
250371,0.1246201804727485
250377,0.058306852835347464
250381,0.01784338974243063
250391,0.017059161064741268
250415,0.030672690520923206
250416,0.12539362953624678
250430,0.12654365814452612
250431,0.038715524652657915
250438,0.04375389027310153
250444,0.12114749504450717
250453,0.1321456427043158
250458,0.1824668547722718
250462,0.5280705017451086
250469,0.011055901318249566
250473,0.029973607738510277
250481,0.06184158918965353
250498,0.21226392638661426
250502,0.2137092217382636
250508,0.04205037343632137
250514,0.009574839082506972
250521,0.040948715764522976
250522,0.359944164648188
250530,0.010881762756196194
250531,0.014237493405652455
250533,0.012326702319288263
250539,0.04781122471496308
250541,0.024897138919925444
250545,0.1270425304999386
250557,0.29737907297967403
250576,0.09182357928837806
250579,0.012721341310793157
250585,0.3868905304608125
250586,0.02762242393064101
250591,0.20593913840351613
250592,0.016728866357796374
250596,0.026319171429099397
250616,0.01824684840525341
250617,0.022558204068277334
250632,0.06581357220480834
250636,0.04143359183883026
250640,0.10333289337948179
250657,0.0971665808759512
250658,0.1399304730628664
250661,0.02445503366173169
250684,0.09281717537186114
250685,0.07051622040302467
250691,0.0942743914557914
250692,0.041810173332287995
250712,0.012016724749105034
250713,0.010905326133352532
250719,0.04630655685038171
250737,0.06313386042159737
250749,0.009467512412826982
250772,0.031583759866207886
250773,0.22626243487211148
250774,0.028711574982387793
250781,0.10635805506698767
250783,0.023354267841621926
250810,0.05614020786020916
250814,0.01988815708971039
250819,0.05872257856651286
250831,0.035866157425598226
250855,0.010805651574610537
250867,0.23554743295183372
250878,0.0218298518967387
250887,0.00943657349431021
250889,0.032038348062285324
250890,0.0574917797380146
250900,0.10283969608460752
250904,0.07443398680816309
250909,0.06573072237472559
250913,0.059175550439853654
250914,0.01973065351559797
250915,0.08444646912188251
250918,0.04382830190514659
250922,0.19717477361273927
250925,0.021976159357701246
250939,0.06568052652491127
250949,0.011115430812889897
250956,0.030259311836539366
250961,0.05607451121292152
250963,0.13974432820517568
250965,0.14234586413483594
250968,0.012698970043330626
250970,0.0238938604960172
250981,0.07372922942691737
250990,0.01166809155813926
251001,0.11632176806912667
251002,0.016644417800925217
251011,0.2331064045051388
251013,0.03101246477751592
251021,0.009415446900455296
251022,0.025556356105148004
251029,0.01656247356937772
251046,0.020445754115886464
251047,0.04065418765910713
251058,0.014312439198886251
251063,0.043832386179363726
251064,0.06120023284436166
251073,0.26114322565649895
251083,0.04150568090518798
251085,0.10646646727304214
251091,0.10995985079249815
251096,0.07711727081379008
251105,0.3155972817348508
251115,0.13231534746961457
251123,0.013762311449205571
251133,0.10839569184233797
251152,0.01966594443130455
251165,0.07780807143803059
251180,0.05154627301171105
251196,0.2142548883496506
251197,0.03849153617880627
251214,0.010536557494345218
251215,0.3138874703354496
251217,0.07265728750971218
251219,0.025403267587974114
251233,0.011311522546052066
251234,0.20210698201868235
251245,0.016525974735108494
251248,0.21417935761660298
251255,0.012975705454614355
251267,0.01142565803057369
251272,0.04635030483835133
251276,0.020585895975974863
251288,0.05454685463295974
251297,0.025829584232698037
251298,0.11418309605475081
251300,0.04450895603329992
251301,0.02407670907437007
251302,0.04783934310894862
251303,0.1810062607944025
251311,0.03387380930958412
251314,0.05966795184545922
251322,0.013258683654236242
251324,0.09216510520078755
251333,0.0653865255355337
251336,0.06858202772112106
251341,0.020696832139628543
251346,0.040992854331754085
251370,0.036749299127455025
251378,0.028975353892948818
251396,0.07878535775144141
251401,0.03357845672510841
251413,0.015639898196849987
251422,0.025703165205106192
251423,0.021762227440342084
251434,0.16051585059611398
251436,0.05562772287951716
251443,0.06283788906539346
251445,0.08325872053534779
251455,0.02164726383508756
251465,0.0545187157825915
251470,0.03528936269847358
251475,0.38834351942634066
251488,0.04413597712124244
251498,0.06146680453540496
251504,0.071268868009106
251506,0.12120998148317759
251530,0.11442485001957965
251534,0.11983544900795454
251538,0.199213277403042
251543,0.021958339235830383
251557,0.06217468579837081
251558,0.07516390144214684
251567,0.029027877501471448
251575,0.044474327882773244
251579,0.058598529801079144
251598,0.26368549705582145
251599,0.04319914405842486
251606,0.013134590166061758
251608,0.038455016913505544
251620,0.17113960105360126
251624,0.043515909832253195
251629,0.026240852652153028
251631,0.05265485320784659
251654,0.18971485447668157
251671,0.02294215626884864
251677,0.027008319400538695
251682,0.035972017669018204
251684,0.07473879552067048
251689,0.05452078981756405
251700,0.11278655318579012
251716,0.027686089375384176
251719,0.0721606561773992
251727,0.04434230868619933
251731,0.10401893081005453
251732,0.035620567703146484
251737,0.03761188022115426
251744,0.0624508999111096
251750,0.0972278883764704
251754,0.19393648720184015
251759,0.015210393155845275
251761,0.18622324692141806
251762,0.10596653584549261
251765,0.0244926425825578
251768,0.060147213471145086
251770,0.03152447379649971
251777,0.01447707932508364
251786,0.01073667150334726
251795,0.11834574140461869
251805,0.03698383940697199
251833,0.06534687229557046
251839,0.028731710969674123
251848,0.5220160194855878
251851,0.035135399189211464
251893,0.010791589553230514
251909,0.010373138579891007
251918,0.07704361296449982
251920,0.03734592316740569
251922,0.19529043659128048
251923,0.30008570540345086
251926,0.11827579848607832
251933,0.012758640772684996
251938,0.07865156019631445
251948,0.06355484053673136
251955,0.085558528948191
251956,0.05930957878860179
251957,0.06323564245483122
251964,0.04714131176406565
251965,0.02564596960889775
251966,0.043915739439323934
251972,0.022345243002605087
251980,0.015590680297966824
252003,0.02542615315461147
252016,0.08033028925203081
252028,0.06182311172245062
252032,0.017878670216711568
252046,0.011692175064448744
252054,0.00908390472988189
252060,0.06439140870609333
252073,0.024970926142700568
252088,0.013365062390756372
252092,0.011877090906884425
252096,0.2150241151774893
252113,0.04005265085587402
252115,0.00899671800403247
252121,0.013578303979274042
252133,0.08367377113015508
252135,0.014761599961958624
252145,0.11991532605381147
252151,0.009424478660868886
252167,0.10483870020654551
252169,0.19507489381183185
252175,0.07745265294358707
252189,0.08343396573115615
252190,0.14214820371394904
252191,0.0777779297649003
252198,0.05868184873685155
252212,0.05283180080596025
252223,0.02621554549645645
252224,0.20629731953599983
252228,0.23964772283551064
252253,0.010360186956870611
252257,0.16063771312009506
252261,0.10252835358061232
252265,0.12094885467636088
252272,0.23274383125477877
252273,0.138431211564683
252286,0.291241774693111
252312,0.010082122890780587
252322,0.08709966727036014
252326,0.05684110996278865
252332,0.046013823936524194
252345,0.03551488495194336
252348,0.03969748835628721
252354,0.07335598481124928
252358,0.13900266404874612
252364,0.0845409971978274
252366,0.12478172358538533
252369,0.16805103189568144
252374,0.030559379054942028
252382,0.04717623794381636
252417,0.29529921733491443
252425,0.19699817706537973
252426,0.04614143954467756
252429,0.021073971501740212
252434,0.2310010230745974
252447,0.02575455640995631
252450,0.023537400063008578
252452,0.145543006664157
252460,0.01907557678410442
252463,0.07065129662624897
252465,0.05746498703402936
252492,0.12163903217077847
252493,0.20105918308268694
252518,0.041231052754518396
252522,0.13910649143329315
252524,0.02498362217796794
252531,0.0285085412279032
252533,0.12248666325853183
252540,0.10262407605685527
252543,0.026774975703052907
252544,0.04417748720579189
252555,0.04492134388202409
252558,0.0715516300775892
252562,0.0138424133734455
252565,0.220400035760098
252568,0.010548105935612569
252569,0.010667170810501194
252573,0.0377826488252077
252582,0.03272507272192361
252596,0.04643994318604437
252599,0.03675767099644946
252603,0.055640729614189734
252606,0.044020506798623245
252630,0.03474339100157942
252636,0.01343044093697135
252651,0.05241470886785386
252653,0.010386780224593469
252679,0.3507273417933868
252682,0.17500143445096486
252687,0.17743238576466758
252713,0.011165901662917022
252715,0.009595603594479528
252721,0.18441754406024136
252726,0.0436067566841962
252746,0.025000349781993392
252754,0.022409595399885646
252760,0.016975968853057376
252762,0.4097327085617393
252763,0.04352996034087224
252764,0.12812148755657168
252768,0.029630824963134905
252773,0.028945585296954218
252774,0.04305637002531263
252782,0.10553498889772395
252784,0.026541745998909884
252797,0.02717140371039043
252798,0.011658914426656331
252809,0.09281314813572583
252819,0.02544968370241147
252840,0.03452839623553997
252862,0.009574839082506972
252863,0.13561114837986968
252865,0.06887942572595132
252870,0.045437270586033265
252880,0.12244409777241687
252881,0.036879955960143894
252888,0.08147614375111879
252889,0.14301009293229955
252894,0.027196743473700668
252899,0.03929209844937001
252911,0.016941664869539443
252918,0.009522263066673054
252926,0.014291783196571475
252929,0.05880040864353588
252932,0.1853126271722835
252939,0.05513905625492527
252940,0.029258247570237938
252970,0.010110983653735618
252971,0.020937410877313094
252980,0.12062819999306496
252981,0.03233209552869237
252986,0.03721918167342031
252990,0.0150515824309402
253004,0.048284980861927194
253011,0.0336464961936188
253015,0.009415808982337655
253022,0.014967982410498149
253032,0.018776958494399858
253044,0.32650893767200884
253056,0.02521994504118219
253065,0.028217008806544958
253066,0.020999169275159955
253067,0.029196092655022616
253079,0.024744599942719724
253088,0.023746398535718326
253098,0.04686966023635649
253099,0.16630287140950503
253112,0.042467364391538545
253113,0.0951229581779425
253133,0.05478611994336113
253149,0.01995989724559575
253151,0.023890920353798584
253153,0.07541118953416884
253160,0.021634791349589302
253164,0.027180126824565602
253169,0.14605369178561664
253177,0.01141401697133282
253183,0.14989584254246133
253198,0.11384398433958653
253206,0.06717219123689125
253214,0.1884327301600209
253218,0.047315245567023025
253224,0.014830267123987675
253227,0.010110983653735618
253231,0.022285627272392954
253247,0.029556472220738837
253251,0.02788109555069313
253262,0.07320680099776508
253264,0.04449910459796848
253265,0.069770412507976
253273,0.07509875981855842
253275,0.017406662810286522
253278,0.014736827843081352
253284,0.11876786213491183
253298,0.030859318637179133
253313,0.10868442514412549
253317,0.013556799419678625
253322,0.06940969750161712
253326,0.047712417292687735
253332,0.2517865177814985
253338,0.02031380562926525
253339,0.009513321837186818
253346,0.010178034901661632
253348,0.13466129037275423
253350,0.011011750747444277
253357,0.07222541406927264
253363,0.11559694689031881
253365,0.011982846156228551
253369,0.03626832382668393
253373,0.18131933535262726
253378,0.03213997008571665
253383,0.17315705366526374
253392,0.049182367159764234
253395,0.028234865102332345
253398,0.045815389354164
253410,0.1264682973643904
253419,0.0115004580180349
253420,0.07883351077447762
253421,0.28689477394756724
253441,0.047198174479417446
253442,0.01886007565468533
253446,0.026166461421598154
253447,0.09223900067455618
253465,0.06937451767116769
253488,0.11817085122103262
253492,0.028091835110325758
253499,0.5057881708302244
253500,0.19957108372452764
253501,0.07409038822658881
253509,0.017817146388280712
253521,0.02073453337985246
253534,0.021276326534771788
253544,0.04281913332698371
253555,0.08275763010936249
253557,0.052217071035048176
253559,0.02516152861299354
253583,0.14387576887073913
253587,0.03339433308830712
253589,0.09154261207661049
253591,0.058476789726977854
253596,0.0193753215691087
253600,0.010912546133389647
253605,0.02996573416914227
253620,0.044172826878510256
253628,0.030541817532928027
253631,0.21958580863170094
253634,0.011857654981619552
253639,0.029480378981734962
253641,0.19332355226629142
253661,0.03597486537546522
253672,0.0796162832232484
253679,0.028172949138432424
253683,0.08056571647854431
253696,0.03625974211285957
253706,0.041145887145873264
253708,0.07365888590756883
253712,0.020156153336522743
253717,0.029664907457004376
253720,0.07326511600978704
253731,0.05904304352597915
253734,0.11153325668824529
253743,0.05930488388739541
253744,0.03528214922795127
253748,0.030526503155394014
253754,0.05951526271301834
253761,0.051373553561664044
253787,0.10440715132518716
253788,0.03932034399871015
253796,0.19836809937218117
253826,0.11170376729860239
253829,0.08610230612735477
253837,0.10601204029222386
253841,0.09307488530454361
253843,0.0594877090188494
253844,0.13988772121703058
253845,0.06437469276263894
253849,0.12120334562432314
253854,0.011573778470066161
253861,0.015656495154127474
253863,0.01301424652419388
253875,0.1632847454867638
253891,0.04979376582099666
253894,0.11489455472264294
253895,0.4273302063750039
253918,0.125516859245545
253930,0.013891232369380257
253939,0.07012544755659855
253940,0.06379409351386847
253945,0.13507330607865223
253950,0.009787868224015398
253951,0.00931311932554345
253964,0.20702760751376198
253967,0.07800981117173453
253975,0.5320798774950168
253986,0.028229632778956786
253998,0.4198771461123972
254017,0.07192059534260144
254025,0.11491583983181412
254026,0.019087191685229037
254031,0.08565563611929941
254035,0.0286748901634581
254040,0.11935453089334007
254042,0.028123566207301547
254047,0.036713805749745664
254051,0.21059869563857556
254056,0.049127174461110076
254060,0.10795488555134496
254068,0.03285386779906159
254073,0.21885856442393664
254088,0.030129299370767287
254100,0.03148724945889667
254110,0.13434619421000046
254115,0.020042694003442576
254116,0.4263693614690907
254125,0.05547458578279184
254130,0.017245936083450944
254135,0.08148330474231719
254149,0.04842090840423318
254161,0.04290029601442151
254167,0.06753925590386393
254176,0.08224790749935246
254205,0.01687595109468216
254226,0.01267920111036131
254228,0.07816140942285257
254238,0.00943657349431021
254242,0.18197464142030012
254257,0.3159026151013679
254261,0.052609794757909965
254280,0.06776869545178896
254295,0.014780507492603045
254316,0.09353282379803604
254325,0.2387750645178622
254326,0.10456180510472476
254327,0.015967618476756637
254335,0.01886007565468533
254342,0.08977562072156021
254347,0.05857149312390213
254355,0.07986857157650679
254358,0.03471736667427135
254359,0.02654095190982562
254368,0.03155674047605812
254376,0.07314916016690431
254382,0.12042069439452822
254383,0.13027844328304444
254390,0.07709873125608675
254392,0.08529931498590353
254394,0.00921458899420049
254400,0.009490385565058341
254406,0.029042756417290223
254411,0.023472184803278926
254421,0.07093663404861031
254435,0.12294596625134505
254437,0.028990338756842076
254440,0.010576451771463284
254460,0.09950087205333637
254470,0.035904740907918634
254471,0.09514539951681247
254472,0.018434607124272407
254483,0.32953129034498646
254493,0.011541026504874409
254513,0.02368775029286437
254518,0.218841847342346
254520,0.18831049719249351
254534,0.06624839939909928
254537,0.07455980333500771
254562,0.025617634346102015
254567,0.04197640534437293
254577,0.05908765026694072
254578,0.12281662190536236
254580,0.14241654418485367
254586,0.035097106524035075
254591,0.0775476152679444
254593,0.010707136035781885
254597,0.3022276779919818
254599,0.009628838123846078
254613,0.03252881115589639
254629,0.08022042907780076
254631,0.05624607192130225
254633,0.040735128781241615
254639,0.060798895158937404
254642,0.04107594268227184
254650,0.07577543514397204
254659,0.018800292762348386
254662,0.07788573386429377
254671,0.08938849032041425
254672,0.01584594313383667
254674,0.1355894572641107
254676,0.3102146894297054
254679,0.013737334359349523
254701,0.02542428626091902
254722,0.010471233742042101
254728,0.022580606805553294
254742,0.03311793923601688
254748,0.03446327267563069
254750,0.012429172778059498
254751,0.04554964559358834
254753,0.11766942351528517
254773,0.1458419221039275
254783,0.0228417302497109
254805,0.040058283963323685
254806,0.14132695333888098
254810,0.023167459298263603
254817,0.04085426278517881
254820,0.01474994792690903
254829,0.11474499895365278
254835,0.016420409514346937
254837,0.06653768313265429
254843,0.04753989968021833
254850,0.049797268778372886
254858,0.07319340291934089
254861,0.03656018863775999
254884,0.04786331718464862
254885,0.1574838013862958
254890,0.03340963226277238
254910,0.2102932816569308
254916,0.03360587563728078
254917,0.011455507819765877
254920,0.009574839082506972
254926,0.026960366680233893
254928,0.023551598897325113
254930,0.028310277962374043
254937,0.23223838543064085
254940,0.015284032037811385
254953,0.15766759104549172
254956,0.009549145349318368
254969,0.04589095784337272
254982,0.10029958233654197
254988,0.08868744766214329
254998,0.016191128496307498
255013,0.11296738270663773
255017,0.02867456578376403
255018,0.03766692397562921
255029,0.060558944630126565
255033,0.4233413827641133
255035,0.1188030134774231
255061,0.2916539981456202
255067,0.010110983653735618
255068,0.01307192541446888
255070,0.18620060704656552
255084,0.022039409925044145
255096,0.05902654672142649
255106,0.012175754849274351
255114,0.057251495640747926
255117,0.02134505128808616
255135,0.09322311484603547
255142,0.06269808795479259
255143,0.047500909361431316
255146,0.11129760854104562
255155,0.04821534181281173
255156,0.16396611698536798
255158,0.027311501567774853
255167,0.023886490107308218
255172,0.05438867495202302
255199,0.012721341310793157
255204,0.03317737922386596
255206,0.04488520284869661
255210,0.049904727763865744
255226,0.04483371766375344
255230,0.04141775912657441
255253,0.033727304181645004
255259,0.03554564443006579
255260,0.02983023485939562
255278,0.06772267077902042
255288,0.03932340974421517
255312,0.04836360802645242
255317,0.02788031590783683
255319,0.03434748467584125
255320,0.11958996814286312
255322,0.035094307570199976
255332,0.23164143452736158
255337,0.03853914890647776
255344,0.016088556114112213
255347,0.08401396694916588
255348,0.011575770675642569
255351,0.06759035861325266
255366,0.06400347692036926
255371,0.014515905022522322
255372,0.012995311670932541
255373,0.20060753354543545
255377,0.04289723992210588
255378,0.08115740269818807
255405,0.10637983133081022
255408,0.1159812082613576
255425,0.14934303989887077
255434,0.13798307832125542
255441,0.04941691264149114
255442,0.147405491292037
255451,0.20173853549888382
255486,0.020532364866242915
255490,0.3800326142562576
255493,0.018741000916942425
255501,0.06104702067772474
255503,0.018439646491807786
255515,0.10747140475746016
255522,0.0393982592151935
255526,0.040298699720470774
255538,0.1867928798772746
255541,0.03656239633875295
255546,0.09644690387121774
255549,0.012219470472938889
255557,0.016133782031672643
255564,0.21648372502361482
255568,0.026865445148318418
255572,0.033324907078780136
255581,0.026375498598014045
255585,0.02113403282052581
255586,0.19056821906429938
255596,0.08002082151997082
255598,0.028163918926662517
255600,0.08954547273253946
255619,0.10809522026696387
255620,0.009359701300739742
255623,0.04339606097822764
255631,0.054252415625028624
255632,0.18902881981338157
255633,0.07400874090290413
255646,0.040840314549688464
255647,0.030197276194875167
255649,0.033893220486722817
255659,0.04668238288923342
255666,0.011950082785329077
255669,0.08562350229779084
255674,0.03331554114859134
255675,0.013156387668801037
255678,0.13188433334266494
255682,0.18955144212265806
255690,0.17844461735286501
255691,0.011941320337935355
255694,0.2083893933272783
255706,0.01303293692498166
255717,0.027836716773160342
255720,0.01141401697133282
255723,0.11341481574733707
255724,0.1137996470714047
255729,0.009595603594479528
255731,0.05164232974026077
255733,0.014549160380301785
255734,0.1279792408925243
255738,0.04650328379802352
255760,0.010413937195401415
255766,0.01330432547731809
255770,0.020706872343397964
255772,0.010615219015755909
255775,0.07267308676799508
255776,0.03369710869123452
255786,0.02386887016554415
255795,0.025364226167631
255797,0.10308424464429211
255810,0.039629615201858134
255813,0.015333268223436345
255829,0.04395596738303054
255830,0.023058392501369478
255832,0.04415731198771214
255847,0.07194366205065023
255853,0.12506434921164183
255876,0.047188005385341944
255881,0.00968358877769215
255883,0.011395239988613717
255891,0.060739328636048376
255899,0.055700845600869665
255900,0.13930346461977636
255906,0.11888487730392487
255907,0.1565878239292865
255911,0.125789912380661
255921,0.10924495897120941
255925,0.2120201198021144
255930,0.20583031454501394
255941,0.010060830833422088
255948,0.009319807023621675
255969,0.1958561125167702
255973,0.1966707200903098
255974,0.0347811102686824
255976,0.10984900867636924
255977,0.042099406577390676
255978,0.010649201683177413
255981,0.10224028049381709
255988,0.04268920267531737
255990,0.015969710382234846
255992,0.15036253235813782
255998,0.010692717637720022
256015,0.1034222719642964
256016,0.058936129071347765
256036,0.06608016066341828
256045,0.04999655042333963
256050,0.1587830288127575
256066,0.33193622004317574
256076,0.16123399623201595
256080,0.017377884123492157
256083,0.12076380980782167
256086,0.012714045438502089
256103,0.022274843706757856
256108,0.011135871043719787
256114,0.043993156260974185
256115,0.1242645858696734
256139,0.04997851010618732
256141,0.017383834329096688
256146,0.02264339861340134
256150,0.042903622079584
256177,0.10809522026696387
256179,0.037146286626769
256194,0.10165809409497206
256195,0.09039543316776427
256200,0.13236560807195047
256204,0.08752074356554751
256205,0.1384892634603685
256213,0.08964841405099268
256222,0.01909161983107439
256224,0.042395485197295954
256235,0.1112101069066012
256264,0.01596207921074525
256268,0.047414052989298364
256276,0.07814947220767342
256277,0.012751084994762704
256282,0.014451820723679268
256285,0.01128735415050837
256293,0.016088357920599324
256294,0.02527604734078001
256296,0.14370387625606146
256297,0.013345431741269047
256315,0.02737269288410394
256317,0.025060033153515397
256334,0.1689512824172596
256339,0.025047512441053067
256342,0.23598083057848052
256345,0.05653704917516693
256348,0.12773942395514173
256350,0.0462266213369084
256351,0.017836345662547742
256357,0.05144064466517556
256375,0.13052681810045275
256377,0.06856970807767507
256379,0.024118412302761284
256392,0.011094415510225705
256398,0.01738846594434104
256419,0.04648227213847711
256422,0.011003215243787544
256424,0.010881762756196194
256431,0.020492263201384652
256432,0.03813371751954262
256438,0.14993248110564622
256459,0.0115744609092077
256460,0.2431342509549969
256506,0.3173587944983459
256507,0.0445286059963613
256511,0.01551162864450319
256513,0.13989020219009535
256519,0.020964256522192897
256533,0.05961300507058308
256539,0.05876475208386141
256590,0.03733501929327931
256606,0.3435595638246213
256614,0.09975090989706323
256642,0.09250783547734828
256644,0.010216201683156801
256653,0.10282674193195344
256663,0.00943657349431021
256666,0.05730291813707825
256669,0.05778382823222972
256678,0.025646783890652263
256685,0.08808951481011686
256705,0.013686027988420718
256708,0.020468761098070394
256713,0.040536059361953876
256715,0.10421884936376904
256718,0.026051643027494874
256745,0.06289721230475195
256752,0.020062664566865444
256753,0.08124130853101569
256754,0.03094784137987918
256763,0.0331610131448799
256772,0.047897722266377576
256773,0.13959921471720954
256774,0.14944067636643116
256776,0.31458453669548225
256783,0.16942625433397968
256790,0.044230710999373805
256801,0.24117452193092456
256802,0.2699584729719959
256803,0.11385716007377929
256808,0.010729969576076014
256809,0.06484587388597314
256810,0.15239643262665034
256818,0.040481088479746005
256824,0.01141600450058627
256825,0.057662401388155295
256826,0.010805651574610537
256829,0.01768703376931427
256834,0.07561658795525542
256843,0.23848854068119407
256866,0.2018521090539389
256875,0.019785389768440693
256876,0.029939591205651477
256887,0.036102775070529176
256888,0.04732432467257057
256894,0.04747535457089419
256909,0.019453966572638932
256918,0.11437289382191092
256927,0.06754040214124579
256931,0.015678431511651433
256933,0.11739157207987601
256937,0.21189116939595376
256950,0.08189929522639341
256955,0.0154558989017247
256962,0.034646922013255727
256972,0.013655894269813656
256985,0.193839557426394
256987,0.13470359020150083
256993,0.010898138453883852
257000,0.1221781394427692
257017,0.009137279203079014
257019,0.12018368104121968
257020,0.18984162779446567
257022,0.05664688682069898
257023,0.039998362623718316
257025,0.07716445816831402
257050,0.05963135649858088
257056,0.01784338974243063
257060,0.10611254069312741
257064,0.018014506388869367
257066,0.013548843227328267
257071,0.06933278631419341
257073,0.010515792982372662
257076,0.0164561692501105
257084,0.05853585884540442
257088,0.11675139680554329
257102,0.08620807872241673
257118,0.028062475990494634
257119,0.10414228959313512
257120,0.04464956065028574
257131,0.049015264072398736
257145,0.14159332006223777
257150,0.04700209413711788
257154,0.19099622509443676
257169,0.10876986277819212
257192,0.1251561631322026
257200,0.0225073092585039
257204,0.024079309513844054
257205,0.1969236155565988
257213,0.026685128761506877
257216,0.020937020915039774
257219,0.04603252571623498
257232,0.12323524595049522
257234,0.026826591250417996
257244,0.1330133899516272
257251,0.017713353161211046
257255,0.02316099715229103
257260,0.014167538489166973
257263,0.22438603448531244
257267,0.08254545627003428
257277,0.02118870858127973
257293,0.03240496055114569
257294,0.040320937060561786
257304,0.018369765068825532
257307,0.010635983527728463
257312,0.045618825362964126
257324,0.18775675903578373
257325,0.11790831754334281
257326,0.05959704796895639
257353,0.02469405227919874
257354,0.009909271707589717
257369,0.04119072541537681
257372,0.020534394058382123
257375,0.03584456408373381
257388,0.0719267285279887
257393,0.016418046498374347
257395,0.01771326494545284
257399,0.08170401937372035
257406,0.02798564259660912
257409,0.07070355386806974
257437,0.07268432308068459
257441,0.033070017250072366
257442,0.05807275854532166
257473,0.03760937424971647
257476,0.02782315747869555
257477,0.2736874698565749
257483,0.21486488774173398
257500,0.12092619633138632
257506,0.10850497443010867
257508,0.07230348491045988
257511,0.2591794088588367
257514,0.011070160808273107
257527,0.19019617048315052
257528,0.07552448894711503
257545,0.05701550237353559
257546,0.06747338207147675
257548,0.033106602368526805
257551,0.02341270861132048
257564,0.06899441663037406
257565,0.08520762720560064
257567,0.09073088541640882
257572,0.02349921887815196
257575,0.07104063640434286
257577,0.323220468585235
257578,0.009549145349318368
257585,0.010838606697618674
257589,0.2057728633770744
257590,0.04491829389682458
257594,0.040172529598294635
257596,0.012932885874005698
257614,0.1542774064232812
257618,0.09593321928971557
257624,0.17523794828373496
257632,0.010110983653735618
257638,0.02844420402699696
257644,0.20359283398018987
257650,0.02768364004757713
257653,0.044446071133955226
257660,0.3530205659132481
257663,0.04136960658266752
257665,0.12681934595660743
257677,0.17104995355733377
257678,0.017027452059454905
257690,0.0935552860017384
257700,0.07182759031627614
257711,0.057106118325616115
257712,0.19096757177484408
257715,0.033917339620668056
257718,0.011108231779495218
257720,0.06897602073174436
257740,0.1968681723443589
257748,0.0708722891979204
257765,0.12637765169201326
257768,0.10340156010220918
257777,0.011851567246500423
257778,0.0641739254340403
257785,0.15574833905667843
257789,0.09400166305068988
257794,0.10421069415803838
257796,0.020011220312435088
257821,0.012363331204188878
257823,0.3348879590488663
257832,0.028063846434906486
257844,0.321425026503248
257848,0.14039149457361144
257854,0.025607797105437802
257861,0.12321157302778399
257872,0.024859884931936603
257875,0.06073703605976751
257876,0.03728764951478619
257883,0.014654730599011331
257888,0.014372126381524583
257895,0.061790957434024366
257900,0.06512003186040169
257906,0.011117686103626297
257907,0.1799834612597363
257920,0.19785484755568655
257921,0.14171402480974357
257926,0.019230340998097752
257932,0.013956947549674822
257940,0.01053076549830728
257947,0.06978161836917221
257953,0.07951160305605538
257958,0.011165901662917022
257967,0.2087989573633123
257977,0.019392241789557663
257986,0.026122173763445045
258012,0.10408536047940171
258013,0.07552427087333768
258031,0.028215646958145914
258034,0.013567854910454893
258037,0.291795768529748
258051,0.16159245245799914
258056,0.02278342099576925
258058,0.10219038289563834
258066,0.087335522716703
258074,0.053236968920308644
258077,0.010776544726775007
258090,0.07002098443135177
258109,0.014408187585377649
258114,0.02722737316684427
258124,0.039316894414197404
258127,0.1251049532753077
258141,0.01493106782180599
258148,0.04460253163907069
258151,0.11829956824687556
258163,0.041907537005486856
258166,0.022282734242612456
258169,0.023597103657931794
258179,0.31677001723692894
258190,0.1030963213156143
258193,0.030403745461854797
258207,0.3706537294635067
258220,0.04828756763964877
258222,0.06271413356828268
258223,0.05421578061627812
258225,0.011804700773890285
258227,0.010386780224593469
258231,0.12144831296589491
258233,0.22316946510175306
258249,0.009389991519113915
258255,0.015124844446779537
258259,0.04675922647342972
258276,0.024840255160171916
258281,0.3982905840845713
258302,0.026146355021770585
258305,0.0608206750259231
258310,0.052728468429352526
258334,0.19472291751462426
258335,0.03681693503265848
258338,0.01159980119747189
258345,0.010826903091884173
258360,0.011135026540931585
258363,0.048960724014872864
258381,0.10478902781333513
258384,0.03975864481042288
258387,0.0197606723391105
258400,0.08350341165633092
258402,0.025461993503461688
258406,0.22076049444392595
258408,0.30671009594287846
258432,0.010564748165728784
258443,0.010548105935612569
258461,0.014463729493332056
258488,0.10327938035185355
258489,0.05898710640655301
258508,0.09339940288344087
258524,0.013151594168879063
258527,0.017209411168626173
258545,0.013741696622138455
258549,0.11744755092701413
258560,0.1451398562622032
258565,0.03454296042834031
258567,0.03676538958481612
258575,0.0568211490880116
258590,0.01137984102978169
258591,0.028439716160239197
258592,0.058632620139109935
258603,0.10407760977754281
258606,0.04203250605571613
258610,0.081699320177855
258627,0.03756476412770982
258631,0.009719723890755035
258637,0.11515897050062533
258638,0.06068746732989272
258640,0.046811482817563636
258645,0.013263188081070753
258651,0.037521373708103906
258652,0.21710540732874312
258653,0.04366109019358165
258662,0.07622862713509579
258663,0.011438753232442568
258671,0.011977870796418617
258679,0.01632218699062154
258685,0.03839615021942844
258686,0.45302043469888753
258697,0.009315628265988704
258705,0.31084199359104414
258723,0.12939156240451594
258724,0.010964942778851922
258734,0.010338998530798369
258763,0.12193126514957282
258764,0.01135641155360181
258771,0.02828714809626955
258773,0.04076845874701232
258782,0.11504678437211742
258784,0.009574839082506972
258790,0.1630691243556786
258811,0.03218999889509817
258817,0.07290502595010277
258818,0.0926852689042162
258832,0.11625705673378703
258837,0.18683645678795596
258841,0.14319833998719755
258842,0.029057287371428535
258843,0.12288804449283605
258860,0.01175389430265673
258875,0.02640488472647872
258881,0.05903742378871825
258887,0.010797309238747561
258889,0.06366014894846433
258924,0.13115763786225476
258925,0.1420922456769848
258948,0.02241270414499564
258949,0.027306476072790686
258963,0.09027446137483935
258964,0.022101134623011977
258966,0.4819324635013147
258973,0.11155761993911124
258974,0.010632559453061198
258979,0.11819680003949762
258989,0.10409596849866991
258997,0.014528934534920625
259001,0.029235203643046742
259013,0.2525447831703935
259018,0.08883175598356444
259020,0.3685534392474223
259031,0.06574884351608681
259044,0.1249563298808208
259050,0.13878574791084292
259064,0.03044446403112715
259078,0.07663890350092684
259088,0.19272117244262454
259124,0.012427498734775427
259125,0.08132653744196233
259135,0.04186270433047379
259137,0.07331925796788683
259146,0.046216101143590156
259148,0.3004914286507807
259168,0.07050770756632971
259178,0.01600728920726558
259194,0.022549175322922423
259198,0.011508976568735731
259204,0.0421095157542508
259209,0.03170431774662353
259223,0.03393289005005618
259228,0.025331569901507384
259234,0.4128409715942902
259237,0.03617652266932348
259246,0.03818650227542696
259247,0.014263671689066323
259249,0.030420665445551436
259264,0.02815408051404062
259274,0.050186876494736354
259281,0.1939952113199234
259283,0.07584901515818113
259284,0.04342944345292651
259285,0.052802968412082006
259286,0.016202239939755492
259291,0.12203088950965804
259304,0.024902319509566628
259309,0.013539827555155232
259322,0.025782359513801145
259323,0.34597101315601003
259331,0.09658083245818237
259339,0.026131833260610075
259344,0.04026972748007462
259350,0.14345373321303134
259353,0.047967278387279724
259356,0.027137646543783277
259365,0.1989479352623929
259377,0.10554752074113775
259397,0.01673240134466357
259403,0.11245170368093575
259411,0.016179377216211675
259415,0.02015965066884813
259420,0.08726165420135269
259423,0.10898847908669942
259424,0.019097108053469473
259431,0.019822056617687045
259434,0.04887884193803284
259438,0.048961158365991214
259439,0.034860734149870995
259441,0.010913042040821865
259452,0.0256674761069949
259460,0.02204796674853054
259471,0.03395656633505765
259483,0.07997386554466825
259494,0.02708031132365209
259496,0.02241270414499564
259500,0.1982722434758086
259512,0.02634283085303501
259526,0.028087503371018323
259528,0.04701754441761013
259548,0.02203176075678124
259568,0.10784110100662014
259593,0.17791707558529837
259603,0.04119138324402337
259611,0.008999451212433259
259620,0.12206855099453073
259621,0.2062909615438906
259623,0.078575580133955
259633,0.026337311138273128
259648,0.02355956594349992
259678,0.03912238912914042
259691,0.013252128453865853
259693,0.043728496758297486
259708,0.15443393409919823
259720,0.11278308428859711
259734,0.020721390097607328
259741,0.11670221226853246
259749,0.01983626430831772
259750,0.011073732237999057
259752,0.009636191949433054
259755,0.0383785704160665
259759,0.0672031950816405
259776,0.04357167685453677
259779,0.07709918195844412
259790,0.10278854349266946
259797,0.012022595505595875
259799,0.04369139236053698
259804,0.06449060526079418
259807,0.06430997741803149
259810,0.07833483647355753
259811,0.23957526564380954
259822,0.01700675532090782
259833,0.019947433423567563
259838,0.020643268575225443
259844,0.21923748972899254
259846,0.09305421403908327
259848,0.0153152253557713
259861,0.04632390881142924
259867,0.014633786397636853
259876,0.0754028836627635
259880,0.01873460491425315
259897,0.10135952712472966
259908,0.14467479484831608
259912,0.01366880510235081
259920,0.07881254572163418
259922,0.012870487425193176
259928,0.04899294704521768
259932,0.011077075072920417
259946,0.01314005962113136
259962,0.24367576886974912
259982,0.014054604552276454
259985,0.009415808982337655
259994,0.06655690286396117
259996,0.20685474364417017
260000,0.03249950720970614
260007,0.3597079376196535
260018,0.08179811081432019
260021,0.12998836247754725
260038,0.025375613746524396
260051,0.2665512836147835
260052,0.02551843489935989
260070,0.03710970430417655
260074,0.03895224438641025
260080,0.04541135768056841
260092,0.022030477527978407
260097,0.010812354065203072
260101,0.009052825685630383
260108,0.011165901662917022
260117,0.04970370204152312
260129,0.02472992293007707
260142,0.024236897837858085
260145,0.01982734983337021
260146,0.06157844089621989
260147,0.07817716925065862
260148,0.29377790491224426
260153,0.015614374967122239
260156,0.03107606441200203
260171,0.021430902574059392
260202,0.010254968927449428
260221,0.06854746426626553
260222,0.07901235235927116
260226,0.14784411566319
260227,0.1981009503218832
260247,0.018941827512763965
260251,0.02460169769491379
260261,0.009158043715051568
260264,0.023600885948200895
260266,0.018995464379708584
260268,0.05222129622434889
260289,0.029469910107926
260301,0.040045518420322994
260316,0.06715819355003103
260348,0.04172945407878585
260359,0.07344663485788043
260364,0.1187368303367583
260391,0.12105731403069012
260422,0.08554649566215809
260435,0.019000966780978137
260438,0.10639430101059562
260446,0.01828845166559148
260447,0.21704118149379745
260458,0.04853797239613447
260461,0.27810270870426634
260469,0.12243947011896088
260471,0.047724127543796804
260482,0.39033507262554273
260484,0.08516549461412863
260487,0.10092904344077316
260489,0.04764720197630176
260500,0.11701998969698794
260508,0.027344058719932257
260509,0.12334866163126326
260512,0.10011627391123738
260525,0.022335757260634036
260530,0.08357222662345928
260533,0.018235496504109598
260538,0.14996950019077504
260541,0.34180638935316
260546,0.042571399752856384
260551,0.01251635227495303
260556,0.20911704552916427
260561,0.024029900732390815
260566,0.013867621780587855
260572,0.04730865179530237
260579,0.1637448477009048
260582,0.15838125595798686
260583,0.044565598239969965
260584,0.11324965794043537
260586,0.04786829410189143
260589,0.0660247950651462
260608,0.06842536977981528
260632,0.03283419134596695
260634,0.030544380732822857
260635,0.17292272943191364
260645,0.032645558959314806
260659,0.05905168263638649
260665,0.10807331870191728
260673,0.03888668005498124
260675,0.19391418817543268
260676,0.02791577952322838
260700,0.27444959193053725
260721,0.4189591345845424
260723,0.1456581496881769
260732,0.015513451308297361
260738,0.019332895401960697
260748,0.04683056839853785
260782,0.12505418659734432
260806,0.065521882525078
260820,0.026438596266907494
260825,0.12273079950101762
260830,0.023055471306490105
260844,0.046864875856996516
260858,0.053747452562308826
260860,0.04170825858997848
260863,0.10656574958267744
260867,0.015615468570366355
260875,0.023845209070982327
260877,0.21047273125151408
260902,0.2325664582821508
260910,0.03550056787947544
260913,0.04931729292466959
260923,0.020475795987196416
260926,0.24844569518832155
260936,0.03235654434079248
260937,0.21975363616910934
260948,0.1412778056407752
260949,0.04710612027861765
260959,0.08443605059940257
260962,0.28407127607407257
260986,0.13749725383570138
260988,0.060843880955869054
260992,0.20814472572591192
260997,0.034976561767172606
261007,0.08884344992289327
261031,0.021160073120567814
261039,0.15253819539498184
261044,0.05098078552669326
261055,0.04574372451000566
261058,0.11858883057268962
261069,0.038450496875288044
261079,0.12196995058151924
261084,0.010977320599557938
261097,0.17562042793168367
261101,0.023548603309277997
261111,0.12391200460998131
261115,0.04060076340655315
261116,0.3079807987035955
261121,0.03645384158453021
261124,0.057787985249018056
261126,0.04287241218782818
261132,0.009918602160236366
261161,0.010649201683177413
261162,0.04213275562193348
261175,0.02649479367623146
261187,0.08449086756342948
261191,0.041758676146971666
261195,0.01715723776436637
261197,0.10224607064039734
261204,0.0646791905841905
261231,0.02137440529389187
261248,0.01365406125674945
261263,0.1179677111079986
261268,0.13836638295566553
261273,0.0473670296178164
261274,0.04436442066205952
261277,0.19903793910270626
261283,0.022949268108367844
261293,0.07872124426606965
261302,0.42355427412923274
261309,0.022619887802977155
261318,0.024010279976359482
261340,0.114061517931374
261346,0.02328796972012423
261355,0.044230710999373805
261357,0.038746561828362815
261365,0.0417567445919622
261366,0.1261031452377267
261376,0.025820676921471813
261380,0.08678871945306646
261385,0.462920146324144
261403,0.044739280325366504
261416,0.13736742985211653
261424,0.07496148801147631
261425,0.047652833551648406
261431,0.00943657349431021
261433,0.03275984114078921
261435,0.11933999976345218
261440,0.02698628361762745
261450,0.012009405434876986
261456,0.16031782192174326
261464,0.12302890788707124
261465,0.07743207507820266
261473,0.0160272024781376
261475,0.0492639990299958
261476,0.11060026829021219
261480,0.012787730905202438
261481,0.027376646376329757
261495,0.04199360006498317
261500,0.01985153410451187
261506,0.04636195643333936
261544,0.014554308005033854
261551,0.020599920533967576
261566,0.18330708155208997
261573,0.07897227926368659
261587,0.03845280340850794
261592,0.01393820016347028
261594,0.010653323965033752
261626,0.017483102152913342
261635,0.013421166364817253
261649,0.010548105935612569
261653,0.04404561702451617
261660,0.14266137028676226
261668,0.04649045588615471
261669,0.039820745466797494
261676,0.041153736506985956
261688,0.027922626946677697
261691,0.022747138680097395
261699,0.02103909960508732
261704,0.04593700769238102
261718,0.2958805498891733
261719,0.02804442144571175
261735,0.037532053683452415
261742,0.011950082785329077
261746,0.3090347463186327
261749,0.061281362165988895
261759,0.12422940778022758
261763,0.029266385017342515
261772,0.027041643526048164
261795,0.050769021922838185
261798,0.09055612525122599
261804,0.014725049094566492
261806,0.07135813047888709
261813,0.19224948638338835
261814,0.04914551995633751
261827,0.011416740575473252
261835,0.010471233742042101
261839,0.048776159908707276
261840,0.07582849054713456
261845,0.04190214057624642
261846,0.018806143483601708
261850,0.018218679994153244
261853,0.02401268635632114
261870,0.19371148453003387
261871,0.021082197345464133
261883,0.22207814066211365
261885,0.04008894203967735
261888,0.11990841240043396
261892,0.01053076549830728
261895,0.05006238579076847
261906,0.03389429778126021
261912,0.2452274362807345
261918,0.017555528272802223
261926,0.04116770514374059
261930,0.015428081855042883
261947,0.022798880173172924
261956,0.02359180408250282
261958,0.1293879826315381
261960,0.07527744597968292
261961,0.2957587878577972
261965,0.042494484883179744
261967,0.40521393273592965
261968,0.009750241607420398
261974,0.07663483427595208
261980,0.11701763508651437
261981,0.06776150721058942
261983,0.09700883545111869
261992,0.04189973219320765
261998,0.04603252571623498
262002,0.040981371351391835
262006,0.029212219423279277
262014,0.009574839082506972
262017,0.046028655384357416
262021,0.20398129236347776
262038,0.1135649228696414
262040,0.040757003185904445
262043,0.04225621222151705
262052,0.02552934089245923
262054,0.026775523947747515
262056,0.011023141456305115
262058,0.013850730343300435
262062,0.19082853474738
262065,0.11832660591811488
262067,0.047038077726934524
262070,0.06332611778249563
262078,0.03753893971813956
262084,0.027069666792388695
262091,0.33771116147180147
262092,0.12929033009513438
262112,0.10876497860489023
262114,0.01657801400310589
262132,0.03200162147605311
262140,0.33401679964690756
262152,0.20051732112165982
262159,0.03720020344399161
262172,0.04339508168292777
262180,0.04432265807055284
262181,0.03214352666070759
262188,0.32295124652066
262202,0.015902993875148177
262206,0.02887561532375487
262213,0.09617471599137725
262227,0.11597970849127182
262239,0.07887330535293492
262243,0.03768859048603721
262246,0.027826138228779447
262251,0.027942577657251395
262269,0.010908835097254009
262272,0.021908025615908967
262276,0.0643965430029674
262277,0.06112738324986318
262278,0.09875437666960511
262281,0.024941558175802857
262298,0.02179958190348811
262308,0.011021916389203211
262316,0.00943657349431021
262320,0.010195437171184247
262321,0.2577894157241619
262337,0.1929978780946297
262354,0.23208030623282433
262362,0.046133616580188205
262364,0.02479079142472525
262365,0.021318850959383035
262372,0.03395561977740842
262373,0.031055261726325122
262380,0.04162386961130898
262392,0.08588114007421241
262399,0.04568305447242401
262407,0.19793047106683753
262418,0.19911261504680317
262429,0.09502047167137354
262430,0.010635983527728463
262446,0.21699796036111008
262455,0.009052825685630383
262459,0.08907287438595693
262475,0.011140207929728417
262478,0.17540670887272264
262492,0.03373232821700481
262520,0.04710905527232467
262535,0.15451464269276
262537,0.013557750240347402
262538,0.09732737045436078
262541,0.013590067895600438
262554,0.2500151803792613
262559,0.0216771536039519
262561,0.10450479952451437
262562,0.01845406762236481
262575,0.15787710038077318
262576,0.04958411022035199
262579,0.029089365632397373
262581,0.4219265545172538
262590,0.04632360139993785
262599,0.044525263275188694
262607,0.043615431853059466
262608,0.023118394507080486
262613,0.04691177721445133
262620,0.03029400430634801
262621,0.4893267817928845
262622,0.042346196720785836
262623,0.12321086611090812
262629,0.013053822519137287
262633,0.02432160441901744
262650,0.025639825712858326
262655,0.06930608951890523
262659,0.05702006128991831
262660,0.18657610990206805
262663,0.05136119397453391
262665,0.07241569900358151
262666,0.04563022909636451
262679,0.026902428629031666
262681,0.18936019371101365
262702,0.04807260405299352
262705,0.037513525180480185
262716,0.02084496179658327
262725,0.12329868135918196
262732,0.014881573721100055
262743,0.02923953933327464
262749,0.08436324583206756
262752,0.12350606160466585
262756,0.07626445601806812
262758,0.09021462678245165
262772,0.18261489963402594
262784,0.05035073447322105
262791,0.03843688627307652
262793,0.18597221158814423
262802,0.3260926619186201
262814,0.19440847609953663
262817,0.02535060489832573
262820,0.010692091209326378
262827,0.044230710999373805
262832,0.018135212600264065
262845,0.019789841199383658
262847,0.0365665377341521
262859,0.1045293531536918
262862,0.23326911967249137
262864,0.06760894132434446
262865,0.08017310622299748
262887,0.008891499974611285
262914,0.05721279152540776
262939,0.034262101974599626
262943,0.058894452547615425
262958,0.05360567482846612
262963,0.04015695236548199
262970,0.045740457110368685
262979,0.24806967894461676
262986,0.020065754070004025
263004,0.03283935407837696
263015,0.014914893141322744
263016,0.028937308135007785
263028,0.09319893067754031
263029,0.13190261831779973
263031,0.01890599317705494
263044,0.0662989804643387
263046,0.11447134023412023
263056,0.05951926888137164
263059,0.052330372153107076
263061,0.30669010699051574
263077,0.039759189468365694
263087,0.04100832462761347
263105,0.17020405470294464
263116,0.18341640025723746
263120,0.03517980231296082
263127,0.5567156772243804
263137,0.11651682004286465
263166,0.015087643307422002
263175,0.06431908487617408
263184,0.07814642277652717
263185,0.051273029800400535
263205,0.047561466642145125
263208,0.024239481813151175
263210,0.23484419743990198
263220,0.0553877391026897
263224,0.20802136546542985
263228,0.0404892572769929
263240,0.025053460383626512
263243,0.12086174400389109
263288,0.03146324923306671
263290,0.05873602670373494
263306,0.017693594635669233
263312,0.015753157163403128
263319,0.026979681923361497
263326,0.009732423633444108
263331,0.09803695262293396
263339,0.0661957979161999
263347,0.023675068198779105
263353,0.05427777309939685
263355,0.09314325639344775
263368,0.1857749210783198
263408,0.055900722879583184
263414,0.014633291069624351
263421,0.026412604729616478
263440,0.04138512319998481
263458,0.022526417653386192
263460,0.04854068253415735
263475,0.026711839018136074
263477,0.06203447249924247
263479,0.026137951033175576
263489,0.10318249901046268
263492,0.15764362813901725
263493,0.04679118356162078
263498,0.026647549994509374
263510,0.04423421206441533
263513,0.0599813567065948
263514,0.013223808398663545
263517,0.12729723333383963
263518,0.011462836738752051
263548,0.021203079562749257
263561,0.11899707564541968
263564,0.05614876157236352
263565,0.05718262668723915
263576,0.01974852807085701
263580,0.17279506599811664
263582,0.013134590166061758
263584,0.011332452691150272
263593,0.42104893834450696
263594,0.10447846585276344
263598,0.028574881230367933
263602,0.08240463481105265
263611,0.014781972868829901
263640,0.23527405121914016
263642,0.06347700657702832
263643,0.03533239190071349
263646,0.0519465840750851
263658,0.052046592149703606
263664,0.010838606697618674
263683,0.02215374085844037
263703,0.05865601975762345
263705,0.05928601185030532
263709,0.011325819295552049
263715,0.01182091552977214
263728,0.07045502389096105
263732,0.045016260845839165
263735,0.045617186812072635
263748,0.18098774823859526
263750,0.014730895427232712
263751,0.07271385623567832
263759,0.02900496553247115
263763,0.012232960599588182
263765,0.009331355464889024
263780,0.02273141903078238
263783,0.033366020268944675
263786,0.18684062041735808
263794,0.038172552576772385
263799,0.010776544726775007
263802,0.08031987667300439
263803,0.10447745313622317
263820,0.10016016593408658
263846,0.0834940564796066
263857,0.0297616073972757
263858,0.030365812589985053
263860,0.1707145247037127
263864,0.11581975115907983
263870,0.010745131308069356
263879,0.017878670216711568
263881,0.03226334018808345
263882,0.009549021619283235
263895,0.07438145413205616
263909,0.21466686065668178
263918,0.04445842592030893
263940,0.038876955301182944
263945,0.012897362832691089
263946,0.10076906743947182
263947,0.042523383605806576
263948,0.07996701952691156
263962,0.13448718565183554
263972,0.24357604499810784
263974,0.009242497232500198
263981,0.02091243664146901
263984,0.04348865586923685
263992,0.42666899658401486
264001,0.014484792926283763
264007,0.09605102835178204
264010,0.0090811715214811
264011,0.3338341584163963
264015,0.014788936538071038
264023,0.12975394060500273
264030,0.07300425773250857
264033,0.011718336922565981
264037,0.03010959976052493
264043,0.013990450624931533
264044,0.07922629889710006
264045,0.2177047190654223
264050,0.020723737994879532
264055,0.07731419228405657
264059,0.03693399686234687
264060,0.1822586150669797
264062,0.062336689842944035
264069,0.026349086222220645
264077,0.01950740287911575
264078,0.015237756549288172
264087,0.029969897233629007
264094,0.11281736762247285
264095,0.2961450007997376
264112,0.06335828020498777
264113,0.1074967655494384
264131,0.015911212926564965
264145,0.023513159276763416
264148,0.026729557628969735
264157,0.11780368091973695
264161,0.019473856623699368
264173,0.17780498979895448
264188,0.04277067513533998
264195,0.06374915425279307
264198,0.11568255478072839
264199,0.016883859498739166
264207,0.02998032849060771
264209,0.0196459456625729
264226,0.009359701300739742
264227,0.10637429934131151
264243,0.11543659177730378
264246,0.4499431702716906
264252,0.01792034623578557
264254,0.08201350269828359
264259,0.019426368700354225
264274,0.04364840985582687
264280,0.44693038266731594
264285,0.0541412470398809
264299,0.06667510350149919
264331,0.018631340019022887
264334,0.010500748155917155
264338,0.0403595445853329
264341,0.01887393164509927
264344,0.13643959834779634
264347,0.391835638571745
264350,0.07788573386429377
264360,0.014633786397636853
264365,0.04183608592202292
264367,0.02034065145619039
264378,0.2005170986755121
264381,0.11387282987752526
264397,0.03625376808003948
264401,0.1165085643498592
264405,0.015273045154243697
264417,0.13181938783459352
264422,0.04966728006385959
264423,0.07728210347535747
264424,0.013255471288787212
264436,0.21909905664883295
264441,0.03048794188748124
264451,0.020942659691889187
264453,0.036148172114281917
264457,0.022118285951275192
264460,0.048492713275649954
264464,0.12672000577026044
264469,0.10857589545640027
264485,0.01751543270564664
264491,0.02557935235259658
264505,0.014274791716375027
264535,0.12247819480774398
264538,0.0847193645082739
264541,0.013481466779562546
264544,0.014739535818616695
264545,0.09949180019588633
264549,0.12159445771129614
264557,0.18794519007384358
264563,0.08569426980058797
264569,0.009467512412826982
264574,0.16890324095684747
264587,0.10637429934131151
264608,0.02625108900684165
264610,0.2796781645109188
264621,0.03774676899909722
264627,0.03529694503817364
264642,0.1338996926859017
264644,0.014608010041692234
264655,0.04025904442333304
264660,0.06004261981713148
264667,0.06729680453871519
264691,0.07332484319707791
264694,0.15028333350008455
264695,0.009682650194594212
264700,0.025852888198398278
264709,0.017428620387698754
264712,0.07200404901948496
264714,0.022549175322922423
264722,0.023590098211959128
264728,0.015888305808658416
264742,0.047859971688620086
264744,0.0509507618675842
264748,0.012279091954816346
264760,0.036281854571663864
264763,0.22501170022503675
264771,0.0753733002342851
264773,0.020465513411025798
264782,0.3729958747739466
264786,0.1062535070446442
264787,0.0701349600050753
264809,0.026820693644430023
264811,0.04638142797210888
264822,0.05239571223496967
264823,0.15079878972107277
264831,0.04109395425353461
264834,0.07421212234262621
264841,0.032483404405667875
264848,0.19596372940541346
264849,0.22215385615992161
264863,0.3332768974652228
264867,0.03819816812818312
264874,0.1069870322057928
264875,0.015599884175438509
264877,0.055130447418083296
264897,0.10429301399826249
264900,0.055720772659755835
264906,0.02507656055418987
264909,0.11954354631742492
264913,0.00943657349431021
264922,0.03713091943402446
264924,0.01846835856587263
264927,0.14509545868355206
264935,0.028413513658303212
264938,0.3818571816771656
264968,0.02217621210542622
264975,0.11295685064770711
264979,0.014484792926283763
264989,0.03696035502574657
265001,0.12239681557357726
265009,0.0996269511009313
265014,0.042651454742209535
265016,0.026850998919888618
265027,0.26388475858781907
265049,0.029741314347414383
265061,0.24471940659529934
265062,0.01726259216422165
265068,0.01601430950303445
265072,0.09942462693343353
265100,0.033217850929425606
265105,0.04468215890431025
265106,0.022032146164039913
265110,0.02827318882257924
265123,0.04444439814465413
265126,0.3605839845983969
265131,0.1951818299541304
265134,0.06637210801982099
265144,0.02902859740022597
265146,0.2736962273434634
265154,0.14208419065454797
265164,0.121093488752639
265170,0.03645285063695656
265172,0.010386780224593469
265173,0.021270954216446814
265178,0.07065227559297302
265187,0.0963369200616884
265191,0.05347142708502857
265194,0.3244236283261677
265216,0.019849220353508366
265228,0.018199679765742816
265231,0.011695010358429767
265232,0.03590459667024947
265233,0.03130391937862536
265242,0.19108287868278323
265243,0.02598619182620726
265246,0.02162348641360211
265259,0.07691108546810463
265265,0.47871362467264555
265266,0.020168527135842294
265268,0.12329657749721427
265280,0.011041692390899764
265287,0.010491998254014655
265297,0.027757391224984596
265298,0.12508294649485047
265300,0.047758381167292654
265301,0.09427587977253551
265305,0.3039821971971145
265307,0.025039071452648793
265314,0.031206364959292753
265320,0.02979444386237199
265331,0.07609593800293182
265333,0.20100648389915038
265336,0.028013325203664414
265337,0.10507868001809159
265344,0.05997269015978187
265346,0.012527802028427116
265371,0.010431339464924031
265380,0.08603412546369316
265386,0.020540233094232037
265389,0.03727353183762881
265409,0.11388392485509247
265414,0.05325030756459559
265415,0.026198511739972168
265419,0.01781726918814084
265422,0.030098309497907826
265457,0.05794229337466546
265461,0.0714936006291627
265463,0.09976574961583244
265468,0.21116361950917867
265474,0.1711960943455118
265478,0.014831330917481142
265480,0.4930388935160754
265488,0.10504160856739789
265493,0.03952174537034294
265510,0.10367156085390802
265519,0.0955993911927914
265521,0.20002244953438045
265529,0.04375345315146245
265533,0.19649360558119794
265577,0.03881927349026541
265591,0.05169834668190103
265596,0.25818716392224383
265607,0.0356985660526295
265618,0.10319208079269546
265619,0.025077681095736944
265620,0.01887994492258791
265628,0.07670664696652499
265661,0.03438195644490606
265669,0.019332895401960697
265680,0.07335656911665427
265707,0.14685016071548587
265714,0.047021081079380606
265716,0.015274384677659097
265717,0.132509760162962
265718,0.04981689064026044
265723,0.12035234918384534
265730,0.04591034623763637
265732,0.016628295432308503
265744,0.28791994164416546
265751,0.1235899850513837
265760,0.11254971123948068
265777,0.09409015068368706
265783,0.0855879302002805
265791,0.10957687305669891
265792,0.02827804407340666
265797,0.05950181923182135
265798,0.013378365782777518
265806,0.041139871351449836
265815,0.05452140233672785
265816,0.11483806306041036
265821,0.027540868862865893
265833,0.010636455832682289
265854,0.05820538130378873
265856,0.0586608995308298
265858,0.027066028078897176
265862,0.1880728865209028
265863,0.05412489416971235
265879,0.04306034844278784
265881,0.019320337492772628
265894,0.042104449089476706
265895,0.5908836962864324
265896,0.022282391511538113
265898,0.04863609897151426
265900,0.06074394041699356
265907,0.018057407398294558
265910,0.15396897000612358
265917,0.0446522098308739
265941,0.10587682451621168
265955,0.03645859374052606
265957,0.14113174049641555
265961,0.025401127191707683
265966,0.015742636100987605
265969,0.19963632092310685
265974,0.1817318004248684
265976,0.015893415726918145
265979,0.10938754990405881
265985,0.04874714423968844
265988,0.05235854200548814
265990,0.19158315022392483
265991,0.081737120199733
265993,0.031017005835000395
265995,0.19823901674138814
266009,0.18703802336778846
266010,0.05361358630405723
266014,0.15864586774576636
266020,0.12782998626572223
266022,0.11124875649695547
266029,0.08274476349881621
266045,0.017691535846835416
266057,0.3797374173990021
266060,0.3088025116292729
266065,0.03283322360323154
266071,0.01888796814615328
266072,0.019727546429018788
266074,0.015744521215707477
266076,0.03411202359201536
266089,0.07731419228405657
266091,0.01317876359271331
266097,0.04153018214462329
266099,0.14298327772209712
266106,0.12221100169104888
266117,0.07923161840259438
266120,0.08594153508707901
266129,0.04500946593521947
266132,0.05827549265192813
266139,0.2168376014224033
266140,0.10704722893656733
266141,0.06228570375944359
266146,0.2798834001597146
266149,0.02922938452845833
266159,0.012115073935787337
266165,0.01976161943967935
266171,0.1378851834139112
266173,0.0584866815068789
266177,0.08976191077965458
266179,0.028587099845238245
266186,0.01514795118204749
266210,0.3135013093526547
266227,0.057691784369249446
266266,0.01631827412160877
266291,0.030516411885406665
266319,0.1907452922838846
266321,0.03495481266656565
266323,0.016303178821339078
266329,0.021292707075449408
266331,0.0910295369745602
266333,0.2523991444831273
266334,0.045746173038280546
266338,0.08096743997976662
266340,0.07820011766012505
266344,0.16295045895691468
266354,0.0319653777528772
266359,0.07415347942771515
266362,0.041343923026089004
266364,0.02193305475557101
266365,0.09477867286099649
266379,0.04371420917241593
266380,0.09014202961094832
266387,0.018350686502052623
266393,0.04507773498589531
266396,0.01763180398693796
266406,0.022262517954281663
266418,0.12330359757039322
266424,0.01744676420825619
266440,0.07942158024526469
266442,0.03319149199759907
266444,0.06318677582255545
266453,0.13221091677156677
266455,0.061905612079399416
266461,0.02749031852239609
266462,0.02129318479161927
266465,0.020392653421177263
266466,0.14746924105038103
266468,0.46970189456893774
266471,0.06629823178141239
266479,0.02694461915744036
266499,0.18287348793821973
266536,0.1395632095956661
266543,0.07438746697248802
266544,0.035743129472128876
266556,0.054077476250782075
266561,0.043286021818872276
266573,0.08553141600784356
266578,0.08057148453210891
266590,0.2453240536531546
266596,0.054675986068377425
266624,0.1308234953465617
266629,0.022025800378220932
266635,0.011937351635181207
266644,0.010615219015755909
266650,0.023881242069824178
266659,0.043957860461274804
266666,0.04281993997274168
266668,0.035459332443399515
266674,0.20572196859291308
266680,0.03704203102180844
266686,0.16241639182837
266714,0.07405817271737132
266730,0.031091794889676727
266734,0.0510671522955919
266740,0.32768727684045
266745,0.022418554581275948
266749,0.10269024805289687
266750,0.011584707798212603
266751,0.03337441911049058
266752,0.08389305931734026
266753,0.0414967090784096
266759,0.04750530401934945
266763,0.027712238998202327
266766,0.024215457540684007
266783,0.06644555469424886
266805,0.01499937096959989
266812,0.018088393594270804
266813,0.12885733875311267
266816,0.051068997483896636
266819,0.03423528512619474
266820,0.3930414428856432
266833,0.03721844680255106
266842,0.06286714682421897
266847,0.034301349179198665
266848,0.013930465118463076
266865,0.1925657189538257
266867,0.14611583975319176
266874,0.06747338207147675
266885,0.027149088917413446
266888,0.012092388633781637
266890,0.18649476347203559
266932,0.07738217539797344
266941,0.13813291291806432
266942,0.04150525794374527
266948,0.019556715908280255
266959,0.009254483271318555
266977,0.011018260070243051
266983,0.02087621185323866
266984,0.06437711558543899
266999,0.21137330361810763
267000,0.11911518110130201
267023,0.23627177728527862
267031,0.08216155830051967
267035,0.06151770752832684
267046,0.024023977944100373
267050,0.03828041398680887
267058,0.08314430470397997
267070,0.041649530983189485
267079,0.10562628407390098
267080,0.041723334588762734
267093,0.0809747425901936
267094,0.07102368303596415
267102,0.014991784251701496
267107,0.011560725849187062
267108,0.10190876556974564
267113,0.056431450226406034
267127,0.04310197957506525
267136,0.020745589431537082
267143,0.009909395437624851
267155,0.16953286256369537
267180,0.011575770675642569
267182,0.031065592429535615
267184,0.03422622719769993
267192,0.06496738073791754
267195,0.16302852565239126
267220,0.024261380904696234
267228,0.013369623780619044
267237,0.19873796051641046
267241,0.058816705717848285
267242,0.30188246251838013
267247,0.12038332535393222
267259,0.0977070449589732
267260,0.15638541969890965
267265,0.0275412152606741
267269,0.2027645198829505
267272,0.04383188103063921
267275,0.03802430194436632
267282,0.262446073978007
267284,0.5616134416888313
267294,0.058476789726977854
267298,0.019780434978696255
267304,0.13818487898080442
267316,0.13949090554033367
267324,0.03607291688668059
267327,0.044943683089597404
267333,0.011301609339682155
267338,0.040568475779657484
267341,0.03604794483292659
267342,0.041084920810686223
267344,0.05555087812543049
267345,0.16748854574175237
267347,0.04017924257183088
267361,0.16875603608754294
267374,0.03208505653542561
267379,0.048577311931588915
267380,0.028252161383303442
267382,0.0351290931744702
267394,0.034336614902193204
267403,0.17909234375392644
267405,0.09547372492866
267412,0.023646067840430218
267421,0.3164578124700043
267437,0.03919271228654442
267438,0.032048429769986654
267443,0.013762311449205571
267446,0.03345931274272915
267460,0.15491993613169358
267466,0.24703206546510587
267469,0.023968507780942894
267474,0.047805029846439404
267488,0.023681064771714673
267490,0.018203576008166994
267496,0.13166442068410308
267499,0.06502730569469044
267501,0.0670250047524101
267518,0.09773551951579117
267522,0.2175868752670452
267524,0.041771562136516824
267532,0.04224309128760971
267535,0.15085757081108947
267547,0.0316223828081659
267550,0.013403117501664761
267559,0.1227932900248164
267581,0.015657399802716777
267586,0.046871045034709256
267588,0.19400831581444528
267592,0.07891844944433257
267597,0.0346671582548379
267600,0.01468115904937596
267608,0.01702286558652189
267620,0.03858819983000501
267625,0.11989450687217065
267628,0.07128748562848347
267633,0.09166651645792434
267639,0.059446429944478296
267649,0.07509695770225473
267659,0.084756070526374
267662,0.08236429194840847
267671,0.02906839552105873
267672,0.013661775562553944
267677,0.0768454632121646
267679,0.10274464865027769
267682,0.04021255451489396
267687,0.04597777632014777
267689,0.010296194584223544
267690,0.039800667592126526
267707,0.1255900242223659
267709,0.016951160091072864
267716,0.021958339235830383
267738,0.02652626690772465
267744,0.03931116091233908
267752,0.013781491503949504
267754,0.1265661082231999
267755,0.240412890506777
267757,0.07524450783742945
267758,0.0766418941807947
267767,0.30287966321028525
267771,0.02297591030949812
267808,0.19035519015499974
267815,0.12154129481677083
267833,0.13270375609149132
267841,0.03274651050445003
267843,0.044585149352206276
267847,0.042559890851246396
267857,0.010754153180170044
267869,0.14886485187226645
267881,0.1797192861881681
267887,0.05609756640454724
267890,0.013448886887619254
267892,0.24443307524366653
267895,0.12170224556851376
267899,0.09436754973841203
267906,0.05487609288519683
267912,0.1290777332418812
267917,0.1637081738621143
267927,0.011271119692338207
267930,0.023055471306490105
267934,0.0620931229680338
267950,0.022916991497285003
267965,0.10513095649104705
267966,0.04734245057353136
267976,0.012620055033641196
267998,0.04368408581101515
267999,0.019574864021506298
268012,0.05779666749465884
268013,0.055532305015465265
268014,0.02127488695357855
268020,0.02854264555067982
268028,0.24638063242484573
268032,0.03729175052611691
268039,0.02706213334751023
268041,0.049801295148851635
268046,0.04261578100088687
268059,0.14345785538299435
268064,0.12221689476643194
268066,0.08656631401952151
268073,0.1850565236242233
268077,0.014927677247002493
268085,0.02825043445515881
268090,0.11657407690771526
268109,0.14442946027722475
268139,0.08104023200882728
268151,0.11644941454173743
268153,0.03696852874242344
268155,0.13994459397464046
268163,0.02476554735887902
268166,0.009254483271318555
268185,0.009275247783291111
268189,0.04170450756384837
268190,0.013474221641089723
268192,0.05057498510532502
268211,0.13072335929567008
268213,0.047343848587933765
268214,0.015403177015434455
268220,0.043875193225563734
268225,0.03848202312570004
268227,0.12048691391612062
268230,0.055735526295796846
268247,0.2177047190654223
268250,0.042962819463845836
268268,0.1504192439326398
268269,0.031934307930387915
268271,0.17692156086397626
268274,0.10560777108809809
268280,0.11765067923367119
268291,0.12813465477518013
268299,0.020168676762251446
268301,0.07613948553517977
268306,0.027112009709792023
268307,0.08588601703182915
268310,0.0228556971276061
268317,0.20675939982181943
268328,0.018355552075167134
268329,0.010904809478685457
268337,0.10459116110888571
268338,0.016293881681005026
268357,0.010767371335618996
268363,0.04295925149421311
268373,0.010536557494345218
268380,0.0607019340394207
268386,0.08140305519802041
268394,0.015631587278816958
268407,0.013545435777131978
268411,0.08653723696242402
268417,0.03389723448389589
268421,0.1748028476748827
268422,0.0852839539703548
268426,0.07872308595117157
268427,0.03319050280372779
268439,0.14925979572857165
268445,0.0655953121749984
268446,0.025642027093625414
268459,0.11174923939403576
268465,0.18255502182396233
268466,0.04190789329883177
268495,0.012699761331853715
268497,0.056425255332658075
268504,0.08166887767900173
268508,0.07956533951072806
268513,0.21742017701391894
268525,0.04934087422694447
268545,0.03949305796702547
268546,0.013551980678366372
268550,0.013941660091051775
268568,0.016683998701550344
268570,0.21963834477570338
268590,0.03434338383018247
268591,0.12607618458398334
268602,0.05250298036993205
268609,0.020079373808775513
268616,0.016339787177024025
268623,0.07767460768489921
268645,0.1894251429025624
268652,0.10687058945827246
268668,0.11043981209407508
268685,0.00874276845701828
268707,0.022535307235294084
268711,0.08077780255801606
268714,0.025736447758535553
268736,0.02817856986799369
268746,0.2086443813594315
268747,0.011027273992837898
268749,0.10921744827433036
268760,0.1696557383705192
268761,0.00899671800403247
268764,0.32583243026240233
268781,0.009245230440900988
268790,0.10844234706414127
268799,0.018982061421232894
268809,0.0762705178557542
268814,0.029115904951201664
268817,0.03498874418074398
268822,0.009064684510904012
268827,0.10475322392123991
268828,0.03305961457015753
268829,0.0934956275283765
268845,0.052399937492495566
268853,0.008894233183012074
268859,0.016861397875041807
268900,0.008894233183012074
268911,0.02140750268541067
268913,0.2178671257228979
268917,0.21484536843401866
268930,0.13079737826964583
268934,0.01706537372280477
268935,0.11710788693270972
268938,0.09165449677485758
268948,0.020432428517446744
268950,0.11836166145426145
268958,0.025426038961617332
268975,0.025233907629476526
268982,0.03959335289249305
268983,0.03347723764283209
268997,0.03229533251802029
269009,0.02670174030464693
269012,0.08833379187243103
269017,0.13433775392000366
269031,0.11239922579470074
269038,0.20067964207240307
269041,0.16762288203755218
269045,0.07836790013356443
269050,0.017639163903305433
269056,0.015349768788333168
269058,0.019453966572638932
269060,0.0513013310027726
269067,0.19543782303566903
269082,0.04825032508796696
269098,0.13338617175941253
269105,0.02841420698914619
269117,0.09628138657142679
269123,0.11666150260551267
269128,0.03848602289172006
269143,0.09365525454518842
269149,0.07330814472567461
269162,0.1939521744893197
269168,0.09155418404406107
269172,0.12478225686937079
269175,0.14522881656016928
269189,0.07335598481124928
269194,0.03239776518527705
269197,0.03341722278293312
269204,0.10250647470419172
269211,0.01833201809893926
269217,0.20667237419231851
269222,0.06498092525538764
269227,0.042192730010084105
269228,0.060370937007143646
269232,0.06788948830248812
269250,0.23930774514852224
269251,0.01308911826799573
269257,0.35064350716840853
269262,0.02138453105220709
269263,0.05583759686119616
269267,0.043171152007915506
269275,0.03853190800731729
269276,0.0358741215834021
269279,0.009687864393113544
269293,0.34837176531582503
269300,0.11967020492646137
269305,0.04337206106229228
269309,0.04073134733692239
269317,0.09442303567322244
269352,0.19414524326343047
269377,0.09055128663738757
269378,0.0144957107688698
269389,0.025296345780699586
269392,0.04376951414655936
269394,0.026069016858502818
269402,0.15727944763649743
269408,0.009712007983285701
269410,0.019332895401960697
269417,0.03783116869325342
269421,0.22372332037489798
269462,0.057818827098831314
269481,0.014600928798290983
269488,0.14232072696454778
269489,0.029505595431327147
269491,0.07421406750801075
269495,0.018110011612215628
269503,0.010360186956870611
269510,0.2012283634727705
269515,0.18515784171274788
269522,0.03089246775520945
269523,0.026820693644430023
269536,0.04109697002305747
269537,0.0576872382620481
269549,0.00962312914153567
269571,0.22583164416300366
269576,0.014927677247002493
269587,0.10439699798686661
269595,0.02983918419036426
269601,0.11090310578936027
269610,0.5175500410081758
269618,0.043613629280146685
269620,0.1523562156899741
269623,0.021126441402587577
269637,0.09983557485014238
269642,0.020443367215208494
269652,0.06886302941501546
269655,0.01034277655941984
269661,0.10333968953044473
269663,0.05695317075426922
269665,0.011856866820486723
269666,0.07804174630108057
269667,0.01064857772115456
269673,0.05181428659699415
269693,0.09669258359835108
269701,0.06209689997199473
269702,0.040423657541477115
269704,0.18496189510157449
269718,0.05197814748075709
269727,0.01648521135903173
269732,0.021397933844191454
269736,0.10358965899029611
269738,0.04714074063142807
269741,0.0164150285961661
269744,0.020511027188816346
269749,0.31083229499951737
269750,0.03750700345090675
269758,0.04757326784215944
269775,0.09789897464657027
269776,0.04214729614479065
269777,0.12109801544325476
269789,0.011645292762913182
269794,0.04692251546971689
269797,0.0432799393512527
269807,0.2899303605962717
269813,0.027855214717088794
269844,0.050437339635968234
269848,0.13288295373645373
269871,0.02153787182106919
269877,0.011970204214551385
269878,0.06673497788265226
269887,0.03993482226619004
269904,0.02161777341339018
269913,0.21570169162640007
269938,0.13260194018851487
269941,0.19885174684417517
269953,0.18384432724977148
269954,0.025892013400664153
269955,0.028486468056730618
269958,0.15165213288422158
269960,0.03886612342839715
269966,0.07949753395620598
269975,0.030560820502359438
269978,0.041679152514770876
269989,0.11860707707880139
269993,0.022088412735911066
269998,0.016713622719048225
270001,0.10035025144789855
270020,0.05190561654197186
270023,0.08027219718517722
270028,0.07796056741807758
270048,0.08418350106607995
270061,0.10272043260115013
270062,0.14243736429906942
270096,0.3214412942099831
270108,0.022334393476524987
270118,0.021609976472618104
270120,0.09130029266016111
270122,0.022252573687102123
270127,0.10810219339729539
270131,0.07356463468493768
270142,0.012149592863847775
270146,0.03227416082217128
270148,0.04258053927057867
270152,0.008891499974611285
270165,0.010386505628223575
270170,0.009415808982337655
270188,0.010093852160754351
270204,0.13834533406644273
270235,0.04802595382326553
270243,0.20874720134354002
270254,0.0713938661090123
270265,0.038331791113108735
270270,0.1991466908801187
270287,0.05528159546216131
270295,0.03368155826184639
270296,0.014590010955704946
270302,0.045141347600810885
270304,0.11937818111660073
270307,0.011621467417457076
270310,0.06131348246719801
270317,0.019590432604412056
270324,0.10675793352184273
270326,0.04069376232009138
270337,0.017680264324502554
270363,0.1002729424270253
270371,0.010837877725587074
270373,0.018786909266367106
270375,0.022041135993677213
270376,0.0454034346994172
270379,0.023055471306490105
270383,0.32043488389450264
270390,0.03852635355128639
270393,0.03629008786816892
270402,0.014850331979073825
270410,0.07094625279467713
270411,0.03080371263285266
270412,0.1729771353579347
270415,0.035218703599171126
270417,0.18082089433680743
270436,0.3407531385520045
270440,0.024839935999184586
270449,0.015639898196849987
270450,0.16658505316045874
270457,0.12221906201614385
270460,0.0218699050791064
270461,0.014029480806526304
270467,0.023994105803411523
270473,0.0724804371988389
270486,0.11988771840675916
270488,0.03758958575776402
270513,0.05760240695278686
270518,0.08996561060981972
270522,0.018143979963869475
270526,0.03990531413419994
270532,0.020799126503351213
270545,0.2137685804004465
270548,0.25218535004838016
270550,0.009804177408203666
270562,0.19206507210440754
270564,0.018832103859546374
270571,0.03685033432611131
270572,0.08034981697880288
270574,0.10818083354298154
270575,0.16817866536769827
270579,0.03388527270143475
270612,0.15656521517970562
270613,0.15525719534113375
270622,0.021762227440342084
270636,0.024515750461530407
270643,0.034777499923818726
270644,0.019346327468873235
270645,0.05081746194913709
270658,0.13121470951578962
270661,0.017785860590582257
270665,0.09102532563682794
270676,0.2780563739717573
270685,0.04932273491367319
270695,0.10631709053158708
270712,0.047781293407823465
270719,0.03825667992135997
270740,0.021405663355238518
270753,0.01848184603264151
270756,0.03789841509495107
270759,0.10923700050978147
270760,0.009491307141184988
270764,0.04780568821126758
270767,0.009909271707589717
270778,0.010254968927449428
270782,0.12397998656590219
270794,0.15288483309196882
270795,0.3188357035768179
270799,0.04290039839286224
270807,0.1816394068500788
270821,0.03264270345062618
270826,0.05245467875519313
270829,0.04832900039823454
270831,0.029022859514126198
270843,0.0655152810064434
270844,0.1993218201637716
270847,0.022422450891706202
270854,0.012307207257812624
270856,0.1749216998976311
270861,0.010653323965033752
270862,0.06098678027016914
270864,0.13902173703220824
270881,0.02740262075747373
270883,0.09259116099024753
270885,0.320323758579132
270888,0.06025790243318252
270894,0.009359701300739742
270906,0.07964193870895839
270914,0.0294762810918885
270919,0.035779013131750026
270935,0.03744855403271724
270945,0.10750704570886963
270957,0.11824770561357627
270966,0.05021634184882159
270970,0.09119264715399143
270971,0.14751454048358884
270976,0.044630614251891736
270977,0.23060451913496202
270978,0.02483480828521455
270979,0.06353702712225776
270982,0.056278610042966304
270987,0.09152149598761591
270989,0.05573085763922747
270991,0.07265482586955771
270992,0.009145948881610244
270993,0.018463524734455693
270997,0.2991539028528442
271010,0.2078228121628168
271025,0.036524984604034694
271037,0.05364707554762581
271038,0.016707323709939235
271054,0.02033186513035165
271056,0.19246008884720128
271065,0.027902513474394312
271070,0.03454375627471275
271095,0.014977433931928593
271099,0.023617962970567074
271102,0.012742105822765715
271103,0.056000616609007646
271105,0.13892601839382832
271106,0.03375031883191017
271117,0.04214860751333851
271134,0.11474186556200823
271135,0.21499254634902024
271137,0.1206776609306454
271145,0.1599219248205515
271149,0.18604644180554653
271195,0.010989997088338591
271199,0.09461195347306296
271200,0.21185499041117137
271220,0.036934582235506254
271233,0.06940816817327178
271234,0.11666005597581548
271236,0.056989157897743656
271248,0.011823554951987166
271250,0.29204491175262437
271251,0.039155768391590885
271255,0.0413509571791912
271261,0.056164945738344144
271269,0.021002668721791247
271276,0.02695833864717918
271296,0.285799263486108
271304,0.15932255621629504
271314,0.011279011814645395
271318,0.023122932448880657
271322,0.011142380366518557
271325,0.029602170836319663
271354,0.04334646253841375
271355,0.031523259024233766
271359,0.04216335983631609
271361,0.03190652106887927
271363,0.36412218441496524
271367,0.1375921184369934
271368,0.02674048157132704
271369,0.018898633126850105
271393,0.38398723898677817
271409,0.09494463870501522
271415,0.027938656931942096
271418,0.18412865194803887
271429,0.10639430101059562
271431,0.032757056310132704
271432,0.2250297121544882
271442,0.11072068792056691
271446,0.13178845816494786
271448,0.0366461382194279
271450,0.4662115830041634
271452,0.020917700381957414
271460,0.048712522286836604
271461,0.191022723549645
271472,0.04988110913112384
271496,0.04454621268911574
271515,0.020468761098070394
271527,0.06926340923107929
271537,0.03938684207854884
271544,0.08921020169149585
271562,0.04887762480868783
271565,0.021993898118701522
271566,0.2005509961775927
271567,0.05948931573696357
271570,0.19886986930804704
271576,0.0473897653360515
271582,0.21850362184854522
271586,0.08448049923605781
271593,0.056085995101353134
271598,0.019513830582301637
271606,0.03911674581004833
271607,0.014250764943941318
271616,0.2037081363879623
271617,0.09134199379681104
271624,0.04767303245577066
271638,0.04668270970306248
271652,0.01883855722780263
271657,0.03838590099095538
271662,0.04219776080761417
271665,0.02588080726623645
271667,0.06767633249390817
271670,0.17746535777810635
271675,0.04797105629606051
271679,0.2134294504737407
271682,0.04632375951772115
271696,0.08885598799223657
271699,0.012629171885875196
271733,0.03893020611416102
271739,0.046893752355045414
271746,0.009254483271318555
271753,0.06555605896884331
271756,0.10618033773413531
271762,0.07197677413700992
271777,0.015563406727130307
271781,0.012123838088690551
271785,0.022988680619781137
271786,0.04597097977499152
271790,0.022271514976513217
271801,0.06491683339140777
271806,0.021374113593500887
271807,0.102084077480651
271810,0.050793137679849575
271811,0.02703301698746775
271815,0.052398267682395604
271847,0.021958339235830383
271875,0.07567731385600024
271878,0.1671193673293207
271880,0.09632713998852374
271883,0.03846257323175338
271911,0.17451110976688206
271912,0.07436591212227904
271914,0.14744355059468423
271922,0.04946712414886205
271933,0.019807480958982347
271945,0.048900920409632655
271952,0.01160079470575401
271954,0.026953482070426103
271961,0.027665765332287318
271967,0.031474900384201
271969,0.025443713917370037
271980,0.051379509264817415
271989,0.011462836738752051
271991,0.14998561019049592
272000,0.0655970131059185
272004,0.09420433617595154
272010,0.04148893820335686
272013,0.17219305494205983
272029,0.0706983424084793
272030,0.03811967972363949
272031,0.0231051509982572
272035,0.012010876137056554
272040,0.20912427609601153
272043,0.04409679068947624
272055,0.10266203122582626
272068,0.02565992338207152
272075,0.23237387236472618
272081,0.013188765674949494
272090,0.025538989233860294
272104,0.012910721295434668
272116,0.017994555907227587
272121,0.009609680408373856
272129,0.027639816352355222
272143,0.09342920555542218
272146,0.041064203870613374
272148,0.4601897675016732
272152,0.20178265918458765
272167,0.02425110455928014
272180,0.040359717726037116
272192,0.013369623780619044
272201,0.03182051661100236
272205,0.0415449903445537
272209,0.0710893817178693
272211,0.0377826488252077
272228,0.03711134439788559
272233,0.19326178089673146
272235,0.11852441909577624
272249,0.20442600121178192
272267,0.052994169237117215
272270,0.022942440065597626
272276,0.03222530229693956
272302,0.0932955164632019
272303,0.011018260070243051
272308,0.11405748705938297
272309,0.1682781627772665
272311,0.04160327768116497
272313,0.015167827124822513
272353,0.05235854200548814
272366,0.05059028953444509
272367,0.05209772564517841
272371,0.028463546645416615
272381,0.019269453756536152
272404,0.05992709290712761
272405,0.02400835519631835
272418,0.1275350780455558
272419,0.04624437137326938
272425,0.03890961069446764
272438,0.057520829157089316
272444,0.048722992599778844
272445,0.07247589671119528
272462,0.009750241607420398
272474,0.026187796331883433
272478,0.0856070156628923
272479,0.12279949990472752
272480,0.04893193183169476
272482,0.016727645582113065
272511,0.2354902641427013
272512,0.009676040118745066
272516,0.026438777488901062
272517,0.03368673696558118
272522,0.06360434894177401
272537,0.07031862255515016
272555,0.01693133996261669
272564,0.12976908183982408
272566,0.02985156137214185
272573,0.014848870755060226
272575,0.014348741630650674
272583,0.04284475427689288
272593,0.02385838652749183
272627,0.03335891199187288
272628,0.09566430413657291
272630,0.018653288905402236
272632,0.019972698564758935
272635,0.5108739251801622
272636,0.026988546316363427
272661,0.03640648403540105
272669,0.019347901666519018
272672,0.015737520019562377
272681,0.20483583581532697
272682,0.04197699279971062
272691,0.034129001845544474
272697,0.02319757561081618
272706,0.07186560688285697
272708,0.025287229054070166
272717,0.043249268305264425
272722,0.047086656296669124
272723,0.009331355464889024
272737,0.009254483271318555
272744,0.011490736430858527
272752,0.2999028961640359
272757,0.026761649155552326
272760,0.024435958014750396
272763,0.02626504410220082
272768,0.026098882764345143
272779,0.015599884175438509
272781,0.15241164635885718
272787,0.14645170988236328
272795,0.05714659692769114
272799,0.030116582822514937
272820,0.13269042605271883
272821,0.012399833560178503
272829,0.12202748414341331
272852,0.05937665232842869
272863,0.0928156577260344
272878,0.021710161513204696
272886,0.010318788914736822
272891,0.11936028555659703
272903,0.1327214820899357
272914,0.010508140710331878
272928,0.11462904203017157
272937,0.12749822555764972
272938,0.11915727902946631
272944,0.07467441586784522
272965,0.16581980784095351
272967,0.04908977591017016
272969,0.09445794758361703
272983,0.11606330404996648
272998,0.16401498557907787
273002,0.04973195157278014
273005,0.03288393055544788
273010,0.044230710999373805
273011,0.043134107411084324
273017,0.07101755090377482
273021,0.18161513542620514
273023,0.2262329227411831
273027,0.07060300276792153
273035,0.009574839082506972
273047,0.27287510718926994
273053,0.019316533104681906
273060,0.2981479880663981
273062,0.042925918216495454
273074,0.06884393872535532
273078,0.01603658950261012
273079,0.032420105200585206
273087,0.08156696360765624
273107,0.041591278890816305
273109,0.009628838123846078
273112,0.017811355361884815
273113,0.061177673042111566
273117,0.06855513368686335
273121,0.23720886584747186
273137,0.07363572797272279
273156,0.05049926918563723
273157,0.1331200620756499
273177,0.10300602198181649
273192,0.025682811722451182
273193,0.013192818837151236
273194,0.04222926247628096
273198,0.11381784157927603
273199,0.025103651846919355
273206,0.1266577632009142
273213,0.031869610484653116
273235,0.023487890873604644
273244,0.07398346060987765
273247,0.13649681824909501
273248,0.29344370538842535
273254,0.030762890026557216
273259,0.012733943626283873
273270,0.04131197185054922
273272,0.0446434610056664
273287,0.04012944630529432
273289,0.1294054104422684
273294,0.010797309238747561
273301,0.08294324574011198
273304,0.07018729835284472
273313,0.08334188639662296
273314,0.04153873175320985
273333,0.07199720771027883
273336,0.3020035652850514
273343,0.011081448145468391
273353,0.035007423080674324
273359,0.020382535595000136
273371,0.019409448479905268
273402,0.055241012765842354
273415,0.010632559453061198
273420,0.322326222226319
273424,0.033425000151877604
273428,0.02709215166669403
273429,0.013729440416131663
273443,0.12645306506342963
273457,0.010741118703203389
273458,0.01812410402115075
273467,0.17849694350219522
273477,0.014914405234133394
273482,0.07525990413836317
273495,0.015542466898862609
273496,0.009716339328483065
273503,0.04942065585186854
273507,0.18867834375135203
273508,0.11694649544722449
273510,0.017770524975125972
273524,0.2044712273962121
273552,0.02410339988631094
273556,0.0905478337788065
273566,0.032481470674516545
273579,0.0801003432676714
273584,0.04164763541326591
273595,0.032921955813743
273606,0.044157362705283934
273623,0.05910205514401179
273625,0.05540557500599058
273638,0.18385306722506498
273660,0.021600835702176604
273664,0.051481583026284826
273683,0.0522973904444355
273686,0.04047292868170485
273687,0.1410447891558464
273699,0.09899383992809542
273700,0.39591652731986604
273719,0.021277466688570237
273721,0.18553637614120957
273728,0.05723780654307491
273764,0.021958339235830383
273770,0.026460696060693883
273774,0.19562093209266002
273792,0.11238148854761816
273806,0.01416225884515541
273807,0.12610178308141867
273818,0.028150634051267342
273823,0.09429640773803616
273835,0.3799364412541891
273856,0.03540766919813689
273861,0.024670461040993304
273863,0.09221948809870728
273864,0.11972505184305446
273874,0.11250998177902441
273879,0.09002609207852484
273892,0.13826600870630562
273895,0.11889115486001836
273899,0.03202179492134937
273900,0.09395925250433353
273912,0.0556726743092556
273921,0.024916058271743934
273941,0.05312699944519169
273946,0.020578076392847987
273954,0.11173871801432766
273956,0.029602383041519437
273962,0.06653991902502823
273968,0.03235817487386012
273985,0.07385699909325213
274000,0.07539965915646074
274003,0.01209496759357714
274004,0.034360220256778026
274006,0.03592136801415372
274019,0.2251735903421909
274022,0.13260964191090813
274023,0.12993353529337892
274034,0.18375124547125968
274043,0.02512039965202788
274052,0.06410685132119323
274054,0.3899433450601346
274058,0.14024856172116143
274063,0.028458950684149286
274070,0.03570848487476118
274072,0.05900647897952077
274081,0.0247581254142824
274108,0.14069827838034576
274118,0.31818426465996824
274125,0.03136511605135602
274129,0.012066487174135252
274140,0.052480679974512404
274142,0.06865395660130814
274146,0.02190727076728017
274147,0.22154923200145812
274155,0.010491998254014655
274163,0.06476834084979678
274165,0.022183239814360118
274174,0.014251805732390465
274182,0.1160062795831801
274186,0.05520071034997013
274188,0.03958145870410188
274193,0.1134337932624047
274198,0.06926705907809308
274216,0.013059950927270548
274219,0.015017337375485319
274225,0.13090037076144118
274229,0.04600501429056576
274248,0.036747669289113785
274268,0.038369782912996246
274274,0.01636356063220984
274286,0.018619706470879287
274289,0.09834692567375716
274297,0.04048144694877217
274302,0.02423292498704871
274326,0.0606987084067123
274346,0.040557752697259745
274348,0.057462507799215655
274349,0.04512447651107424
274350,0.024407657791913128
274353,0.022047818025413543
274359,0.23636530049914461
274364,0.014495277368560332
274368,0.03581477569312157
274373,0.021184628311434788
274378,0.049576047958603965
274389,0.010898138453883852
274390,0.04376545257828459
274391,0.010720354191230835
274392,0.04856319727766409
274396,0.2050831262662117
274408,0.18864437606262435
274409,0.03875273916591903
274424,0.12507249882245106
274453,0.10801955640786313
274460,0.024196562447174504
274465,0.026547348798893304
274468,0.014830267123987675
274481,0.06859162233239663
274482,0.010620855847326697
274484,0.05123803628115703
274490,0.25810680818173715
274509,0.010881762756196194
274511,0.03218414533323545
274515,0.10292760565831652
274521,0.04670103222912787
274523,0.19188053146001816
274525,0.11494151058352864
274539,0.030368812091006385
274541,0.06627988452767594
274574,0.18088976823786593
274585,0.024197179122922647
274587,0.11961956018142714
274594,0.09164466660916479
274600,0.1180112976204128
274605,0.07011439628748002
274611,0.027472041750525915
274619,0.11230781589339926
274641,0.060904554211538606
274666,0.20980208772294917
274688,0.028547341649581132
274690,0.1111603048494427
274699,0.08092946393585024
274703,0.054237005902690816
274715,0.018783372541899428
274717,0.06776543124932663
274760,0.14548156602372597
274774,0.2397613107748186
274791,0.2035580603242702
274801,0.02471183738483248
274804,0.05839255616650528
274808,0.22916725895717832
274813,0.019555227942838822
274815,0.08516527934730975
274818,0.02273141903078238
274820,0.024178511061372625
274829,0.048471476303867486
274847,0.30472263511943637
274865,0.0634497119658426
274870,0.02460540137033098
274881,0.20838383740897956
274890,0.13825402545203097
274894,0.06749073881408338
274902,0.02852842912054173
274905,0.09502683305185554
274911,0.04034813879505988
274912,0.12282176244287221
274914,0.013791206867737596
274927,0.02807037636051777
274931,0.011247598395939744
274944,0.2099040521828921
274951,0.3017206839271661
274953,0.09911595671806597
274954,0.02727780505279096
274961,0.014484792926283763
274965,0.22583504798403084
274972,0.0543406817172253
274978,0.051601776875914794
274984,0.04022967537915821
274993,0.0317683978282952
274996,0.024983718924214644
275043,0.008891499974611285
275048,0.08117431061693285
275052,0.03791287130523911
275059,0.017912478884135
275060,0.02678256879509484
275071,0.025909428508275704
275077,0.0485206220370369
275078,0.1331582229432726
275091,0.015581596456239665
275098,0.17796707759926558
275111,0.07427649546350554
275120,0.13608905342783187
275121,0.11979439319646841
275125,0.046013526540654784
275129,0.05038512702881348
275139,0.02041299890249621
275150,0.05937169660623255
275153,0.04225314551073961
275166,0.23032414576724455
275185,0.12568904959744903
275199,0.2760253677400325
275201,0.01896072332805058
275203,0.041368449382033046
275216,0.13023889924766038
275225,0.19215934420194009
275226,0.05290712010642157
275232,0.041231052754518396
275254,0.052734965691545774
275256,0.39983128427641323
275272,0.13586339194935534
275278,0.013801073493470355
275280,0.06802353471597496
275286,0.12852980285465165
275288,0.015588968257826472
275299,0.010387252529547293
275306,0.11217304186381702
275313,0.019951846231543405
275314,0.055288128740126875
275319,0.3554717839810752
275324,0.14504577000025803
275330,0.021385792488245802
275334,0.08087644688831377
275335,0.13096181045471011
275337,0.12091940087525783
275339,0.11840180588725616
275351,0.0359305851416159
275352,0.0568642007493408
275367,0.02401268635632114
275384,0.03124601919016672
275392,0.020360639079634875
275393,0.1805085701714725
275408,0.05796163949888598
275411,0.13266135205383436
275413,0.3213820491552832
275415,0.017439066472646474
275416,0.034336221991126833
275422,0.014766570623425564
275424,0.04238873817502229
275438,0.07860331069820632
275440,0.049561571118645426
275468,0.05813549861009123
275469,0.018683225577411457
275473,0.1804535814982437
275482,0.049510414259142106
275488,0.011049396296300553
275502,0.09497770204993974
275503,0.03753464108259675
275511,0.06798505675021356
275518,0.05175440974441624
275520,0.010521512667889709
275524,0.04563022909636451
275531,0.1456956058989189
275537,0.05869341914003464
275558,0.04532543334829127
275574,0.10898336254409527
275576,0.04491827692238608
275583,0.010346714438267702
275588,0.18193677595010344
275605,0.2177047190654223
275612,0.11120068985188954
275627,0.06254890529960086
275633,0.027891200456785246
275646,0.11908421840574797
275647,0.07984339784787287
275653,0.23058204970506474
275661,0.15887473494748106
275683,0.04383750524297817
275688,0.024046400179027566
275691,0.05936184902350278
275713,0.06828939562209327
275731,0.010907993942036691
275735,0.1779103117472321
275739,0.009275247783291111
275761,0.16345412176900417
275762,0.04114851984573979
275767,0.05076428217526837
275768,0.11954337862967301
275769,0.221867517748975
275774,0.03111685846362714
275776,0.019293772357394427
275783,0.01908313913148002
275800,0.040247971375663855
275805,0.31177601885512607
275836,0.01988544698987002
275842,0.04657397156050509
275855,0.2994459539512009
275860,0.017580825281413453
275870,0.13948118034881718
275884,0.12815759270600163
275897,0.04763019844335924
275899,0.013448349667696317
275900,0.044230710999373805
275906,0.048913962707806465
275912,0.05310493133195003
275922,0.1262922576516393
275929,0.3347185806988123
275931,0.09362286108721132
275932,0.025698531870138097
275936,0.25854985345451914
275937,0.022893819879342255
275947,0.21529403532151123
275949,0.31036742570049575
275954,0.11791626533672421
275958,0.0169504755739373
275966,0.2345520913768319
275967,0.027290624515319318
275970,0.220511124865439
275989,0.1953077110042044
275993,0.08018762968530349
275995,0.030462044200148402
275998,0.03769304698818177
276007,0.11377301854999582
276011,0.12365008143966291
276029,0.08537173086659994
276047,0.0245811923063615
276048,0.08605172456333218
276050,0.09742191986398571
276054,0.07551102789693971
276056,0.03777364974715739
276057,0.1734686799258635
276060,0.02034065145619039
276084,0.010797309238747561
276089,0.036718620186175235
276118,0.013646169134442263
276121,0.1711974352681275
276122,0.07133834126505767
276130,0.028908534528877428
276134,0.10386460158301211
276135,0.015782410507040733
276142,0.21020815711001112
276164,0.017231627838311347
276195,0.158457949208782
276210,0.16594993313199974
276235,0.017693943017558587
276238,0.028883106657987316
276242,0.029415267948446726
276244,0.1902034383424669
276247,0.024126867839754394
276263,0.20413548102474843
276306,0.21938182258494504
276309,0.03525357891002287
276319,0.054517158163516655
276334,0.07527505350446315
276338,0.014506775489459538
276343,0.014226035961269066
276344,0.1096479093159765
276345,0.01802468347276941
276348,0.01961706356234002
276359,0.027603019864374197
276363,0.0836133802964289
276365,0.0558676842942787
276366,0.06526633897343612
276373,0.06237798552274263
276378,0.08136153227544381
276386,0.0379653973031115
276405,0.027295975926658722
276419,0.009642805589378516
276422,0.027441020733420064
276430,0.07048945083608767
276437,0.04005685452243983
276442,0.1171924116078594
276444,0.0300727237295672
276446,0.056254308243460435
276455,0.08384517608824664
276470,0.024185620544810764
276472,0.017128330914933453
276475,0.13867162939920574
276479,0.023055471306490105
276484,0.019512955381032197
276487,0.22987973700635916
276488,0.2777875951717697
276495,0.07273549815929278
276497,0.23160187758871978
276508,0.5083263263388385
276509,0.05247889253138556
276516,0.0511009646889108
276521,0.010536557494345218
276525,0.06985611605243855
276550,0.02208212140455557
276560,0.022893819879342255
276569,0.04708073256953794
276584,0.01183600229089177
276603,0.01176635222570514
276615,0.010254968927449428
276617,0.02306588850888225
276622,0.021039491595841654
276625,0.028224640219421497
276629,0.02451363708402902
276642,0.04183584243611439
276664,0.04174006440763399
276674,0.01786751010266797
276675,0.3365072364598608
276678,0.04748816162860291
276692,0.048949367681850264
276693,0.04162386961130898
276697,0.018989327060983253
276703,0.08134724944376656
276705,0.0737371153891959
276717,0.10969172967973188
276728,0.02751965691390256
276744,0.10779429058006695
276762,0.060236710449136234
276764,0.01994344314659698
276781,0.057677534125692
276793,0.04563292385490028
276798,0.03884885378117202
276800,0.04692286684092272
276805,0.022912945640240035
276824,0.06971771699868037
276826,0.02633542052672025
276848,0.12717062004449065
276854,0.11378550810870616
276862,0.3214162526497493
276865,0.06493205072550493
276869,0.02817856986799369
276880,0.008891499974611285
276882,0.07822783833699878
276886,0.04763927000198499
276889,0.0912612693194528
276892,0.1441350119535221
276903,0.010431339464924031
276906,0.08420774423705951
276936,0.01567930274747893
276945,0.011745587713732582
276956,0.012521364359292655
276958,0.010548105935612569
276963,0.009574839082506972
276966,0.012080497344748139
276987,0.07628234988290059
276993,0.056725904028023334
276994,0.01672095041949944
277004,0.09392990869651863
277015,0.011712211237530159
277021,0.15775480810588313
277024,0.012803598599284965
277032,0.043843484414513564
277054,0.16952383797954024
277055,0.04160554150842512
277061,0.01722641278763147
277065,0.17941850055574882
277070,0.10852335072735238
277079,0.21128653064440656
277088,0.027800812808471374
277108,0.12105761168109039
277114,0.051892510231000465
277121,0.05550710569841808
277137,0.03627817346615979
277148,0.10569775725609165
277158,0.19563956517470932
277162,0.05305196647065805
277165,0.16383142859357258
277167,0.014076945717400327
277170,0.04616193347047012
277172,0.021330144616014103
277177,0.03390401221999116
277179,0.18519374796793514
277182,0.04208961741536789
277185,0.04076852800596996
277191,0.054891537938349166
277200,0.21919263748354068
277211,0.011418473524445475
277217,0.04375345315146245
277221,0.07281190806984036
277226,0.012371665872447623
277227,0.060422028190841505
277228,0.21889468963466543
277229,0.04127556700396436
277244,0.2449334459789411
277271,0.019313529887725965
277274,0.10538474613495659
277282,0.012081894082473118
277286,0.014725049094566492
277288,0.08904818774043938
277290,0.010791589553230514
277291,0.018392903731112815
277296,0.013655894269813656
277297,0.02087270981497999
277320,0.04617428028326653
277327,0.14122940476936485
277335,0.2100668932977295
277336,0.06293728681632613
277338,0.0575379116554542
277342,0.19852800093778916
277344,0.03952972498532232
277345,0.062209293381263964
277349,0.02214708932883249
277356,0.029678713329005308
277370,0.04409438528791721
277371,0.13678551888829582
277379,0.1203408260661611
277386,0.26299329935387356
277390,0.14023536542592815
277400,0.06392060875281488
277401,0.16059848297982565
277412,0.04082405021490146
277413,0.06176877060073205
277415,0.020440849157815185
277417,0.211172886271616
277419,0.07776237127754135
277422,0.1133926251603268
277423,0.011851567246500423
277425,0.017105847439771744
277432,0.014102336556828021
277438,0.03281635770645029
277445,0.029075365748861777
277447,0.12746668434888517
277456,0.04418370900279459
277457,0.020570006107188298
277474,0.06379218961111535
277488,0.04883423254973033
277494,0.057885698976174196
277501,0.053169665442284395
277503,0.05711295954555133
277510,0.060631413414349945
277516,0.1367779270497282
277521,0.2810338540309247
277522,0.019828579693049343
277530,0.038161223353795425
277531,0.2162999138064708
277536,0.17273094835022257
277548,0.058141327571186965
277550,0.04036226587814873
277554,0.0486442851724062
277555,0.058452744209113706
277562,0.055455039660677094
277565,0.11096802889327059
277566,0.011165901662917022
277572,0.07182643206717089
277592,0.10236331593693163
277593,0.015731695472582553
277610,0.08014564308567355
277621,0.04024226889764665
277654,0.1709394298519298
277668,0.016174033364976328
277673,0.013387517516309169
277675,0.026586592104038204
277694,0.01176635222570514
277697,0.26063132759811247
277699,0.023542563529144737
277700,0.011108231779495218
277701,0.026089689662297348
277708,0.19094514969817572
277710,0.021419393757086357
277717,0.13358179010135085
277725,0.034759598569854847
277731,0.06655004014079116
277746,0.1902100830785144
277753,0.022954965202633185
277757,0.2191032856535385
277764,0.06490133739621888
277772,0.057523425529078354
277775,0.134256203738841
277777,0.02361385522083893
277787,0.04736916982894148
277797,0.03280229676509871
277798,0.078006025779074
277802,0.3507977247942601
277812,0.04368010485737257
277816,0.11035249004385986
277820,0.012709161714174074
277821,0.023204153004565527
277822,0.1767618296575976
277838,0.07006689123754137
277845,0.014242539019637141
277846,0.019419192561948368
277854,0.15578637916869364
277856,0.07664907227081325
277866,0.09608365636219694
277874,0.08365673246386612
277893,0.12401735905162219
277900,0.01913792840344618
277964,0.013516920259693749
277970,0.027550329242753545
277976,0.051344700218243514
277983,0.050261703791366186
277994,0.02722636352155452
278011,0.04108868383597888
278025,0.1604588937901127
278045,0.15691695778237025
278048,0.21457002640828451
278066,0.015077208957854433
278088,0.044114891978518284
278098,0.03207119058797979
278101,0.19994335438216232
278113,0.013446076087725665
278114,0.08257638219240301
278128,0.0857485539100922
278152,0.05338664059303241
278157,0.15197823758990117
278168,0.1278637213549048
278169,0.04713812341022675
278174,0.0297616073972757
278176,0.01421157186214897
278181,0.10622175979277637
278185,0.12036924820494663
278225,0.04698489391516226
278236,0.3323521992948372
278242,0.037246727044237954
278244,0.01776388151177668
278251,0.04556461127073853
278252,0.058981838662392885
278272,0.18006072108923718
278279,0.012371665872447623
278287,0.21963498524951017
278288,0.04798050329704512
278309,0.0942319100768596
278310,0.06345473148385608
278316,0.06404015104257456
278318,0.5739944295683606
278320,0.04889726902259138
278344,0.2955340155696901
278356,0.12133718889552529
278359,0.01180888796069859
278361,0.027616562671590177
278368,0.02898745144152757
278372,0.046126858617541074
278384,0.15774368962436178
278388,0.02346236343376572
278409,0.2685968221970149
278414,0.04408401453210756
278415,0.11414922905138851
278416,0.022227504186644684
278422,0.02819139032789056
278423,0.2533002353599565
278432,0.10410296248174275
278436,0.08001312784803025
278455,0.04722774012420257
278461,0.23697907084980313
278469,0.10808293309745935
278482,0.06483269049920379
278487,0.04854068253415735
278493,0.03617346495466744
278501,0.09624444808113866
278508,0.18504613907729875
278511,0.04242510980974641
278519,0.01786394629053554
278526,0.031175301739879663
278530,0.06357825950746117
278533,0.012412425287233807
278539,0.12781588228089608
278545,0.02777626209210996
278556,0.0448845084291471
278559,0.053074021190694896
278587,0.027475872507360256
278601,0.04148361577014252
278603,0.12557580470397944
278604,0.1617091647370885
278605,0.04093263681485749
278606,0.015998169723267328
278613,0.055852296747982824
278616,0.15679572453857313
278618,0.058803385990467194
278632,0.06785912445925601
278633,0.09938160106075786
278637,0.011049396296300553
278645,0.060789903814134585
278649,0.1022893126000856
278653,0.21793484524681356
278662,0.02264064269269994
278673,0.1349905601123189
278700,0.08828551033041872
278703,0.04844590546853898
278704,0.042317493174947395
278723,0.04804785976081425
278725,0.08638178809069583
278730,0.10600298450752432
278750,0.023513653758857077
278765,0.04016635292430204
278770,0.014268162722784753
278779,0.027112009709792023
278787,0.028368151064274455
278791,0.011828286383422437
278804,0.021477134305270547
278807,0.12369036835206162
278810,0.0369444030946932
278812,0.027595997467122973
278815,0.3110238034649804
278821,0.08006937824587727
278825,0.011386062857130787
278832,0.04084324220192691
278836,0.04509296108627896
278838,0.21111020038149708
278840,0.11334133872422339
278844,0.12057657387811882
278862,0.011186666174889576
278863,0.04048601168034518
278871,0.0445667111884978
278875,0.012282162510410194
278892,0.4964578760730184
278899,0.024645688318687124
278903,0.12399704079472888
278909,0.04823674769572103
278913,0.22601440344736998
278931,0.014084251890639849
278932,0.0369926610956743
278933,0.05280872832635787
278937,0.02824999667185408
278952,0.026050510792899734
278954,0.016398475270085006
278960,0.19264285762291047
278967,0.04435245107347509
278968,0.04604305183964775
278972,0.13411702714837648
278976,0.09513262493086287
278982,0.10019544920468548
278983,0.055879001454333485
279001,0.17103438732629045
279015,0.02504283652650388
279018,0.14493022627849406
279035,0.19113755641167104
279040,0.12366994063426082
279043,0.11983544900795454
279046,0.04754496777095495
279061,0.09901956804210293
279063,0.024287124263158523
279065,0.012512767497069022
279068,0.014651627458632984
279070,0.06812991142677034
279074,0.2310325364504951
279076,0.0966660707635739
279086,0.011950082785329077
279095,0.016883820768128326
279107,0.1009089276889517
279108,0.20422277998170885
279109,0.010635983527728463
279110,0.08468078839897394
279111,0.04016677738919959
279129,0.024308684111720054
279134,0.02537350311374339
279137,0.07639835912734325
279142,0.12506993422032922
279146,0.00991397958609978
279153,0.009692258456223382
279157,0.034575560793284846
279165,0.00929904251164912
279166,0.013031769534858689
279172,0.08690781168738476
279173,0.07582968766113989
279174,0.1149371145519823
279179,0.19584229266653402
279182,0.022949268108367844
279186,0.03981879321022751
279187,0.030134120463654296
279189,0.00986959253422284
279201,0.026805898715857014
279202,0.030372444547678106
279213,0.014992815712839396
279214,0.01574074778560851
279217,0.011560725849187062
279230,0.20807397905548894
279232,0.07406681834894888
279233,0.02124186263403744
279235,0.04396262768159152
279250,0.012709161714174074
279252,0.022162946174401964
279257,0.04870002184654981
279265,0.06014916716043258
279266,0.03521341415912658
279279,0.04676959004870972
279281,0.021721115980474125
279282,0.03982287666307356
279285,0.059702523320066335
279286,0.07647786492210096
279297,0.02256124582967296
279300,0.0429876615355179
279318,0.021034781993323724
279324,0.03177915504649092
279334,0.01614702319208071
279335,0.047794907100766726
279336,0.09529970672953306
279341,0.20346505172886387
279342,0.318560521876921
279353,0.08208231010431516
279357,0.13168988925987818
279371,0.19780202593075302
279376,0.03546166398450694
279391,0.041626847718514305
279392,0.014695931384239396
279402,0.08040219715260341
279406,0.30595509208018645
279408,0.07836965454206654
279434,0.07853166084088797
279439,0.010471233742042101
279448,0.01703551604282305
279450,0.08388673601554515
279456,0.014527882188222851
279461,0.052870356410104444
279466,0.0097448344720573
279470,0.07671227715223691
279471,0.009549145349318368
279493,0.05236134859675109
279500,0.02273141903078238
279506,0.010791589553230514
279512,0.05807787774589339
279519,0.05474154490919634
279533,0.009242497232500198
279549,0.0292285082461254
279551,0.3818442328075727
279556,0.012343020899845016
279557,0.07287126966836374
279558,0.08699610095956306
279566,0.0735234593593537
279592,0.08890909180800213
279595,0.2046315903497212
279604,0.07603903770920603
279608,0.02256691194126332
279614,0.06351114708542033
279618,0.07652009260302553
279622,0.11830151907974126
279648,0.18588910315213594
279652,0.017105847439771744
279653,0.13165356604502237
279679,0.028782365681761485
279690,0.05123245244430482
279691,0.13450935218941668
279694,0.15158500738849318
279698,0.0744337742225368
279702,0.030242174056038414
279712,0.02009658902416027
279713,0.100841500586941
279715,0.01892132879251122
279725,0.02183889389869424
279727,0.13989124524412772
279733,0.03086819646026213
279742,0.08417198009541789
279748,0.017490921973825978
279754,0.04679071692658142
279756,0.19829850771214066
279776,0.05596018636543604
279778,0.05798838081582788
279779,0.009574839082506972
279782,0.16423323078905733
279793,0.01762063541055446
279794,0.013850730343300435
279804,0.17241358563718812
279810,0.015540081954505283
279817,0.4350528965806422
279828,0.07829081505354787
279830,0.03959425217730507
279831,0.1080282514238636
279834,0.10626966619964491
279835,0.0559006494168369
279840,0.022893819879342255
279847,0.056968405865164384
279852,0.12130199819196685
279854,0.16538605377154297
279856,0.05348077861647638
279859,0.05594864665450354
279862,0.0336330291249151
279876,0.06815544816455718
279878,0.060182564746726105
279889,0.01864035923529797
279894,0.052168679243767904
279897,0.029822951738213106
279903,0.04603252571623498
279904,0.027457426648012585
279906,0.07645978037160703
279909,0.2103939926851936
279922,0.38044194880754423
279925,0.029421510328073597
279939,0.2224515432779691
279940,0.04470956054241281
279942,0.07201834320897739
279948,0.01099670592098877
279952,0.009052825685630383
279960,0.017527273350792273
279968,0.04394890019792721
279969,0.058527280639657245
279977,0.5254531691304885
279980,0.07532731877059201
279994,0.051697466073157505
279997,0.0856587059146503
279998,0.2556223551694932
280007,0.09348157005906034
280009,0.18162741511540997
280010,0.384024704163238
280020,0.027303278546301185
280021,0.05669319818115184
280022,0.1324113612268381
280052,0.04141382798056975
280058,0.03579637578810192
280074,0.10705483689727853
280076,0.01937509494279442
280085,0.24269085553279562
280091,0.04998181254987448
280095,0.01440248968378396
280107,0.17836615857674776
280116,0.14145487259701914
280140,0.11899737100103965
280144,0.138494994353056
280156,0.04191840455862434
280177,0.008891499974611285
280191,0.009275247783291111
280205,0.043103859244201695
280226,0.14748452445055715
280230,0.03210299967160469
280234,0.0156696345427958
280264,0.02001904820083515
280274,0.02259724361814785
280298,0.021982483330185633
280299,0.10778342926082048
280300,0.057527272727373444
280301,0.02928783987596329
280308,0.010416294638468524
280317,0.06872228414996545
280319,0.05947941534913019
280322,0.03838078495721593
280342,0.015624562581393706
280348,0.12682916099286184
280350,0.060269490155286286
280353,0.10731680706614544
280366,0.025064409225062683
280372,0.04461366089012779
280374,0.010776544726775007
280376,0.2489249744721366
280381,0.009331355464889024
280384,0.03525556789905629
280388,0.01761801621894766
280397,0.1131821788939515
280401,0.027623681585016456
280409,0.09799477817849048
280413,0.01146997191888597
280422,0.21584153430145325
280424,0.09620347651153693
280426,0.08157299696994126
280429,0.10808031419707706
280430,0.1262791441002681
280435,0.035461867021072103
280444,0.03954574700615225
280450,0.06551991382948964
280455,0.30215312496146174
280459,0.00877702911477253
280462,0.06698236658844928
280466,0.19532143923170878
280470,0.03626825578526356
280473,0.03678199766981419
280517,0.10940257472697709
280524,0.3252979560529513
280527,0.01735883728183943
280531,0.011708937237626919
280548,0.08023379856502764
280558,0.4676944400185441
280563,0.06080410802309015
280598,0.15390037043370514
280599,0.168765948420678
280603,0.01124719143318266
280607,0.038107172149819665
280610,0.2164800607363953
280612,0.12051887268992448
280625,0.022424798750811173
280631,0.028252168795140482
280650,0.14889202669308205
280653,0.5299927038502323
280657,0.04208233265753793
280669,0.010632197371178837
280675,0.028207739177349873
280679,0.0839719681199771
280685,0.00899671800403247
280691,0.04432332114153077
280693,0.022345243002605087
280706,0.09137263104879587
280714,0.01683344589134114
280719,0.20325914943612103
280724,0.06019366140041057
280725,0.01895146597155491
280737,0.07750178899710627
280738,0.06717513343783812
280744,0.009574839082506972
280746,0.19571412668349025
280760,0.1376547952762902
280772,0.1333146142438754
280777,0.11912980346560365
280784,0.023695745375629275
280785,0.04513030357495622
280791,0.03464860311074813
280793,0.018007863239298438
280794,0.011006509480865343
280800,0.06297492909617906
280805,0.03579397377360095
280806,0.041101678401727494
280815,0.21458283805096467
280823,0.011438753232442568
280831,0.023177184612976846
280832,0.03467785796842186
280841,0.058448557906329676
280845,0.04826639370037147
280846,0.017337375045304405
280854,0.01715203828178418
280857,0.00899671800403247
280861,0.04662177372449675
280862,0.08816696032386945
280867,0.1497933125323853
280877,0.05011187631699575
280879,0.12038332809984856
280890,0.03337903728921364
280891,0.2503832115376575
280903,0.4443649706708854
280916,0.048711523203857514
280929,0.012665406129081683
280934,0.06132508512262645
280941,0.1372675392771308
280947,0.04075509501111575
280962,0.056437339048241345
280963,0.19790719284674838
280966,0.03746005608435425
280967,0.027872961137732133
280971,0.3858185486099198
281005,0.02729059048056449
281007,0.09910993851394272
281008,0.022893819879342255
281009,0.028291951827932576
281016,0.02139433075034265
281024,0.12515599155788748
281039,0.1351889959339505
281045,0.009254483271318555
281054,0.13023133841918028
281055,0.09240108994175947
281056,0.062407555363788246
281068,0.13783305879743804
281092,0.03611949918929407
281094,0.013394028929675316
281118,0.3414095673781244
281133,0.018044559635241396
281137,0.046811827468363994
281164,0.11838299517579225
281176,0.011020927878927207
281177,0.01901892711394546
281184,0.05086260433237404
281187,0.12510535557425356
281192,0.03524672755268514
281195,0.1326953998764544
281220,0.04723784246246558
281222,0.10175085641333532
281227,0.027569225433935467
281234,0.04882785376522901
281251,0.06800522852424246
281278,0.02257954932681629
281298,0.16774018156705733
281303,0.2346826851788514
281306,0.21578314571174162
281314,0.028351703915961667
281320,0.02182956066329068
281322,0.04832047990348261
281337,0.06033589517509343
281347,0.23631625227905717
281357,0.03645285063695656
281362,0.05564895876873742
281365,0.04435245107347509
281366,0.039726571098875285
281367,0.044378999161767706
281373,0.041222737798101663
281376,0.02961827905893282
281400,0.15543184164529938
281417,0.014167681816958443
281420,0.013928990510610046
281422,0.059306955942430906
281435,0.04204035258998922
281439,0.011734481152548538
281448,0.04807260405299352
281451,0.07188103509131882
281453,0.013030885570374592
281482,0.04130203584437037
281494,0.1215919705287191
281514,0.028666564674658206
281515,0.03836139291849823
281542,0.11701751690713258
281556,0.08467593760014505
281568,0.0492306341577248
281592,0.02654095190982562
281593,0.009043919998931458
281607,0.13209977150468957
281613,0.047734725382854296
281618,0.23246206776438522
281620,0.19400573279024708
281628,0.21758613092271153
281629,0.028831951079981034
281633,0.03183277774109509
281634,0.042844592047034336
281642,0.029426799201767218
281643,0.039530315473895
281653,0.09372456171468334
281661,0.018782925158065292
281671,0.04154529928207078
281675,0.027881292839108757
281684,0.011850805743153768
281692,0.1313595142052739
281697,0.013575414720961163
281730,0.054702687493040206
281731,0.11042427498730001
281734,0.05983802529398983
281737,0.01393820016347028
281750,0.2179355855202781
281752,0.08133334336716223
281764,0.0714936006291627
281782,0.0775112154388967
281791,0.04396714029674277
281793,0.12090842106783399
281795,0.033808923310142174
281824,0.04201715279637
281831,0.08677344818065232
281845,0.028434963764837933
281848,0.010913042040821865
281854,0.04169999564601301
281855,0.05255201034606192
281867,0.04546346728593286
281873,0.018612059439643485
281875,0.013430121785219693
281876,0.22518750385188718
281881,0.010897997214366358
281905,0.015395224255697015
281906,0.09124643609664879
281907,0.04213605332002855
281914,0.10736070505144304
281929,0.011950082785329077
281936,0.2157271708249789
281938,0.009954408133553829
281940,0.012760278056375252
281941,0.06489188589572965
281950,0.023394825983034325
281954,0.014121020231042749
281955,0.16022372146673644
281956,0.0757716687707131
281957,0.018296628064585197
281968,0.07257870945686741
281972,0.20358661009977363
281974,0.03733354776932142
281987,0.010692091209326378
281996,0.17128422601217413
281998,0.05061636517383976
282002,0.014832813417751523
282004,0.029505595431327147
282005,0.02297924423894491
282020,0.07499071944224724
282021,0.0900105932046388
282041,0.07444878101379741
282045,0.05898433254529791
282046,0.022226339096217906
282048,0.026417073076212383
282056,0.13020671041461776
282063,0.028553148019947128
282068,0.13444607753153046
282072,0.04744481235676717
282100,0.04015553682436681
282104,0.03978003637302925
282105,0.04405788768798834
282106,0.030637425329129848
282108,0.021897595473646305
282114,0.1159787870707599
282132,0.07369986416605677
282133,0.029098066755536993
282136,0.06396998267225742
282145,0.1870614069790646
282146,0.20191934185208965
282150,0.049594557900053834
282151,0.03964224865204834
282152,0.19486666773154945
282157,0.2705012862594479
282165,0.03446184443400096
282167,0.01687203206391927
282178,0.051798984801272784
282179,0.05486918612889807
282204,0.013269321605691553
282208,0.021336333619716992
282218,0.02892355210171304
282221,0.3255644611399481
282223,0.015638860386615407
282226,0.010621074647222395
282230,0.04803149316341056
282232,0.09368560241506906
282235,0.013853066791515586
282236,0.04834192967645563
282239,0.04435245107347509
282246,0.009804177408203666
282250,0.21877016895071208
282259,0.023728044997585178
282270,0.013015939324855855
282272,0.011483967051894086
282282,0.1376034636141294
282292,0.022930260862553866
282306,0.036253149727480914
282311,0.04462469090852338
282317,0.18925584405356052
282318,0.02330014942529817
282331,0.04744480932999106
282338,0.13557480186194942
282349,0.07539998612267437
282350,0.15355941454315505
282355,0.017747185399262816
282359,0.3385228519592104
282382,0.02407392406774983
282396,0.0980921839842852
282399,0.08628519746969118
282408,0.021011449499142576
282421,0.04486367961525636
282427,0.04007632751142698
282437,0.020891084075893455
282446,0.02883843669084581
282448,0.009055558894031172
282453,0.016753351257671294
282456,0.06988469421576408
282457,0.13138976228966529
282465,0.19907161592103148
282476,0.07769090723688452
282478,0.12450970948283772
282482,0.03105741374363234
282485,0.14443654415608792
282492,0.08349772783909307
282498,0.18079614568884406
282503,0.00943657349431021
282512,0.16782535807062815
282521,0.10925054251318067
282531,0.2598750300090633
282548,0.027367195933069383
282582,0.03827141490875856
282585,0.031922574868129716
282605,0.02288855074492848
282618,0.011844864755907892
282633,0.01421334163442002
282642,0.13750167695838325
282645,0.10620494190354272
282647,0.10221725211290582
282649,0.03033194877977899
282654,0.04457007384798572
282661,0.12071062226136622
282667,0.015854056945743312
282668,0.09424152031007528
282678,0.04545654101992385
282679,0.2061930183733165
282687,0.02060343987943241
282688,0.04042922469047724
282691,0.04912380927013354
282702,0.010791589553230514
282709,0.024440044639663486
282712,0.04382106371161934
282715,0.15928608199366973
282726,0.010692091209326378
282735,0.031615179992831706
282737,0.014386323088513337
282746,0.20681624005302549
282751,0.008891499974611285
282754,0.4094872810979995
282758,0.12614631227846929
282773,0.35030461696019477
282787,0.01595466958774814
282794,0.01831258143854294
282812,0.012013885187082641
282822,0.22589263154229688
282827,0.09932543999371059
282836,0.023722347903319833
282841,0.02952882601734304
282854,0.10002502637647326
282862,0.025569195669964212
282873,0.07593636670305953
282890,0.06423795696566931
282900,0.23950749251891118
282906,0.057700813629597184
282910,0.11526464319250765
282915,0.014185643690680195
282929,0.011950082785329077
282933,0.024489687080110994
282944,0.09636059615794912
282945,0.025477989731173878
282950,0.009254483271318555
282954,0.02786902374125038
282960,0.014564559666349041
282961,0.12143269198792787
282962,0.037862878200372214
282965,0.15142396393382465
282971,0.08401518082685645
282974,0.032825065785975646
282975,0.010548105935612569
282979,0.023388425890253
282984,0.11371350693417863
282990,0.12436831212905901
282998,0.0563889051160662
283005,0.1521084157169062
283013,0.26174929778019607
283018,0.15300075915691363
283029,0.29966950495990086
283032,0.01704932450036013
283036,0.12663589554821197
283041,0.30326977183637654
283046,0.18278883528527543
283050,0.011661555064323354
283057,0.043806712387934085
283065,0.05724224371510067
283069,0.21950417529185162
283074,0.015514670437869726
283076,0.04408401453210756
283077,0.03516300590067743
283089,0.07729865677742961
283090,0.02898646207709301
283094,0.04149184965486087
283110,0.05105108979842597
283118,0.1968908354042937
283127,0.01115161106863528
283130,0.050841386196236085
283139,0.18867744391138114
283143,0.11865891094614467
283144,0.25064631212367017
283146,0.026662969654993412
283150,0.02985639162112978
283161,0.32656757541069836
283177,0.06509356843895539
283180,0.015174342311282238
283184,0.022682632031546933
283191,0.07070355386806974
283193,0.02032199776876247
283196,0.06811744547823106
283199,0.07020096489488771
283202,0.04807260405299352
283205,0.0108968075826517
283213,0.04442741757428184
283216,0.045717847545789385
283218,0.055324544561154675
283220,0.023904281706868334
283227,0.11694547032408957
283233,0.09144506773119433
283248,0.06916385462186256
283250,0.06330431666336664
283261,0.02880683590921975
283264,0.04140659779977608
283267,0.07307795908951922
283269,0.029228212204083566
283271,0.017370349303161718
283282,0.0988561155422322
283283,0.04551489411037114
283290,0.018081981126181625
283295,0.03718685130205517
283298,0.02195770810638678
283303,0.23700609256738217
283309,0.026539250282151365
283310,0.012307207257812624
283314,0.07567269720777951
283317,0.015485016498403243
283318,0.03334050882998693
283323,0.21372831455449437
283327,0.04334247023743765
283328,0.10620476304926382
283336,0.18005935525204894
283340,0.07489772820390436
283344,0.09684382429912988
283345,0.23967931385515784
283360,0.04077178614310083
283361,0.009242497232500198
283383,0.12853418138051215
283387,0.017784836783625697
283390,0.013439046741475853
283412,0.022341086319469686
283426,0.01966075534017575
283429,0.17998941458532403
283433,0.04482859753976172
283437,0.029606161602860025
283438,0.01198230893630561
283461,0.045884698585428
283466,0.016099738370949652
283477,0.013366873248747793
283479,0.07441761805442851
283483,0.0277171996852281
283484,0.04139447308067292
283486,0.05285319195182273
283500,0.024805385361795818
283512,0.12441018850634859
283515,0.04400721818878359
283517,0.3070276557982118
283519,0.01719823372068352
283523,0.030114933227639168
283528,0.1752514555677707
283555,0.10127366133504123
283565,0.035408426639745756
283572,0.03909245634583143
283576,0.021330404301039156
283586,0.23220598750736116
283590,0.036992788093929585
283606,0.09688173227764318
283615,0.023699925668392647
283619,0.037972509370595854
283632,0.2114019014943739
283635,0.034911168462852374
283636,0.016666106502188173
283641,0.14233129738270914
283642,0.02352568064693521
283647,0.01715329208137966
283667,0.01144739585594285
283683,0.05871594805099102
283684,0.07920262607394042
283687,0.06083124170288545
283691,0.04414414456523495
283693,0.10804628407811508
283701,0.027044548567401478
283702,0.02956770138303754
283711,0.19420766673171105
283713,0.29149736398006
283726,0.04978660707473923
283730,0.03347035627497728
283736,0.025509290898340253
283737,0.1617873132310012
283740,0.025806541894041867
283748,0.0546466423510681
283750,0.07762681490050324
283756,0.010451932467688888
283757,0.012749784838703879
283774,0.30087238719203774
283776,0.11261129621833905
283784,0.09570612125513381
283790,0.21563987219510716
283796,0.01827435534072739
283806,0.04207287520276061
283816,0.010471233742042101
283825,0.11809507475887833
283827,0.04633557567121086
283835,0.009158043715051568
283839,0.14435297087439164
283843,0.04715625302758476
283874,0.2785941091766112
283880,0.02258796616581779
283881,0.17331502045620245
283882,0.3994906148519415
283887,0.012685354935860394
283891,0.07993506977428547
283893,0.04501703138368728
283895,0.010386780224593469
283900,0.12461516632082259
283906,0.05839976938449939
283938,0.01128735415050837
283943,0.02157905937977282
283953,0.2171634394365743
283958,0.11401075437930197
283961,0.009055558894031172
283972,0.016487604545095597
283973,0.036546224660961676
283986,0.12847883111015831
283990,0.01187198891020904
283994,0.3176272042746742
284000,0.011185004956294906
284002,0.13510280013875803
284003,0.04947373714020318
284035,0.18966276999350531
284049,0.010852720647274963
284055,0.0112808448277096
284060,0.03760683866518723
284061,0.17950968993798982
284069,0.07884599301746978
284072,0.048637322461317814
284075,0.08413454918963768
284087,0.07791106905524084
284093,0.015614374967122239
284095,0.016628295432308503
284096,0.1307710448155816
284106,0.03218720094442741
284109,0.040143486042026805
284112,0.0754129396215287
284126,0.08878443262077566
284152,0.04231561636122177
284155,0.026561451168692702
284157,0.023172095084876537
284159,0.0865590919696811
284194,0.055130447418083296
284207,0.0822723590231319
284211,0.0403089061463226
284220,0.15840746284919058
284232,0.049038096832351885
284239,0.16601051833587827
284246,0.03554749392906805
284257,0.19254912589083978
284259,0.030073236719736485
284272,0.03980059353943462
284277,0.047767379398507843
284279,0.3090522590158307
284283,0.03145384151690732
284294,0.04497158974332009
284298,0.02295866359921505
284305,0.1807036717703836
284309,0.05184531026640347
284311,0.021867683415026835
284315,0.01442185728644744
284338,0.23832351971189697
284340,0.17878058923330792
284342,0.10894593866528521
284344,0.013151594168879063
284348,0.025592462239680973
284361,0.04330464717917017
284373,0.01548284001563674
284380,0.2535387667114443
284408,0.022888016461816523
284422,0.023637871437931675
284423,0.06913159307863387
284427,0.10161755689757664
284433,0.1827037322925388
284442,0.010676552014567974
284462,0.13481247697559912
284481,0.19441459273508943
284487,0.015614374967122239
284492,0.015264918145494175
284495,0.029576728663158903
284499,0.21189677512300334
284503,0.06685399398350036
284506,0.04610202460412667
284507,0.013192818837151236
284511,0.4172130504069204
284512,0.07847399130674443
284513,0.01210451948727467
284520,0.11336472379410076
284537,0.024793493108489696
284557,0.17635055569002062
284560,0.028266053067943026
284571,0.11790831754334281
284573,0.32271889831165257
284574,0.011165901662917022
284575,0.018870534868901334
284576,0.08289537084519615
284578,0.024640518279643975
284592,0.02861344035339622
284606,0.39639687922963185
284609,0.06653518337592665
284614,0.016255435749771036
284627,0.010517123853604817
284630,0.11039833519582584
284633,0.017366633100950497
284647,0.04512031067644705
284650,0.04367608549534806
284655,0.0467221588338167
284661,0.010888070585281455
284664,0.02102547206739076
284668,0.012109373989570462
284682,0.04895211610684159
284683,0.1342697593147659
284691,0.04292387786162795
284692,0.13405487236780486
284695,0.06313416737938705
284751,0.2581055136964585
284785,0.06933397725687757
284796,0.009307274592629342
284797,0.011271119692338207
284799,0.048516942756090545
284805,0.02014546132471227
284811,0.016180499488954544
284844,0.026036887258115204
284856,0.266202652521733
284861,0.05314157654493511
284864,0.04908264911808361
284866,0.06404625595558654
284867,0.03727062055695117
284871,0.00943657349431021
284873,0.011950082785329077
284888,0.2727925171877914
284895,0.010110983653735618
284906,0.04111179885921572
284907,0.08182865499982614
284908,0.03267034165889714
284914,0.02086897844639319
284916,0.025444300327382773
284920,0.12521455097595444
284926,0.02346745224608041
284934,0.0208115855265821
284937,0.02781605708489434
284949,0.0421095157542508
284986,0.01569957885977006
285002,0.05046937224938525
285006,0.10261932333487085
285007,0.09064709077845201
285008,0.05640242472347312
285016,0.014351330966388447
285040,0.010812354065203072
285041,0.009359701300739742
285050,0.0742890049320405
285051,0.018647387340690054
285059,0.06258138571369389
285077,0.0739383272097283
285078,0.1860491161467196
285097,0.013646169134442263
285102,0.12147036505432325
285104,0.014049094124940662
285117,0.11891892317413677
285119,0.0819959101390659
285120,0.013716799922750964
285122,0.039741299892415816
285131,0.08370463493233891
285137,0.01134034481345746
285139,0.02451363708402902
285147,0.043988514348667906
285176,0.012018192531505822
285177,0.0536893220139751
285183,0.07133096561585611
285184,0.03568565192899941
285200,0.010608982488059556
285213,0.12052644307023405
285224,0.07577567221830928
285232,0.07196106151215455
285245,0.17803263570452268
285249,0.016416585523475958
285253,0.04217730816465564
285268,0.024804726826471855
285276,0.010216201683156801
285282,0.11760868667287556
285284,0.3256060173226917
285297,0.0993399393164163
285304,0.04325907796216081
285305,0.045484362214043096
285337,0.019509988226908685
285346,0.019448447134652633
285349,0.012870487425193176
285354,0.09912383297320412
285359,0.08350859941373459
285366,0.21597866439846083
285367,0.15644757670061812
285368,0.16168076910340262
285376,0.09680295735269454
285382,0.00921458899420049
285385,0.21963504802639858
285389,0.04624104472971715
285396,0.01957829365716224
285398,0.08653958549232368
285399,0.044011033624025565
285403,0.0544860428223833
285405,0.09529397007883383
285407,0.12726124805239825
285417,0.105218748229109
285419,0.033515688695062766
285431,0.020274674167685157
285457,0.05788635763957765
285462,0.1984225208257447
285463,0.011600192497254021
285472,0.06700591088015179
285476,0.01002990629240116
285479,0.12159028003405173
285482,0.0492994301400405
285486,0.0854565132796979
285487,0.0443079511105158
285497,0.011055901318249566
285498,0.0905868646778767
285507,0.28368520164458055
285509,0.012299875145549857
285514,0.042281072610039404
285516,0.022814215788629206
285521,0.017007356996006875
285525,0.010471233742042101
285528,0.024407657791913128
285555,0.07381881556441287
285559,0.0322554067894415
285561,0.015874615256867987
285562,0.08002281843821382
285565,0.13659863451587445
285571,0.027540868862865893
285583,0.05993776283691103
285588,0.18594578212136598
285603,0.06146910776893314
285612,0.045507391068186895
285628,0.20367376029406312
285635,0.018599930274134358
285649,0.08783433001207279
285651,0.02288119150190985
285653,0.08701498957381203
285662,0.13260380289099627
285665,0.011271119692338207
285678,0.0340858211048703
285681,0.03368369377833442
285694,0.18822623619172785
285695,0.048724330186578055
285701,0.01993519634092957
285721,0.08511391385354793
285730,0.08206879467684616
285733,0.018666688683213264
285743,0.055782669451353864
285744,0.1132746231120307
285746,0.05814809894048274
285778,0.04878646898331707
285784,0.025813605091579355
285808,0.015230302716225927
285810,0.07966232915697662
285831,0.14116238906860187
285833,0.02437673110642699
285841,0.015798860333239937
285842,0.03915196403208319
285844,0.12506811260374215
285847,0.046717567303356675
285853,0.020379059586571817
285861,0.1111373581300178
285863,0.042171622045551097
285867,0.029138384967486414
285870,0.45870269766074256
285879,0.04203878795141612
285880,0.01166836875078741
285882,0.01417740101886721
285893,0.010576451771463284
285897,0.07739755686767699
285912,0.07154600655833676
285914,0.024927409739991368
285918,0.05608518198650105
285927,0.10864877456342974
285931,0.09129166337256577
285932,0.12335071772221413
285962,0.04590012726930706
285975,0.10617227789075448
285978,0.10746910893134527
285996,0.03927718711505198
286000,0.05464932410171436
286010,0.025896726319973373
286011,0.12894844939045477
286018,0.030194896367949708
286033,0.07063765951899942
286038,0.20999342379018807
286042,0.0643515526356702
286044,0.05059540250660488
286047,0.01172802863218424
286050,0.11844070290573083
286052,0.020712539569292206
286056,0.16041671756002335
286058,0.011516692476205063
286083,0.03878416213121267
286088,0.11575168839307029
286094,0.059208915782558436
286107,0.21262044951331932
286112,0.2176052068204585
286124,0.009574839082506972
286128,0.10589886973202149
286141,0.047967846437190056
286146,0.15886799955419106
286147,0.07962375835755306
286153,0.011865941132317257
286163,0.0472878753638077
286169,0.042295652951174594
286175,0.06499793306025436
286185,0.021480555070584457
286194,0.044230710999373805
286198,0.06349661266461828
286201,0.0390918905471104
286202,0.1569996252507347
286213,0.06393876350537303
286218,0.08554345678722919
286250,0.012451853749895698
286257,0.12494895802781472
286264,0.08485958183218303
286265,0.07687131986921
286266,0.023082469086480522
286287,0.047195171317756315
286292,0.014900649290133813
286294,0.052173523657955745
286295,0.16219901640388265
286299,0.11366093064783209
286300,0.1377516092262859
286302,0.10002502637647326
286310,0.12917901481772504
286316,0.03398169539171698
286332,0.12044853663981163
286353,0.11947976462307057
286354,0.02739494378262816
286357,0.019923569741606174
286375,0.01149448216239317
286382,0.04591933402702861
286389,0.10705019565422183
286404,0.01161540118282748
286405,0.07815291071377031
286411,0.04007184372226968
286412,0.02675742588217602
286421,0.16104818549106698
286423,0.03382639843727679
286426,0.08194588468741634
286433,0.04145510171526355
286438,0.14139085177343677
286441,0.028538410668482155
286444,0.01128735415050837
286447,0.014265302685525907
286459,0.16984295510513
286473,0.04914761229913212
286484,0.027814467747837284
286485,0.5173658550607853
286501,0.07252208220372827
286502,0.07325551702379865
286509,0.029715365714792923
286511,0.35914206389022024
286516,0.2996924214629521
286547,0.36360161670675456
286549,0.04723299953972994
286553,0.0612818047444232
286558,0.023857994124884867
286566,0.01783698781835529
286572,0.02776208856898052
286582,0.03253079699439988
286587,0.01839425960183626
286590,0.08140305519802041
286594,0.13627445928802123
286598,0.019798131794268016
286602,0.022185688520668573
286608,0.20451291659890866
286610,0.02892355210171304
286627,0.04464593654650599
286661,0.034506431712837446
286664,0.10490583999621646
286668,0.02033075522294624
286683,0.022321283804657727
286684,0.011438753232442568
286689,0.025014410176230916
286696,0.036794792034348746
286697,0.04010299824495199
286703,0.10490216755471607
286705,0.027292022684819173
286707,0.0447423570742502
286708,0.08392547696079572
286711,0.021917840950998947
286714,0.04364840985582687
286734,0.05928979811467503
286747,0.028841073386486882
286760,0.10494812344834441
286763,0.02856914738741287
286772,0.019828886871790474
286773,0.021762227440342084
286791,0.02964818023504015
286813,0.12845201745915422
286814,0.05147184348737958
286817,0.018419949871216753
286836,0.014106353832727786
286838,0.04090034713620413
286844,0.017609867390334686
286854,0.08085753800746882
286856,0.04050873512349201
286859,0.03633082343567672
286864,0.014971985036128118
286865,0.12793431832216912
286868,0.18950452066413132
286881,0.1206337912563131
286882,0.07123821207363513
286888,0.020295741815516292
286890,0.5572096090725034
286892,0.06362304249683334
286895,0.03346198107909103
286906,0.051350409283329755
286924,0.022243665199226787
286930,0.020316396792082574
286931,0.10328751733896782
286942,0.07195860820562437
286955,0.021958339235830383
286960,0.05553752822275321
286962,0.06270799996192773
286966,0.028884993872087213
286967,0.009275247783291111
286971,0.03868652924184715
286983,0.027716870748493383
286985,0.02805027451394233
286986,0.1082113765295046
286987,0.19848699907481565
286992,0.05679395191601612
287003,0.04454226106631049
287004,0.014274202459006157
287006,0.04794691268928312
287029,0.06804472188739033
287036,0.01921345006482455
287038,0.0890760824821758
287049,0.0242404169724543
287050,0.012360038648273557
287057,0.01775255757178476
287065,0.011135026540931585
287066,0.19430665173386408
287089,0.16118989648648432
287093,0.3288248512883631
287096,0.18083344854978395
287103,0.11871525873243682
287104,0.10586684378335583
287109,0.01797802339880198
287133,0.4060823556623375
287137,0.023474799151387678
287141,0.35889850593603245
287146,0.04378155646052946
287148,0.00899671800403247
287177,0.02177428533819961
287184,0.015656884287428185
287197,0.053691784546700615
287204,0.16449982088761855
287206,0.11767868015177943
287208,0.05477600316307335
287225,0.03000273135781752
287228,0.011395239988613717
287252,0.14383258929710202
287260,0.011424523051287102
287264,0.10716743267178593
287270,0.08357720965772816
287271,0.11727966569846011
287272,0.016240390592626084
287274,0.06150172557615667
287280,0.0187665943438606
287281,0.0789063929251799
287290,0.0330235836124469
287298,0.015949128787461384
287299,0.12759626502104326
287301,0.012360038648273557
287314,0.04555389330274605
287321,0.08728700037553104
287322,0.025601782714765535
287329,0.12119670740973362
287331,0.13156174471487514
287337,0.0461606481929253
287349,0.04609022285483847
287358,0.07619037289467681
287370,0.23757812601923872
287371,0.027627241159030556
287376,0.013413188383305056
287378,0.028798614869470145
287386,0.15436193448689947
287394,0.09041827292086209
287397,0.025808001691620286
287419,0.028642157222098997
287428,0.040382169038686445
287438,0.032746256495804406
287439,0.04407446272396811
287449,0.11287124913255406
287450,0.012597221014517651
287460,0.12041775454057779
287472,0.197886245562305
287474,0.20673343428826346
287483,0.02892355210171304
287495,0.06368484068439599
287510,0.02469848122591723
287512,0.015933974296256606
287530,0.03018693056825971
287531,0.010548105935612569
287543,0.05055649066731517
287549,0.10732280882406883
287564,0.21111020038149708
287574,0.03395561977740842
287580,0.02736908464327864
287587,0.05871392706054228
287594,0.050066552481649026
287605,0.10878361196848021
287617,0.13158865524909785
287621,0.025336866724940045
287626,0.03761432860877659
287629,0.08752006679384466
287632,0.1170997535973847
287636,0.13272440269698738
287644,0.11640553058774065
287648,0.08553473137031756
287666,0.058677334726080735
287672,0.031088791461573784
287701,0.11412395444282868
287708,0.027359688575962056
287718,0.06792290287285421
287724,0.21449048155331946
287726,0.01421157186214897
287729,0.08929063992112275
287732,0.08438250571737554
287733,0.011543971261863751
287734,0.24912426777727292
287750,0.08907090101028807
287755,0.16825787980860613
287762,0.1271473890702393
287764,0.02064161722724167
287766,0.011042681891854502
287775,0.020591878512040748
287781,0.02241270414499564
287785,0.04236355986458988
287789,0.02092614350625333
287792,0.21251567889561934
287796,0.009333883837516004
287804,0.15435486890875577
287822,0.02578275405741142
287835,0.02453086946280313
287840,0.06552280449901579
287850,0.06135046064125845
287851,0.04932489885845842
287852,0.07679593000599351
287858,0.06543017889405126
287859,0.022580966803276002
287860,0.10329901060566504
287861,0.10356207329903652
287866,0.018059766972007202
287868,0.124050472623684
287873,0.1107593525026308
287876,0.0626827356705705
287877,0.024407657791913128
287878,0.018158899780084677
287879,0.13705825100433394
287883,0.0564595953188574
287888,0.009319807023621675
287894,0.20919952365910727
287895,0.031162290087187978
287912,0.08656448672262684
287915,0.08517918649247799
287920,0.011081448145468391
287922,0.07708966602150877
287926,0.07828730005450778
287929,0.06385374704252637
287931,0.10161006060303719
287936,0.047242868936696714
287942,0.06954449549907053
287946,0.08141599139519747
287948,0.1584976907699381
287963,0.220549905902632
288003,0.0095374027094465
288005,0.011977920122020718
288012,0.08104522635193087
288013,0.18152941956613539
288026,0.013770289430717769
288027,0.01901892711394546
288031,0.075255165000475
288039,0.011770241518777291
288041,0.2050574055263675
288045,0.11321593221660604
288065,0.1814390942768908
288068,0.05629335144335099
288079,0.0919950306036126
288084,0.5328996735248018
288111,0.12878164281845644
288129,0.09663765692938679
288138,0.5584450677127724
288154,0.32884961508819255
288167,0.010431339464924031
288178,0.05908376827935495
288184,0.046186795908389235
288193,0.010185188154234862
288203,0.11316993748980764
288207,0.24199254094516204
288223,0.1060783395368082
288226,0.11897627685344633
288237,0.026181116007290683
288257,0.2831897594370215
288259,0.0673966018598876
288269,0.09314171704271482
288273,0.025471466476075733
288276,0.03973456089403272
288280,0.06943317518524332
288283,0.08684023473618
288291,0.08483001049412828
288299,0.0614384963152267
288305,0.09582451930207955
288316,0.013392169565659076
288322,0.05452169171292737
288333,0.011049396296300553
288337,0.18692028212463513
288341,0.024464892598912963
288345,0.03789562027861386
288348,0.026935208812504653
288350,0.044256413976711616
288353,0.12437975073079141
288372,0.06107472675607476
288375,0.19300535746348912
288395,0.025736447758535553
288408,0.04384563788774033
288425,0.04333574947223603
288430,0.16888537858241856
288433,0.0683268870932658
288459,0.08273323847215587
288462,0.10173017257957948
288463,0.092500037168613
288470,0.07855069627334717
288472,0.13129422478728295
288475,0.017691665344159085
288495,0.31882585357108956
288517,0.12002650652692679
288530,0.16180888070392246
288535,0.1056702231945752
288539,0.04220077492112649
288540,0.012600722807954651
288547,0.30219773946527584
288553,0.06518120352836013
288555,0.2399509215832126
288556,0.08201304330223759
288562,0.024653918047872703
288564,0.04913610462988048
288567,0.19482227849658876
288576,0.011271119692338207
288579,0.012657457425172183
288580,0.13942166191180455
288589,0.02587965979117114
288596,0.13118222693250994
288597,0.12003514287253021
288599,0.02685649917239021
288601,0.016362131061433624
288617,0.022390760766415413
288621,0.11776965617510268
288635,0.018169671198243
288656,0.01073667150334726
288666,0.020684739971827987
288670,0.1216136236636343
288671,0.02196683437891367
288673,0.027698889658508318
288678,0.13440256423260005
288693,0.2052928350536641
288699,0.04023766069226734
288706,0.13535450873375077
288728,0.02253384359411642
288739,0.06528582534722062
288741,0.034891130999105346
288755,0.02670072921147986
288763,0.021718962824214066
288766,0.05045471182241924
288775,0.18857264785973663
288780,0.010653323965033752
288793,0.09304333504179915
288811,0.036994727089050765
288821,0.10509377826778225
288829,0.07698478887710973
288835,0.010827871769785422
288836,0.04081945933215238
288838,0.19420204807493674
288851,0.04389607655505735
288853,0.020726065333072273
288854,0.02026820230310812
288855,0.01379396989858071
288876,0.028613813711567477
288879,0.12169859323771197
288884,0.34767770253625657
288886,0.02798564259660912
288891,0.06368484068439599
288898,0.05990055451720534
288911,0.3121686675295966
288913,0.011163144878491111
288927,0.030184254239268765
288928,0.030297899721484882
288931,0.10963252943054191
288955,0.02777048095318015
288961,0.019258238954721625
288969,0.2875334870680635
288971,0.08032497281506872
288973,0.15525680690274343
288982,0.05753678913192317
288983,0.01662632974695561
288986,0.03853877277275961
288992,0.06788928694556091
288993,0.01868556817753028
288996,0.0596940610093318
289007,0.13674460166479735
289008,0.04715830649005667
289014,0.025548176745225394
289015,0.06256491175117278
289016,0.024710968500442604
289017,0.029337419452565194
289028,0.01103498990030723
289030,0.17563936283374815
289040,0.04071789568213669
289048,0.028185517845810297
289051,0.15870307059249059
289055,0.010491998254014655
289057,0.012897239391484095
289062,0.17304389479667245
289063,0.07774150582940438
289069,0.06335932030671541
289073,0.0214919919948639
289074,0.030410225798457174
289085,0.01935593082112757
289092,0.01342518987183445
289097,0.021586867693665773
289111,0.051199092353290045
289112,0.13798556035658976
289116,0.03704847960289217
289123,0.031028137585528758
289145,0.4432113897004964
289146,0.08558296547095216
289158,0.1033990953661305
289165,0.10717074670218238
289166,0.10652710211847816
289167,0.08746224311161707
289170,0.24712138704870118
289193,0.07357343979853477
289198,0.020204552109416768
289209,0.06095262979197784
289211,0.02907121456670811
289215,0.05074323098412932
289220,0.086914261293388
289232,0.06389548387883086
289244,0.08415231526460877
289258,0.030034704112395144
289271,0.02991244349358463
289274,0.10773690446434651
289312,0.21033277491669183
289321,0.13106511997197062
289325,0.07369391612730496
289333,0.04253664066521184
289340,0.0841441734520129
289368,0.014206038898464626
289375,0.054252415625028624
289380,0.1064022699388896
289381,0.027518216215327972
289384,0.07241031106463654
289403,0.012797082618627706
289408,0.040687749085021506
289416,0.01178964524422814
289463,0.04930019178061499
289488,0.06959409938087363
289495,0.20373064176274477
289498,0.04165473278897072
289499,0.013202372591875799
289515,0.022400165629610964
289531,0.014903918404161812
289541,0.10620322723867699
289554,0.018039874356516796
289565,0.04427248815719968
289590,0.022942863083200905
289596,0.12200236185046406
289601,0.11690195628317665
289602,0.021539986311420282
289603,0.05464090600857981
289608,0.06265506964347342
289622,0.10892095976706961
289623,0.020248681668200895
289625,0.015966496778714135
289634,0.04442753946578308
289648,0.13981792723370928
289650,0.018923756020831652
289662,0.10093419726371466
289667,0.21075151552724555
289674,0.009331355464889024
289682,0.010797309238747561
289702,0.03192059972052904
289706,0.017383222097157223
289709,0.09963965505666686
289716,0.14059138877122354
289725,0.010959004378550807
289732,0.04485625700967906
289743,0.036586018380824106
289762,0.012960928943462027
289766,0.04837958398511993
289770,0.0919785412944538
289775,0.2310002988593077
289777,0.0339585798824958
289783,0.04876593506795946
289797,0.016374925645872326
289798,0.010063564041822876
289802,0.07148255436676963
289812,0.12354359733295246
289814,0.011616812343471295
289819,0.06215500040130125
289828,0.1599117366006308
289831,0.10353650551518404
289835,0.04253656504630742
289844,0.07615990050477597
289850,0.022440780514888174
289851,0.09979111563286922
289865,0.03755169694024092
289869,0.11349685715184606
289891,0.13032555903649565
289907,0.022914804861215284
289919,0.022988680619781137
289923,0.1286982515216059
289924,0.06534541829725947
289927,0.06749833846464173
289929,0.1282352988721716
289951,0.015484459950488267
289959,0.01898324477646264
289964,0.08097756070918806
289965,0.04277917979862529
289966,0.02584092971213937
289971,0.05350073565551498
289988,0.06616970526856768
289989,0.03356960060071289
289995,0.4220348918768725
290005,0.15862609545175482
290013,0.18571405939115943
290031,0.18257838973216206
290036,0.10440347124554625
290038,0.2304037857744819
290041,0.17618468044735214
290056,0.18148893361579815
290058,0.05633376752220526
290065,0.1293292575893398
290069,0.06660551347218509
290070,0.0159057890695983
290074,0.1565744888128596
290076,0.07484449561447237
290082,0.08553972128006976
290105,0.01988490810875402
290111,0.02077336169408752
290114,0.05666584142579728
290116,0.07620040355391294
290117,0.05777707662917746
290128,0.13374021969709826
290130,0.041159916769539014
290139,0.07657897183201531
290151,0.019928579765629135
290154,0.016706668812357123
290158,0.10510042848585563
290180,0.1312431287252474
290183,0.05186182549030718
290190,0.193009350679588
290191,0.25024862413633747
290199,0.10970217972834469
290200,0.11811389096102105
290202,0.027641046802279624
290205,0.22185432521565912
290206,0.00940685362373636
290219,0.12715784773612296
290227,0.009804177408203666
290232,0.026996266692553512
290233,0.1926297553473249
290242,0.10770532389167178
290246,0.01840091923234326
290247,0.04712530806335072
290257,0.09921574568661924
290259,0.09486214090651332
290260,0.03777364974715739
290270,0.01281437974359526
290273,0.05035897258966904
290276,0.21879511327452775
290281,0.3663584392591899
290296,0.034210017539839974
290303,0.04527631430826769
290306,0.11711086935287074
290331,0.05515131474642147
290340,0.05379124157081655
290349,0.1768755683303128
290355,0.03954574700615225
290365,0.0793592182938272
290379,0.2018082911656764
290389,0.0213335259150104
290408,0.049566235853005486
290409,0.16176390053698253
290433,0.10723698072486217
290437,0.1053361784400069
290440,0.04825753883651242
290448,0.04828800502812446
290466,0.014163296669963044
290467,0.027606857242093896
290479,0.02022525196575558
290490,0.061714613558369734
290492,0.016582918956873863
290503,0.0364578389452165
290508,0.02308466254041678
290524,0.08996816232119242
290526,0.059497027180334075
290527,0.036528834925502275
290541,0.10056693123530817
290557,0.1019462001514789
290564,0.08448153983809079
290572,0.02117688011931389
290576,0.3028848612671333
290588,0.018649516898300827
290589,0.03210826134419087
290595,0.049640180416384294
290598,0.036747669289113785
290605,0.12639774024855355
290609,0.014474890983351604
290610,0.0140542216012465
290612,0.08719477055352656
290634,0.04121169958862965
290635,0.1644260771810563
290644,0.45691083070590793
290672,0.12823810552257783
290681,0.03567016243332808
290693,0.11680528777204033
290695,0.01294733504701064
290702,0.02236566547172038
290703,0.011836522420044916
290711,0.30203589468452197
290713,0.15267194052837024
290727,0.12103955360167643
290730,0.034129001845544474
290734,0.08773181601517635
290745,0.08279220692229924
290746,0.11624730107121384
290751,0.07788149496615189
290758,0.012802471102978547
290766,0.16997418815617343
290784,0.05919993165409532
290786,0.011070160808273107
290813,0.3167461511115023
290849,0.201335070574496
290852,0.013485281712668107
290881,0.3987763151309338
290884,0.012994470072966852
290885,0.04987481034923834
290889,0.022754172903008383
290911,0.048175717562302205
290913,0.20912274402385975
290923,0.027789530801120826
290926,0.008894233183012074
290936,0.1043967992394125
290941,0.09302442740488334
290945,0.06044734326259086
290955,0.01717597497847142
290961,0.061181053563383006
290964,0.03621215241737326
290967,0.04159185225376673
290970,0.018968344841421528
290974,0.05357649914609203
290976,0.034221364803425275
290978,0.013297046068541745
290981,0.012013885187082641
290991,0.042791382220150734
291005,0.026813937287767837
291009,0.015103488188122469
291011,0.09074612515614942
291012,0.21393302245908016
291018,0.28481092211712106
291023,0.024666726107354653
291028,0.10345286650047365
291034,0.08165445497117806
291038,0.05333877941877742
291039,0.12546355268316103
291041,0.13684871128823706
291045,0.02421608279078245
291048,0.06030814083873441
291052,0.11704295934298292
291055,0.0228556971276061
291082,0.06433654554846695
291085,0.06542372439022208
291086,0.011645292762913182
291094,0.044563693851635694
291103,0.10095703486361947
291108,0.04726683196202121
291110,0.1148487065463755
291113,0.030174298304491216
291117,0.016307475577456418
291124,0.06061102297769575
291129,0.021006967767260958
291142,0.12566630662757763
291155,0.1917664150715585
291157,0.08950839007681963
291177,0.01681407795829247
291178,0.02448674594919785
291180,0.014487994861400465
291188,0.390144913982444
291198,0.041805673518865605
291200,0.01287759969728225
291202,0.016820040523789697
291207,0.016028394786801545
291218,0.012975705454614355
291231,0.11424503758954604
291232,0.06368939665727216
291240,0.01050538590738664
291241,0.20902593963649546
291245,0.04464291924714117
291256,0.010386780224593469
291273,0.14859990998878028
291274,0.18643507624252292
291277,0.10566865537537187
291290,0.1255358792326991
291303,0.029443693150894838
291310,0.01964752933020292
291311,0.07307795908951922
291319,0.24425614056999537
291324,0.10755272609875502
291331,0.06352363812364158
291334,0.04287414025015188
291348,0.199213277403042
291349,0.34092693515267974
291359,0.026073018880333955
291365,0.013354144548170336
291379,0.0634408026288216
291396,0.012693857657635805
291411,0.03725827852489752
291424,0.049212253566436624
291425,0.009574839082506972
291428,0.0935619195612043
291446,0.11234182314676835
291449,0.011271119692338207
291461,0.07328600591924701
291465,0.025196992897109034
291480,0.12602691299484928
291486,0.02538107954460823
291487,0.011408196594179902
291491,0.010635983527728463
291499,0.014343570531223149
291505,0.06424374871006303
291512,0.13079737826964583
291513,0.02446082783452453
291521,0.028155439272052864
291523,0.008615703403753432
291543,0.11645601349261472
291545,0.027701062908052715
291546,0.23971609925931986
291550,0.03569042726547542
291552,0.013032011127715487
291561,0.08517459213303862
291579,0.06207613559677322
291584,0.27769545777897486
291586,0.0255748257771505
291590,0.051344777526012964
291592,0.5556081740641
291593,0.01884358846218482
291599,0.037536824303931
291615,0.01125544354085803
291617,0.010356762882203345
291628,0.15815889185615126
291654,0.04157633563644944
291658,0.24710846300026632
291659,0.020106545878346087
291661,0.25054693375473136
291671,0.05831380377803852
291677,0.010386780224593469
291689,0.12089531472274848
291693,0.02546150954440532
291695,0.049049753220114824
291696,0.1399020115632182
291697,0.03560605594105353
291702,0.029218943669534907
291711,0.010195437171184247
291713,0.03781740808903587
291715,0.08378456444229374
291718,0.049357559973985686
291733,0.024029900732390815
291742,0.11287803864496412
291748,0.030606342592983293
291765,0.012382276887161937
291771,0.050207976880007055
291773,0.11163783263481666
291788,0.03738624411120523
291789,0.1541379950754467
291796,0.10506648106745031
291800,0.11506217156866898
291817,0.01851316238412213
291822,0.18676984930325966
291840,0.24992536484196465
291843,0.043905370278028176
291855,0.21901066886699067
291858,0.013530407901255637
291870,0.034793858582417216
291872,0.013396389247978733
291874,0.036731309649926186
291883,0.02107343609354916
291888,0.05304986705755147
291894,0.04357553058145777
291901,0.01082557222065202
291928,0.1052696998272686
291930,0.012086712823785373
291949,0.013031365664512896
291951,0.06472663509046125
291953,0.01979821960857581
291955,0.04350171338856061
291963,0.28879039954336877
291969,0.05303657666193649
291980,0.09771177316735316
292010,0.01299764007121795
292022,0.03359004398746697
292023,0.043552575486175645
292031,0.01541844858283476
292034,0.023525599407642744
292043,0.034262336504820974
292049,0.084558067952174
292055,0.08341941059738098
292062,0.05658046490047397
292070,0.039237637413201396
292072,0.13833210349244907
292073,0.011575770675642569
292082,0.14677869611939112
292096,0.10433353500147484
292098,0.06892712246627672
292116,0.05647828301868367
292118,0.07844486100125869
292126,0.09201760730753664
292128,0.0488220326942239
292137,0.057948843482404144
292138,0.031948534382680666
292142,0.11487494996133055
292149,0.1857323958775503
292181,0.14156789884016338
292189,0.010749453030663431
292191,0.040263389895916296
292205,0.06745504801071649
292219,0.07857073008999092
292227,0.02183296574421321
292231,0.19943797261446894
292238,0.05924654489472263
292246,0.02563248030231504
292248,0.07615490546707551
292259,0.08426971091360527
292261,0.036748228943640625
292266,0.1042260363542989
292267,0.023917560867385262
292272,0.043484493268442795
292278,0.2538798508752424
292281,0.03459585737793052
292286,0.028997741959444007
292288,0.19334482454814556
292289,0.02508165343230167
292304,0.07211312689705403
292307,0.03757762322246609
292319,0.052245070135419215
292320,0.02241356775261239
292325,0.05785375869575886
292326,0.2004242483306334
292331,0.010498390712850044
292332,0.010521512667889709
292333,0.010791589553230514
292334,0.0423371344751432
292337,0.045845128342319116
292338,0.20541525777355035
292342,0.01950740287911575
292347,0.032159633012963575
292350,0.08892487065389815
292355,0.014651195612144133
292360,0.013451326766196422
292362,0.018775372834446257
292363,0.13833833824624153
292364,0.02798564259660912
292383,0.22613026998508406
292397,0.10433277466164163
292409,0.18096067270673988
292417,0.06507128570310634
292426,0.012284846539873604
292428,0.05043449337507448
292439,0.19628078989087466
292443,0.09950538036719908
292448,0.048733230358266606
292451,0.027811513922777302
292452,0.051146602601529034
292456,0.011731930819017373
292460,0.027969452314237937
292463,0.0954215012378872
292464,0.139156716153462
292476,0.06469309852290875
292480,0.07050770756632971
292483,0.038177197682577116
292493,0.03752194737874764
292501,0.2370113803249375
292506,0.01566942534859091
292508,0.010498390712850044
292513,0.09513204563872349
292525,0.03636497570287597
292533,0.106366867196689
292540,0.1420426298611748
292541,0.009158043715051568
292544,0.015509156937701055
292549,0.046105060875354806
292550,0.06370845658250711
292557,0.17610383591589798
292558,0.013649672442464558
292562,0.026577252470477857
292564,0.009424934599210495
292583,0.17564512792272452
292612,0.0732185445281898
292618,0.015071297367641215
292623,0.2542446259001704
292631,0.010737777482482381
292633,0.1163255958269163
292641,0.023311090607940496
292643,0.028888501600120436
292649,0.01936495259988347
292650,0.09741117226941089
292651,0.13411448916128527
292655,0.06466153704667102
292659,0.036749299127455025
292677,0.021958339235830383
292693,0.021958339235830383
292697,0.0492914091037087
292700,0.07076247160031651
292702,0.029609235636310093
292710,0.010203500053860282
292727,0.2230749294694593
292731,0.13991081845247494
292732,0.0683518861479352
292734,0.011025812768824302
292735,0.008891499974611285
292737,0.015591329968514195
292739,0.1068137661425409
292741,0.014264948612181787
292767,0.011693318367512369
292778,0.013530407901255637
292807,0.19813356439273527
292813,0.12823155536340275
292834,0.15592787579017578
292837,0.021678131495058338
292839,0.022535307235294084
292844,0.07731419228405657
292869,0.01556745769534985
292874,0.013813870728231864
292892,0.03324145628401043
292894,0.06524369646793107
292916,0.21738915162965683
292921,0.08915275040448634
292925,0.13266361032939414
292929,0.14657431930018938
292933,0.028082936311690537
292935,0.07495371470152151
292938,0.041754043593383694
292945,0.11858302906329163
292946,0.0597679885645218
292953,0.09385527016942426
292966,0.1858588609136533
292968,0.031206364959292753
292983,0.015515858845363764
292988,0.08395358818615131
292992,0.013225811006791674
292997,0.046251461208636935
293002,0.0288577221361904
293013,0.01216336279134098
293030,0.23494122912020626
293043,0.2928102035114046
293070,0.2418379563062934
293093,0.011194328145626244
293103,0.061037675311780046
293104,0.010272309364754716
293117,0.38866218896350124
293123,0.0844358768528601
293126,0.20933366594548267
293128,0.010692091209326378
293136,0.026880611863685934
293142,0.03033744630147699
293146,0.2924803438721317
293149,0.2747461204128448
293159,0.04065125223265334
293169,0.02527679980787777
293172,0.04560233555411229
293175,0.022025800378220932
293176,0.06537900323920975
293192,0.010536557494345218
293213,0.06263726543585313
293218,0.0638842259119003
293219,0.1954494234352715
293224,0.0614023808285505
293225,0.03470506299118732
293234,0.17523212839732757
293243,0.04930819977542967
293249,0.017770099979653155
293256,0.03906061697169561
293276,0.1518770481789594
293283,0.38947971354446087
293295,0.036524535184264746
293308,0.03153371440644549
293309,0.1160143203302518
293316,0.0365691977652791
293326,0.07554546374252286
293330,0.020367946110299063
293351,0.11448097326995854
293361,0.01633242503818628
293366,0.32321933085426907
293376,0.10194253178396233
293377,0.02713622643939199
293382,0.044399413973460575
293383,0.061229931946853944
293385,0.04585668902740011
293402,0.11298479343542298
293403,0.09525747616477082
293405,0.024398773619244724
293412,0.08084779534088665
293430,0.019414636719011284
293435,0.012093889817092085
293438,0.022346901181151384
293445,0.05243113042828883
293447,0.11707218410875886
293451,0.07083140681032603
293463,0.010726073876747882
293471,0.02858607049154991
293482,0.05889911154558146
293485,0.028158218223683206
293493,0.197376063018704
293496,0.019940159054697263
293505,0.21951468436323118
293507,0.04122167738768413
293508,0.0864197766825939
293518,0.04575798951840659
293524,0.03070650767566587
293527,0.042879705974468225
293537,0.020501398058179715
293542,0.11086880996158358
293556,0.013073862880352546
293560,0.1239722920548852
293563,0.3499864404228035
293565,0.009902238330803777
293597,0.16318544371470006
293603,0.018125734909891507
293607,0.052063113152022854
293621,0.018281116831492115
293622,0.02018005927528793
293623,0.06713628053479441
293636,0.20350877741625792
293643,0.05960157413577509
293659,0.08238548680661675
293678,0.030571899398300774
293679,0.06442669883856895
293681,0.02615453283044413
293684,0.05957644990164945
293692,0.03500353142073317
293696,0.016521520643494162
293733,0.011851602276247363
293734,0.015981976079677003
293745,0.05799107584447331
293751,0.02199815819376798
293770,0.2201655940034585
293778,0.07190223346703103
293789,0.009691243471313147
293809,0.0215004239397332
293815,0.010797309238747561
293816,0.12090764114463153
293819,0.0796215202868975
293822,0.05886536633245172
293846,0.24324832349934922
293849,0.009695574816510509
293850,0.030608698494926905
293851,0.10339898690744156
293860,0.018086552984670566
293863,0.14386454857221737
293881,0.1419451143155875
293900,0.04665807172654023
293907,0.06018774054920063
293915,0.010910869604031724
293931,0.011593078798284678
293935,0.03983434339665804
293942,0.042564291233188986
293944,0.21998495082314032
293967,0.06053764209802119
293968,0.12260957650208579
293971,0.010491998254014655
293972,0.04628943933477017
293974,0.04605673177885368
293976,0.07803081787228416
293985,0.022399300058123656
293996,0.1762065255356412
294004,0.014262994285874298
294007,0.13150149510772052
294010,0.0191923321230731
294013,0.18771385741643307
294016,0.0651777031770427
294018,0.1666393043960888
294028,0.20546755804140204
294041,0.03815578401358704
294047,0.017540514834213733
294055,0.037779422073448615
294062,0.04345511951779698
294069,0.059173361179519636
294075,0.17098521067214953
294091,0.027422819256211078
294108,0.019837391733427568
294116,0.061946750095025115
294125,0.05515640843031457
294129,0.022242969206406532
294130,0.009716339328483065
294134,0.010471233742042101
294135,0.06904135443992943
294136,0.09254040202718417
294141,0.03315547066397976
294160,0.011117686103626297
294164,0.04038823431583299
294184,0.07349096771068647
294191,0.0334611081925057
294195,0.05376722262107396
294199,0.009574839082506972
294208,0.21134291123792762
294221,0.010615691320709731
294225,0.12174951083373517
294230,0.041245826682470565
294236,0.09546266927481527
294256,0.024974751553938877
294257,0.00899671800403247
294258,0.2981698658021673
294282,0.047841053015013776
294287,0.07860899862449482
294290,0.01900415567142722
294300,0.04668689805670113
294302,0.019248256515843852
294313,0.010803617067832826
294314,0.11967876807950772
294322,0.029297951987078196
294336,0.08534083681314722
294339,0.18984453552543734
294348,0.03970960099943943
294365,0.25947126087156314
294373,0.130026556184675
294383,0.027095490159916268
294403,0.017096166442247495
294406,0.04016893539055683
294417,0.5631038067422033
294452,0.3139402710826197
294463,0.14027360503093486
294471,0.06915920942155752
294486,0.010660677790620725
294501,0.11847209365905356
294504,0.19512633678672803
294509,0.042636343594683615
294511,0.043650884177860484
294519,0.014450310251133889
294530,0.12107197356800606
294532,0.11610978351756991
294547,0.19561201312174342
294548,0.025260677667944775
294554,0.013151594168879063
294577,0.08641375848793709
294578,0.025107076796270555
294580,0.05010876599012609
294583,0.05886432961843234
294592,0.028732225958988174
294595,0.023098078036245556
294602,0.015769818224318704
294613,0.19241995049037114
294617,0.013057405712803172
294631,0.3502757847642632
294641,0.04426346522489301
294653,0.09641361845863972
294657,0.04013547285398628
294661,0.150569393471694
294665,0.009052825685630383
294668,0.019165198864568127
294671,0.057377110129706546
294682,0.029110907565266703
294685,0.014700807441924913
294688,0.0448845084291471
294690,0.4825000497155493
294698,0.027942577657251395
294717,0.09102586915438685
294724,0.04341948043073084
294726,0.011708937237626919
294738,0.09321194195555395
294744,0.06079715061324374
294758,0.11035689014923145
294762,0.010946269262734646
294776,0.10076750124896103
294777,0.036550578256727626
294807,0.08402310249065041
294816,0.10578046904978873
294821,0.014690840170841237
294825,0.06034379846453327
294834,0.04287362418926384
294835,0.03453047255403751
294836,0.09015504335377057
294840,0.05816877251642747
294842,0.3091089119112914
294864,0.022578513713576814
294874,0.11832496010364761
294880,0.11586135413676997
294881,0.018566481603608177
294897,0.019322849952749428
294898,0.058047666070679536
294920,0.10376023752430068
294923,0.06275945985789591
294926,0.041649530983189485
294937,0.08634309005712927
294941,0.04532194706626198
294951,0.13937886316368986
294952,0.010391658510550232
294953,0.02010411175190962
294982,0.07959471001927679
294989,0.04399731734920721
294995,0.14699834001519227
295009,0.12905890059301878
295010,0.11720893307241935
295013,0.02022525196575558
295016,0.030271301621743414
295022,0.048759950510345616
295024,0.06795980513533366
295040,0.23293305818261825
295045,0.02807874057299093
295047,0.08156519183378584
295056,0.0743945422735955
295073,0.10633811566732938
295080,0.031411718508887215
295093,0.02728219390147445
295094,0.14341911592541617
295095,0.03568098436553733
295107,0.009804177408203666
295116,0.07727543330076661
295140,0.02299435638204727
295150,0.31633318232738566
295154,0.20815022473456976
295155,0.19057251374278106
295162,0.04312286888922472
295163,0.02745075507293742
295168,0.29192552942969596
295176,0.03273606999391792
295182,0.045914017319587
295183,0.13620352315172618
295216,0.028743057209129886
295219,0.024847003862701823
295239,0.03831581968761959
295246,0.014830267123987675
295255,0.07962697043872612
295257,0.10394425945708556
295261,0.010881762756196194
295263,0.02644636706599072
295265,0.03676515166882432
295274,0.14192105171605518
295281,0.08045603864107384
295286,0.03603078417522344
295299,0.059102517108089433
295304,0.010896871218080247
295306,0.03659429387669859
295321,0.04172983688681476
295339,0.0651231782218928
295342,0.024523664195293483
295346,0.1116247256589509
295348,0.08380834651153542
295354,0.02516022293784246
295367,0.05815368449657547
295372,0.032596564554461686
295373,0.03171779218523531
295374,0.06477148749512548
295387,0.0097448344720573
295389,0.11436958162061381
295396,0.13099395615658985
295415,0.07892662272693494
295418,0.08999441062197806
295421,0.047611148738103945
295425,0.014874149862425776
295431,0.027376271358555932
295434,0.03587822307147423
295443,0.12458307777665212
295453,0.02624221731946168
295473,0.0133033758837065
295476,0.03405095116530189
295477,0.1062529815136409
295488,0.1449242398478516
295499,0.07523207599704276
295504,0.010491998254014655
295505,0.12611076670084428
295524,0.021829688582732636
295529,0.060138943175132444
295533,0.09223543259581367
295534,0.012994470072966852
295549,0.01564059243387457
295565,0.024408764893030416
295584,0.046349142504519075
295585,0.041082280172312864
295597,0.06595432697266199
295599,0.15973252199015436
295604,0.013319868310675428
295616,0.05061366545596517
295635,0.05125617284763142
295637,0.009415808982337655
295670,0.008720921433174617
295678,0.03355915532289498
295701,0.0330522121535893
295711,0.21112888922066553
295713,0.15465527809556118
295734,0.12419053513423058
295739,0.028157494414185934
295750,0.044405356738336
295773,0.3917873972051463
295783,0.11973003354694922
295787,0.031818652621927145
295790,0.056903491530052974
295795,0.02231158274546478
295820,0.014600928798290983
295821,0.07499693155972552
295826,0.01684352918901799
295836,0.02856914738741287
295837,0.20305312623704186
295842,0.03476417759436164
295848,0.014349008534212384
295850,0.11707771977787289
295869,0.03643282006515387
295871,0.11165128822294093
295873,0.10866683119323724
295879,0.02393408103178793
295880,0.16275020180363944
295892,0.037026359820227665
295904,0.41165264008118846
295907,0.013993419895837267
295908,0.06479458560794737
295913,0.024275890249948907
295918,0.11413712860437823
295921,0.21704469887766442
295924,0.24904180211060076
295949,0.01922009789012
295953,0.037036773538444805
295961,0.023980684048984218
295968,0.09636531400678462
295971,0.11751115931882876
295985,0.04408289750867958
295986,0.05628307159834671
295987,0.04389771247184558
295993,0.08159407920213128
295997,0.16022748418732444
296005,0.11523242970722032
296007,0.021483117012709795
296012,0.12450200081305121
296022,0.07239351446780248
296024,0.009158043715051568
296032,0.023491511573971335
296034,0.011803373907474836
296062,0.015015034333953542
296070,0.0115682390818586
296074,0.030514344449477464
296084,0.015227997650835424
296087,0.011672184012179137
296088,0.04375453658660785
296089,0.11675995071167586
296143,0.01497936789184696
296172,0.015568280641727678
296183,0.0421095157542508
296185,0.01101021278346871
296194,0.023318408657754995
296199,0.2703572080989665
296204,0.19924040155899841
296206,0.1877874603611395
296209,0.13327147305799023
296229,0.13371426124135175
296239,0.009437809549224423
296253,0.04216461387229369
296259,0.2783072644030754
296264,0.013530407901255637
296270,0.32931624814946436
296273,0.18304151612732703
296284,0.05880393062329313
296285,0.11685246962449769
296287,0.01590239603053514
296288,0.04305131377616286
296292,0.06659482264358821
296300,0.09631479854903835
296301,0.06867450266949311
296321,0.2160398554476512
296324,0.04865217099554917
296335,0.20950596507672398
296348,0.013259844361335186
296354,0.017978477647251134
296369,0.10838154789444451
296376,0.05659759684371655
296391,0.02176122960185758
296393,0.050887032439819714
296398,0.04601906502199737
296428,0.08385237476639817
296432,0.09823365843564079
296433,0.058598529801079144
296449,0.061686633806296166
296450,0.04636070837490397
296490,0.06465492419701192
296498,0.11396749795177472
296499,0.024187453311327173
296500,0.05077971236180351
296509,0.201681052356062
296514,0.021575859214306388
296518,0.0299396483451534
296527,0.010360186956870611
296532,0.016270058339131754
296541,0.013365062390756372
296544,0.09588331135648712
296546,0.009052825685630383
296573,0.31740445423248975
296578,0.024067560722711025
296589,0.044981387497024426
296594,0.11121072956513389
296616,0.130150922616528
296623,0.03353756342714459
296624,0.06225468168838035
296632,0.014031294333599367
296633,0.04218206799962633
296639,0.1822771336042021
296647,0.0568487515587582
296656,0.21410136679886302
296678,0.017540514834213733
296679,0.09728162981159373
296695,0.0405926954592344
296696,0.12808717751941262
296714,0.02631111860985692
296721,0.047742042956655135
296739,0.016180499488954544
296744,0.4321052408820969
296747,0.1238942726499028
296758,0.0787849097573929
296760,0.024359555283651836
296766,0.03549063462975058
296769,0.009052825685630383
296776,0.013425086340096612
296780,0.04352225003705622
296782,0.279019170602479
296790,0.10637794431759914
296795,0.030242777391371073
296801,0.00899671800403247
296803,0.11435542189067308
296806,0.06028183740824215
296811,0.05115463567921047
296813,0.010653323965033752
296818,0.2223506376399768
296822,0.033110533454426175
296839,0.0653620963064755
296848,0.011815333251760167
296863,0.14796478327134674
296871,0.020058466272424115
296872,0.3145734256301306
296877,0.04190106158727598
296882,0.08510855027000833
296885,0.05360146583965666
296903,0.23207246680545707
296906,0.05615817503902225
296912,0.020232291978024432
296916,0.04166632572891723
296922,0.04288319728197524
296926,0.1773317260553907
296927,0.019785389768440693
296935,0.0564340510369566
296939,0.014072945059792822
296942,0.03744357458562138
296954,0.11533292569802256
296968,0.04112238357429563
296971,0.036881188569946106
296984,0.08419172135250219
297004,0.019075589626586776
297011,0.1375674262077457
297017,0.04016635292430204
297019,0.23740125763668582
297021,0.017787193808393043
297025,0.01706612717185851
297033,0.0891844618273224
297038,0.20881331283920018
297042,0.5290343085067122
297065,0.01370045750410091
297089,0.022609679548100687
297093,0.11842810579427734
297098,0.07667638220418808
297100,0.010613450741606006
297111,0.04010299824495199
297115,0.1113089845530425
297121,0.14123681242203265
297123,0.27369740395639763
297129,0.04193087150017142
297132,0.010922055963416714
297139,0.0850264564343635
297147,0.21036731618695734
297148,0.25100739691377644
297161,0.08106545520863305
297167,0.013140285454922351
297171,0.027975590814682032
297173,0.0191271114380837
297179,0.015925204163756517
297189,0.21447731039000315
297200,0.011135026540931585
297201,0.05033037170492425
297220,0.06140685408459423
297229,0.122897466383501
297234,0.016087319814783264
297252,0.21259096670035532
297266,0.18834774341649926
297269,0.012971316640329463
297276,0.09450336854106779
297292,0.013657355493827253
297300,0.13787819158655548
297303,0.010692091209326378
297305,0.09933521872537979
297307,0.03771291261850689
297313,0.09742019484092478
297336,0.07176573310957128
297340,0.11861914101022078
297344,0.019599331458656763
297349,0.012953859042260974
297358,0.03753464108259675
297363,0.108728864290589
297369,0.033087796453638796
297372,0.011003215243787544
297380,0.12404442043802
297384,0.03221673862194714
297385,0.22915652668710793
297389,0.016819751637603
297390,0.08481240106407259
297415,0.055973863541918426
297419,0.14248211703282002
297421,0.21676467647754363
297424,0.011167910890819081
297431,0.044230710999373805
297447,0.09342920555542218
297456,0.051852297877640494
297457,0.04970074459701878
297463,0.027139052365904626
297464,0.1120395061560453
297474,0.03372013313975204
297479,0.02774327052935193
297480,0.26203971860296604
297494,0.017385203427484248
297495,0.011319580301484906
297507,0.010431339464924031
297514,0.048453279495481553
297515,0.013190951191722266
297516,0.10204074127932514
297521,0.027938656931942096
297534,0.028716111417211497
297553,0.009595603594479528
297575,0.10939368361073572
297584,0.13037702939930104
297586,0.02302680337151729
297606,0.013192818837151236
297630,0.022578513713576814
297636,0.025074211599265032
297646,0.03254007108626872
297650,0.015322642273394948
297651,0.030718032773993365
297656,0.013942019035623221
297675,0.04655049568623222
297681,0.05847931499909871
297699,0.013489182687031878
297702,0.09711094023666636
297712,0.09715737953079594
297718,0.10695381793171814
297730,0.17661107612310367
297731,0.030276687067837642
297745,0.009585804371887984
297768,0.1934809205158639
297771,0.07965679811259865
297774,0.036045821011204356
297781,0.03575443491058081
297786,0.11834504702816459
297798,0.22339535826322493
297809,0.05653704917516693
297822,0.03311593655449717
297828,0.027064007421612597
297840,0.0527469459393972
297852,0.048452119083785515
297859,0.010635983527728463
297868,0.04121310123289676
297883,0.10398270359913483
297887,0.010632559453061198
297896,0.06641658055748831
297898,0.025572951436362495
297917,0.19479659869476285
297943,0.009574839082506972
297954,0.06298757672831888
297965,0.020468761098070394
297992,0.014251805732390465
297993,0.030066174023644393
298001,0.07354940018628627
298005,0.11590439559611665
298010,0.013952565368192324
298013,0.014332239242381847
298014,0.16922548213483135
298015,0.08317412442780805
298025,0.20431243520724163
298026,0.07714558116551815
298032,0.13070635531173774
298039,0.3225539202209402
298049,0.05211613043639537
298051,0.009158043715051568
298058,0.18002419925225457
298062,0.020355938568299436
298070,0.10331932744716325
298078,0.051231409175040356
298084,0.27867556624783096
298108,0.1077139017044048
298113,0.12458893586879335
298115,0.12756155795129104
298126,0.021907112615477804
298131,0.01281437974359526
298134,0.04501061028493295
298135,0.04448714865808084
298139,0.00899671800403247
298142,0.015672826161805282
298152,0.022429697938998218
298154,0.027283560846466527
298155,0.024355369812238147
298161,0.2240979107732103
298165,0.20337140068174472
298166,0.19504907891685103
298171,0.03799948890968455
298179,0.048568197682211066
298182,0.048393986066891104
298187,0.02191771914011472
298192,0.048828934913297255
298194,0.033304205406292586
298213,0.11817171558991246
298215,0.2097270121152627
298216,0.039445536669670336
298217,0.01531250742939525
298223,0.05389054085479032
298256,0.07434109157250912
298275,0.013197983176628056
298277,0.06350761199761844
298279,0.029000481460463978
298285,0.07972699570645628
298286,0.39326494249408267
298296,0.012407549467647836
298309,0.11187264368689678
298312,0.030696941209773093
298323,0.03587822307147423
298330,0.011560725849187062
298340,0.051722694174603845
298341,0.017209358996518577
298349,0.021958339235830383
298353,0.01809186422228093
298363,0.031209751765098596
298367,0.010547743853730208
298378,0.07370399750037766
298380,0.047845643797747237
298392,0.19935963579538957
298395,0.08423612969664065
298405,0.09618341925115524
298426,0.1868484052736139
298427,0.03482912421774921
298444,0.022103987484744188
298450,0.011020927878927207
298458,0.019734960515261284
298462,0.01770716113942019
298463,0.010676552014567974
298479,0.022814215788629206
298480,0.05660339463425549
298487,0.026266779774315914
298499,0.019620592830371993
298500,0.05992261462505081
298506,0.03869464351704358
298507,0.016920493447077082
298512,0.1220673290524511
298515,0.07081747173910886
298517,0.03948998522777779
298532,0.32035090714194275
298533,0.047514297622273535
298560,0.046770604371913035
298564,0.02495353751794504
298567,0.21270649581397238
298568,0.039333364328507384
298569,0.17361419497491676
298570,0.3041879650702287
298579,0.027606432255049808
298583,0.028678733224156296
298591,0.03765472092884577
298593,0.20286765171417603
298600,0.013836679025127049
298609,0.01089010509205917
298620,0.1295694387834214
298622,0.10755272609875502
298628,0.02182956066329068
298633,0.04650849265187078
298657,0.13151742185645782
298669,0.0335366253833788
298671,0.12806211872396875
298677,0.035987299038749906
298692,0.037205059104272895
298703,0.016388083633704576
298705,0.01445951506418652
298711,0.03065278223023577
298713,0.07996391688384533
298757,0.16321471668494872
298766,0.01294643205292596
298768,0.21030508563715217
298770,0.11568205012418205
298776,0.29288838032844894
298785,0.044984031075960294
298787,0.029887892373350766
298792,0.07946409451814382
298795,0.03374442231894618
298799,0.02265520623866376
298806,0.1461420241064681
298810,0.1283959915926444
298818,0.07807427500794935
298822,0.094439675697744
298823,0.016772856984820162
298834,0.010561324091061518
298837,0.08695681867514347
298841,0.03865485473653327
298845,0.030373591650542785
298852,0.08205414341539757
298855,0.025426621015753843
298858,0.09350682292471876
298860,0.03820269140394281
298861,0.010791589553230514
298863,0.009595603594479528
298866,0.075989174522314
298873,0.17918645945808417
298880,0.09174081966394337
298889,0.04137760498411548
298896,0.19904424011604321
298917,0.2006658450843565
298929,0.05159626684118981
298940,0.04899917553681449
298946,0.20199136962628753
298949,0.012884283992419277
298966,0.12416090742819727
298984,0.050964913566331996
298994,0.01278422685137089
299004,0.2626090081359047
299012,0.025857309105514613
299022,0.2078873689413257
299024,0.027044548567401478
299026,0.022086279716049817
299035,0.039980123634590956
299036,0.028975353892948818
299039,0.02977579477029803
299061,0.18082401527780942
299064,0.11676436263474102
299067,0.07356006806408423
299074,0.12593744461142267
299075,0.02071351118686075
299078,0.12909595784869082
299109,0.31097625491200215
299117,0.13086839045413587
299121,0.025391471822149965
299127,0.20538475974234185
299134,0.15868298314937376
299136,0.032489553460469965
299137,0.12299595140089954
299139,0.21446920608551778
299168,0.009804177408203666
299176,0.011073732237999057
299184,0.05585298542888438
299188,0.07771629978035288
299191,0.18904918085830885
299208,0.10677150484485014
299229,0.014459247724722504
299238,0.07530841687151624
299241,0.16744293446575703
299257,0.044506700337858536
299260,0.027206697973983295
299264,0.1062328081291453
299279,0.10917971407811737
299308,0.015875680746296368
299310,0.02384032157491967
299311,0.04827070630872744
299317,0.21072208835947537
299325,0.06664384985236663
299329,0.05189754655939004
299334,0.13445008914073733
299335,0.11423702750062004
299339,0.05213712716805833
299351,0.11008235960595089
299352,0.0103775273941759
299365,0.2027645198829505
299393,0.08681852018405872
299400,0.0368872796262227
299404,0.06153501862431249
299406,0.05160363717373011
299410,0.21702719499466827
299413,0.12436091828866067
299434,0.38612098807102135
299448,0.022909466752974998
299463,0.06728304703886531
299464,0.15940730393846586
299470,0.084426368625779
299480,0.039635391023998205
299488,0.012801458268936148
299496,0.1977237021689472
299501,0.045419194924472314
299504,0.20234554667272833
299532,0.054613878220955314
299536,0.0553122689953958
299550,0.08157137871869932
299554,0.07297779574113647
299564,0.07722935717083439
299577,0.040788354533812576
299581,0.03100868486819646
299594,0.04439900283126522
299632,0.021326888918565417
299633,0.10906280226878107
299650,0.2729426255878483
299678,0.1081752963865604
299682,0.047842191873241284
299705,0.11654570729912794
299719,0.10572539944110648
299720,0.08748791319198015
299724,0.10226742533152658
299730,0.020608882564032274
299750,0.03166787018434402
299766,0.04188525776433644
299774,0.10167659406771404
299787,0.02397622846672622
299817,0.032442704799819935
299818,0.22853859363424198
299826,0.02894856991317769
299833,0.024011667169797447
299845,0.08746282430736019
299847,0.5318751874426615
299850,0.06296156925649286
299866,0.0957992579231306
299869,0.02815381857537107
299870,0.05956590464163225
299874,0.020720658672891863
299877,0.11660215423996625
299891,0.18095352193448327
299898,0.10332754688430626
299900,0.08704130892680756
299904,0.03306775221673182
299912,0.04695288353482536
299914,0.0501710239968314
299919,0.01534915884258257
299931,0.04497799708378035
299934,0.07068724137729884
299941,0.3352084849050263
299946,0.023612170944281537
299947,0.06183183876902802
299972,0.07885703567396632
299973,0.22357130983692186
299975,0.03991425158610655
299979,0.053136726891025374
299981,0.020268335887961068
299983,0.20894663541319666
299985,0.051447213655831825
299986,0.02848772175541135
300011,0.18942282476515745
300013,0.0420384725517857
300028,0.009595603594479528
300042,0.02940435633039944
300043,0.11309208047018753
300058,0.1486654394582834
300073,0.02289938538929545
300075,0.049212253566436624
300087,0.010677753291553401
300090,0.036975471012913805
300107,0.04271711249386318
300115,0.013649672442464558
300119,0.009145948881610244
300122,0.2736735512610942
300125,0.08993805471164687
300126,0.08655499299672241
300137,0.49471711534889123
300139,0.05530351361519102
300145,0.1315914285359799
300155,0.039758975526565765
300169,0.008894233183012074
300170,0.0553122689953958
300175,0.02687141045763187
300177,0.11697775377900019
300186,0.04007470002116629
300188,0.010332159403019852
300194,0.028010302195023568
300207,0.06456487146214634
300210,0.12166409899555812
300217,0.10874468197865687
300221,0.011431050317720515
300235,0.02186816106307084
300238,0.014548131740081318
300240,0.2561450682176642
300241,0.02856058434269615
300249,0.016328528466837123
300255,0.059183101384770585
300259,0.033550562537431376
300272,0.0214161246905613
300274,0.11967746314106827
300276,0.11941963514896
300284,0.01892637058240155
300293,0.015065868077203764
300306,0.024965470739396232
300310,0.19416994394005876
300324,0.08708553319846873
300339,0.010922331243035703
300346,0.012420539625305826
300348,0.04687339107466693
300354,0.014173180948160766
300356,0.016750196927191187
300358,0.049162240737688004
300363,0.06888077780514248
300366,0.11983544900795454
300368,0.04054597691104918
300370,0.05720328891731739
300385,0.14022473326232357
300392,0.21646760110163704
300393,0.09600141806780689
300403,0.1058166655589109
300411,0.11594108609494616
300420,0.03590459667024947
300421,0.07985493497375246
300435,0.19104779798379
300437,0.07648440884272197
300440,0.04316747328802337
300443,0.05805327215884516
300456,0.30602786946531924
300458,0.07808256895654163
300459,0.056333050285737485
300460,0.01618294869924882
300462,0.08455475753221611
300481,0.06231912874831429
300486,0.12700699565367649
300488,0.028177417381022318
300503,0.07288285948241899
300506,0.05891870636364214
300517,0.07014880716056818
300523,0.012447784721637507
300525,0.014830267123987675
300526,0.1408329160073465
300552,0.03802451185580711
300560,0.06880184866774383
300570,0.013569623599614541
300583,0.08247693378074174
300585,0.0996018208456665
300587,0.04589095784337272
300598,0.09264736785521102
300600,0.03970676461222834
300608,0.10072275504695385
300612,0.01287004434167697
300618,0.026178752564306122
300621,0.11270544167487026
300640,0.019034262729401737
300641,0.10157238207319448
300651,0.029119663897201338
300653,0.0280826559661801
300667,0.022345243002605087
300678,0.022025800378220932
300680,0.04987481034923834
300687,0.03628584826984008
300702,0.31999406981389955
300717,0.07418304995647713
300722,0.01866617789560886
300723,0.024404651360189395
300732,0.05707436331824728
300752,0.03215207474406809
300761,0.15625882694700394
300775,0.08601282440052072
300786,0.12894775606433406
300787,0.014043418192891465
300788,0.05963386478321232
300789,0.08152766529286168
300794,0.07008055237708295
300808,0.11740438224977894
300834,0.011041692390899764
300842,0.07732301165422459
300844,0.20830959735081384
300850,0.05874365210321929
300851,0.24981921343681543
300854,0.020446245293304632
300866,0.014832965197358935
300867,0.011938275563323612
300868,0.1152871907297526
300882,0.1604993033092202
300883,0.033029716229486576
300891,0.095378298221277
300894,0.010720437045177096
300901,0.13529618888555997
300904,0.07256096969787881
300910,0.12512332061900894
300914,0.09579643560059795
300918,0.046620239933223985
300948,0.3377240871797885
300954,0.05304130308785051
300958,0.14798397514115488
300959,0.018995145127794405
300970,0.010431339464924031
300971,0.021907112615477804
300975,0.09956571033428306
300981,0.02947530680677194
300983,0.08406488290730528
300993,0.4877071113358844
300996,0.01365406125674945
301001,0.011058285074997114
301005,0.03508129907287705
301010,0.19206181596062452
301021,0.5230349011472141
301026,0.022653548060117462
301029,0.023405268592779013
301032,0.06512008600311776
301061,0.22984708894503467
301073,0.01573708410866409
301083,0.04057796777255502
301089,0.084103357519861
301093,0.11279391083552728
301098,0.029560310788217685
301103,0.15996251186588853
301105,0.12795385263341846
301112,0.2441608760870551
301120,0.015349590689071418
301122,0.026683421299326097
301124,0.1869656212941581
301137,0.026805720944685967
301169,0.05001418293295771
301173,0.061510073910665396
301177,0.10441068437448701
301179,0.012808224091322113
301180,0.13893336013803936
301185,0.01821507982681679
301195,0.3318128758246088
301199,0.037836458708068545
301201,0.030648689483737824
301206,0.05322391178934305
301209,0.07052670689868071
301210,0.025589751291269298
301216,0.21598548120388586
301224,0.18968075144731628
301226,0.06121446904182041
301227,0.044230710999373805
301243,0.031769788402721676
301246,0.011020927878927207
301248,0.04914551995633751
301252,0.011005048256851748
301259,0.10189514371140351
301260,0.026820994539772873
301267,0.012371665872447623
301268,0.04949851570730589
301274,0.023985630066490952
301281,0.02260276837768463
301287,0.02716530609149568
301288,0.013627058166277281
301299,0.014388185846221332
301304,0.010521512667889709
301325,0.08261974754705123
301327,0.12542912589265293
301331,0.19499022463432658
301332,0.04665240852179324
301336,0.025189457834185684
301345,0.13368004406585965
301348,0.01480528745919942
301356,0.05615486237518711
301358,0.05284442758317627
301360,0.010726073876747882
301364,0.06414380670058036
301389,0.025832496948393197
301415,0.021330144616014103
301421,0.23827546835508903
301422,0.042504110093403755
301424,0.04663907255096004
301426,0.01921345006482455
301433,0.12220595133668581
301459,0.2222327598229647
301460,0.12108491782252195
301478,0.044961880815047456
301483,0.023957617911460873
301493,0.04626589103369836
301494,0.014230204747843778
301503,0.026964016644531054
301510,0.07164347853687969
301516,0.009052825685630383
301530,0.08170805535981518
301531,0.02167526757262822
301549,0.016613733394999185
301550,0.057472134133641904
301555,0.08571254468352771
301573,0.022623626547499436
301588,0.02622991991754368
301593,0.0670753089962124
301613,0.11486806726726226
301625,0.21282997286865254
301643,0.07983724021461239
301650,0.01774611688642225
301651,0.08756526255854176
301652,0.03865095327383429
301653,0.10931982542340098
301665,0.03546459821265664
301684,0.02631626172536115
301686,0.21359758330110368
301694,0.11399058940635828
301697,0.02856914738741287
301698,0.06011202876928466
301717,0.033575628609889184
301725,0.029104888997563534
301728,0.074948729243116
301734,0.02261810399314091
301749,0.07235265482969158
301761,0.19062887871857032
301766,0.1952161273688453
301775,0.29952508555584717
301782,0.15051984747406025
301784,0.12861668165606754
301787,0.028694376919220627
301789,0.14087294543547657
301790,0.05028992716002767
301804,0.12125501255577538
301806,0.03248983505222257
301817,0.06770860020482922
301826,0.03473319580305816
301837,0.053806857034439104
301842,0.020728846802317034
301848,0.013047100866722288
301859,0.14162431843744183
301860,0.02853744630855598
301867,0.061097093594218
301877,0.0095374027094465
301883,0.028683099083128223
301902,0.03505712684348643
301908,0.032010150649946
301916,0.014556308710867938
301920,0.028731710969674123
301921,0.017969917575772536
301931,0.027968988787233327
301939,0.059255889525906644
301941,0.041145887145873264
301943,0.01162775772008153
301949,0.022594580015329897
301955,0.09429183917958309
301963,0.040664923406031624
301968,0.027190267249894852
301975,0.11979833960962212
301988,0.06825664831166313
302000,0.08199629112646507
302005,0.010667170810501194
302007,0.049830751668341194
302016,0.1897860058410526
302028,0.0228029187457759
302038,0.019334205580400967
302043,0.010745131308069356
302051,0.017450643361101366
302056,0.010117376112571009
302063,0.19621978317534575
302072,0.02089718801151872
302074,0.08354948996285425
302080,0.009490385565058341
302093,0.07600271944453782
302096,0.07742358757704872
302123,0.010881762756196194
302125,0.013177087841344448
302128,0.012858865363467437
302145,0.12113197855732032
302146,0.0563994802574022
302160,0.07686080132296344
302166,0.036811601717324255
302174,0.026325183200612612
302175,0.034981549134825665
302186,0.23675296538188717
302190,0.04695749421479874
302202,0.04206715952198588
302207,0.054033096302653905
302211,0.018519968784377665
302215,0.019775318217697298
302216,0.0596541811905445
302217,0.02022525196575558
302225,0.4215868554602757
302231,0.0421660141854376
302233,0.03064255953172742
302259,0.01730241055678803
302263,0.0572133860964642
302281,0.038870798739002135
302285,0.015492699049501901
302288,0.053626780096976676
302292,0.30880152125290217
302303,0.08409575647212915
302306,0.06427653806889433
302309,0.07892400761386893
302332,0.014155394442053415
302341,0.011324312771763729
302350,0.13862169697560206
302352,0.10726166425425876
302356,0.07447133214463156
302361,0.02273141903078238
302364,0.18302674797595725
302373,0.010258091350515124
302378,0.0713806448862719
302385,0.025075885591335084
302389,0.07005225202052405
302393,0.1970096392144137
302403,0.017138364893941625
302422,0.02010411175190962
302425,0.046771074571105756
302431,0.29898815243408017
302443,0.07519454658142187
302448,0.01841631340498332
302449,0.07926941728869238
302455,0.12403523078325511
302460,0.017690162407039283
302462,0.03127221741330535
302466,0.026014127642933604
302467,0.07738430170061732
302470,0.18976812681615823
302472,0.03208388801677015
302480,0.18945121374282756
302481,0.015258508808083635
302491,0.05682218008097707
302494,0.011563943286240047
302503,0.1942181434256114
302504,0.13835016773345604
302507,0.10278109230298185
302527,0.06623007232818165
302571,0.08835644371975579
302580,0.11112898307445455
302583,0.03885296804111042
302591,0.009719723890755035
302601,0.04365774596839697
302613,0.03091195989108004
302621,0.04229901098159157
302638,0.02988910183916816
302639,0.09723717552960398
302655,0.04510630515284967
302670,0.11352511193299783
302673,0.37258171393073564
302675,0.035839250467342314
302691,0.05241898764229273
302701,0.0301105043660768
302705,0.013672475707106599
302727,0.027116012994109283
302750,0.023836543983658764
302751,0.04807260405299352
302757,0.13528203276339235
302758,0.23042169057292167
302761,0.10869685567116809
302767,0.08268179737496056
302787,0.02036619651825152
302797,0.017721082680942683
302799,0.14752424197548925
302800,0.04354248707870364
302815,0.04852957676721515
302826,0.3597631861344044
302827,0.012595292601442463
302842,0.010540390028143233
302856,0.013513796849567012
302877,0.04013215356181201
302879,0.09238021023472263
302881,0.01410267501751208
302882,0.05787453943319545
302885,0.13699077826025388
302905,0.04404375796439214
302911,0.010471233742042101
302916,0.11415401704644071
302919,0.2928591072317114
302947,0.029342838236761405
302957,0.061368635696989526
302968,0.02539630770651281
302978,0.08572921809284886
302984,0.07853119529572596
302991,0.011578750706721817
303007,0.03836508144890012
303010,0.04223805943152529
303012,0.1718732872146797
303013,0.215282229387123
303024,0.020969406505613887
303027,0.05333829609737613
303034,0.014639992977287061
303036,0.08748129130921381
303037,0.05016159915779057
303050,0.04113593035795002
303060,0.1578937712771956
303062,0.023273320384075574
303066,0.01675229113995821
303068,0.09723562554048913
303077,0.15273134254458548
303080,0.023239927992527686
303082,0.06473670044416675
303083,0.01089010509205917
303085,0.040978261058403034
303087,0.06208607066289488
303089,0.023258012160598095
303103,0.010515792982372662
303105,0.010996150762088687
303106,0.1262708676112862
303120,0.043191927178635695
303121,0.019208540925326697
303127,0.03961450228731953
303130,0.031472484471306426
303142,0.010720437045177096
303162,0.07958021108457361
303169,0.0814247439217107
303189,0.016330420835315308
303220,0.02941481463086295
303222,0.15220843143194634
303223,0.043046918111968584
303227,0.04866242260825864
303262,0.029505595431327147
303264,0.018175495286199266
303277,0.03886814740609846
303288,0.011395239988613717
303292,0.05364814911770429
303294,0.13132623178879566
303301,0.5535954848629658
303312,0.07935828574029441
303328,0.04791371629903825
303330,0.015821335552149672
303347,0.015708763931065527
303354,0.017847265905030947
303356,0.01049247055896848
303362,0.0359186382809249
303377,0.09813041919453473
303386,0.07965607220296393
303393,0.010707136035781885
303397,0.012223475256933214
303403,0.17590660952969622
303413,0.00899671800403247
303416,0.09990217550268742
303428,0.04759018830512582
303429,0.05757649899289648
303432,0.026870039855572802
303446,0.13290774644590347
303455,0.1312227427226372
303464,0.022217921921751004
303465,0.021438896415397556
303473,0.11088798704999905
303476,0.074296164801206
303479,0.14799677142944775
303482,0.023083340161659156
303484,0.09673049909419752
303492,0.09537555019782505
303493,0.09754538052271805
303497,0.08405080676406392
303498,0.0692541145607578
303499,0.04772562413618725
303509,0.013907219760351437
303513,0.032698264113943096
303524,0.010548105935612569
303525,0.20328075381936003
303540,0.028779604283106313
303544,0.03561291493664427
303548,0.034451985195240516
303551,0.024512652413276482
303569,0.06078330127489366
303584,0.04208961741536789
303592,0.19327080925629445
303602,0.13207638513272552
303607,0.0765764545102404
303619,0.043478684293786055
303630,0.018139104100216654
303643,0.4829214538555847
303644,0.08788534864881839
303670,0.1207639454532772
303671,0.04646065930372188
303678,0.02386573521758543
303689,0.015966496778714135
303698,0.04658843851266626
303702,0.043327139277818165
303704,0.05534455045006538
303711,0.01697656239188277
303727,0.05804234766802739
303728,0.011279011814645395
303741,0.20935268600212303
303752,0.021141657542536448
303755,0.02141891465261548
303777,0.0297616073972757
303790,0.17986659034416622
303798,0.02411638832304349
303804,0.35469101544556625
303812,0.04432265807055284
303814,0.13157118328548573
303817,0.23827442732016482
303818,0.09498103632628971
303848,0.09766563678272251
303850,0.02893366331013531
303854,0.020385684094064247
303857,0.014039428180824657
303860,0.025324324214339822
303870,0.16819240517626807
303877,0.021011449499142576
303884,0.04458266073412924
303893,0.011426631343970296
303899,0.035459332443399515
303900,0.2921735853641092
303902,0.06135069430638548
303906,0.1458410563458133
303920,0.14149309068556434
303937,0.026554272787813776
303939,0.01405016224694371
303941,0.011987170604360452
303962,0.07082951708039784
303963,0.23982374262292233
303971,0.044242418028789185
303978,0.021762227440342084
303980,0.18907722838709554
303986,0.11585481356385552
304018,0.12328760614514304
304025,0.020075463274516044
304027,0.018776427607137044
304028,0.22954534189912432
304029,0.03304767100873033
304030,0.01153274753755703
304035,0.0401807960468903
304040,0.05018252125084706
304058,0.12776073500119173
304083,0.0711967090421694
304089,0.2790990432989352
304092,0.057921395578109144
304093,0.07025046813125616
304100,0.013923633452687639
304121,0.028862766233240262
304142,0.051080077218152733
304154,0.15268946648730083
304158,0.13778382203834327
304164,0.04157872484475688
304173,0.20723210570249914
304175,0.07053926422390913
304182,0.02699717735755338
304194,0.021820478797592607
304201,0.13163157732612113
304202,0.048150050410097275
304206,0.047640133219726974
304210,0.03865977508314208
304226,0.0095889158964013
304237,0.013863366732879962
304256,0.23462801730376115
304257,0.025138847961996762
304265,0.029324554584915834
304271,0.12003866904729779
304274,0.10933865365676088
304286,0.06815898197469102
304292,0.07378131764716653
304299,0.023868583226314865
304350,0.07166964063776682
304352,0.031268727163176455
304355,0.02533406771946554
304360,0.020187129214019425
304361,0.11169967136676588
304363,0.04783346904157893
304375,0.05887848224989225
304378,0.01507322248367056
304382,0.22619926226627957
304385,0.1615211240037318
304386,0.19017124788799333
304387,0.11615388575929855
304388,0.01303293692498166
304391,0.11106979906203378
304398,0.04375142376228036
304406,0.011447791912296543
304420,0.04511579901183717
304431,0.024407657791913128
304436,0.4389100253783432
304438,0.013785364107634424
304440,0.04330645489551579
304441,0.020042694003442576
304450,0.012371665872447623
304451,0.13847558564448367
304454,0.05788950567133172
304462,0.1594690153304454
304466,0.13123288862169152
304469,0.34777516590178625
304472,0.032835517341006856
304475,0.20864710297833872
304481,0.018223373336606303
304483,0.06920320871202741
304485,0.05351429156847202
304486,0.010674886717970527
304504,0.08504309879556558
304505,0.039918835260450466
304512,0.03638128314250789
304516,0.12332144460658631
304517,0.013729742223498171
304528,0.020867650744718386
304530,0.039238087361622834
304536,0.017361306075611194
304549,0.01166809155813926
304552,0.12777263442944328
304554,0.23165727017535778
304581,0.03559690863827682
304593,0.011638909365613712
304596,0.23267873173879386
304604,0.04322641007609346
304610,0.0957502718309189
304614,0.06619919434544341
304628,0.16194044367339852
304629,0.02808577474048384
304637,0.04186292903645603
304644,0.01144739585594285
304654,0.1165791134907282
304664,0.23452631003846441
304676,0.03703422195604151
304680,0.08164363003058166
304687,0.012122623248811824
304696,0.07852954224488093
304698,0.12274715488721617
304700,0.07003121763119553
304703,0.23593253851608242
304704,0.025691425318869136
304710,0.03517158220859672
304717,0.02593319896257218
304729,0.17764433697437965
304732,0.040825582219246634
304736,0.019947433423567563
304738,0.06171759859176805
304756,0.019334205580400967
304771,0.012512767497069022
304773,0.021958339235830383
304776,0.0424018111660107
304778,0.04379468279611955
304779,0.15863418701652332
304780,0.011117686103626297
304790,0.10778324147964582
304793,0.00943657349431021
304805,0.21821876632608675
304811,0.016626286204406444
304825,0.0708492952139802
304828,0.13531508385412772
304829,0.05140983553216818
304842,0.10842318639252835
304851,0.0859622747757732
304857,0.016205984366255283
304884,0.08068128355392372
304891,0.05558768203148333
304897,0.1286155708250554
304898,0.10129004982762169
304905,0.027726400120871804
304907,0.1907965761471935
304917,0.017784622167704506
304931,0.020021336310795845
304935,0.012322965620891389
304942,0.051384824460184365
304954,0.11428977058912163
304959,0.012074203081604585
304968,0.07705157896054453
304971,0.03197213988762469
304977,0.05328229709498444
304982,0.022669501278161246
304985,0.018238899602431923
304991,0.025516605021519083
304992,0.1431717750892652
304997,0.06392111636980116
305004,0.019556903688538976
305008,0.012371665872447623
305019,0.04455837231286509
305020,0.13453301964073125
305025,0.03180118127198982
305037,0.05162823119862584
305046,0.29705469905951365
305056,0.02207410377724293
305062,0.011650901016110504
305064,0.22208660909192157
305065,0.02843071809422561
305076,0.08641194322039342
305108,0.12323605510193363
305110,0.02082200460770479
305115,0.11896904645448989
305121,0.21365106117583665
305125,0.04784432322974937
305141,0.016180499488954544
305151,0.01491956127678799
305159,0.017460505593300747
305162,0.030825987283788554
305165,0.030298580061233003
305174,0.04615426579033626
305178,0.07565366285915906
305180,0.055512422242359874
305182,0.025084234250505887
305183,0.014729089445145943
305194,0.04063467763486434
305199,0.13133569080610846
305210,0.03704038110824369
305214,0.19673921106579179
305215,0.07111745374597209
305218,0.03590459667024947
305225,0.021897021805681233
305229,0.025238042769929303
305231,0.008615703403753432
305233,0.04075579639996118
305237,0.023094624813434578
305260,0.013177942815412796
305261,0.10717964662646604
305278,0.06053764209802119
305286,0.1485712929728659
305293,0.017401655019484246
305300,0.009158043715051568
305301,0.14980080505734478
305326,0.19340415228080216
305334,0.04532522258784045
305340,0.16911252996903714
305348,0.0688815965131802
305352,0.045821078867300725
305359,0.033330541175565845
305360,0.012870487425193176
305362,0.051138504004327144
305383,0.01268383868566493
305406,0.07127426027771464
305408,0.09243908406246072
305412,0.2343701784164467
305413,0.02782111300540415
305414,0.22549194542666257
305417,0.019076614538466995
305421,0.025135507551533865
305422,0.05466193904136481
305447,0.028252208129784923
305448,0.10956130200955963
305450,0.024552253057871697
305452,0.04917617618337393
305459,0.03019872158044094
305460,0.0977133628677853
305474,0.026592617814356095
305475,0.02201120045093945
305481,0.26558369674219195
305494,0.08875991267271047
305503,0.11832044567679945
305507,0.013454709661838843
305508,0.144828403689085
305513,0.09156215627791857
305518,0.051103738312838785
305523,0.06404906684464666
305526,0.06352016355102746
305529,0.07338069121154221
305532,0.10908650587535122
305543,0.09554293961493714
305555,0.013398229364527498
305562,0.024802911437807895
305571,0.015361341972270135
305578,0.11450403814746064
305579,0.010576451771463284
305584,0.038435769848054885
305603,0.03295431308307244
305620,0.2246820234709593
305626,0.04076321726419962
305636,0.04567015553996434
305640,0.03471365662302477
305653,0.04011651242465288
305662,0.11507855812510052
305663,0.05086028929896765
305667,0.10490146802171921
305683,0.0630931551493225
305698,0.011294056641100904
305699,0.08417416555312353
305707,0.07699838282257696
305717,0.21646603776883686
305723,0.019991510442423303
305735,0.05544350846962739
305738,0.23308625588751836
305746,0.04663907255096004
305766,0.05756155650728155
305773,0.008975953492059914
305776,0.01346137340715842
305777,0.021958339235830383
305809,0.047561466642145125
305813,0.07763651118819129
305816,0.0596374300882674
305820,0.05881211943825878
305826,0.08293757766225728
305838,0.15780228542880845
305839,0.04241941789305197
305846,0.1677767654408797
305861,0.048779430154435026
305863,0.17873037499679695
305869,0.028055833150460858
305872,0.0688640477360349
305876,0.01190723287900001
305881,0.16139492455351948
305887,0.03875780465312491
305894,0.047630638092290255
305898,0.044105268058844634
305905,0.028517358249503494
305908,0.023012713501261217
305914,0.12048682097856325
305915,0.010781770043989159
305922,0.01083712066191937
305938,0.1671953079291219
305946,0.02285935951100181
305956,0.0319961689781282
305963,0.022820502767604983
305965,0.010754011940652548
305988,0.04562535505006958
305990,0.018314252760672584
305991,0.07598272167186118
305994,0.07297776694567665
305998,0.034140510801757125
306003,0.026848436771913183
306012,0.04519465567423469
306016,0.017790463939660515
306021,0.21912259196881195
306025,0.05853719031542716
306030,0.22747196014794685
306047,0.022041135993677213
306051,0.03240673754797371
306063,0.12195707739837955
306066,0.11332017571614712
306069,0.065270257152797
306074,0.09114893156716576
306091,0.026695254939534573
306094,0.04492466842580648
306095,0.014438480051026242
306114,0.04424787510662501
306116,0.009389991519113915
306121,0.025752312519054417
306127,0.18741460185741723
306128,0.06424886922511183
306133,0.1210328076138587
306142,0.04166741125896676
306144,0.024007583739826338
306150,0.03414208722295612
306153,0.01708311304794389
306156,0.18948002469447767
306159,0.4740551041039079
306161,0.011020927878927207
306173,0.04435245107347509
306175,0.14928656873158164
306193,0.08295549947033456
306194,0.04418997659815655
306198,0.06385646477095742
306203,0.11043672046824235
306209,0.17604794190059211
306212,0.014640154483708517
306216,0.2859218659720789
306233,0.020702751979357115
306247,0.045464285009728024
306264,0.030946379562801468
306267,0.053273377663794266
306293,0.03222955926134809
306302,0.28087787361585603
306305,0.02190810795056241
306311,0.029109958387457106
306345,0.026598139082270288
306357,0.02777606151584876
306368,0.009158043715051568
306372,0.2917438525558931
306378,0.19461509370874883
306389,0.04165212514274233
306398,0.04157633563644944
306414,0.10918742379639948
306419,0.049219275217058475
306437,0.019034262729401737
306438,0.1252075968339733
306441,0.13327034650370162
306443,0.04502828991545416
306450,0.04196240170174286
306464,0.05463543022416402
306468,0.19047169272890455
306469,0.013791206867737596
306484,0.06156194735353522
306527,0.027932343366797275
306538,0.032150651102910585
306547,0.11765407020738702
306554,0.11279951788576584
306557,0.35077639272529754
306560,0.020468761098070394
306561,0.03270004651011456
306565,0.009145948881610244
306569,0.028730278702587025
306576,0.028945535223369522
306587,0.06105133935688238
306604,0.04345436113979974
306624,0.013469294624409623
306625,0.22155424028483509
306628,0.1027658110241015
306647,0.08810070660314043
306651,0.0580519926382404
306658,0.0983264930081906
306660,0.1907452922838846
306664,0.03120411021089859
306670,0.19955274465676048
306699,0.07913675898451679
306701,0.05426599192804391
306712,0.02362536028699157
306716,0.04062294042608781
306727,0.0331708847225257
306729,0.06246386664014142
306735,0.010272309364754716
306739,0.017104607351780474
306756,0.08885458572886486
306757,0.04382469389911548
306767,0.04810742911330601
306775,0.020352097230179004
306795,0.03804318776185046
306799,0.13782838190951965
306800,0.022191735690734564
306805,0.054548960130197575
306812,0.013649377512315056
306820,0.0659184845661019
306840,0.053678686774771854
306845,0.11909111632873715
306848,0.01211294541929641
306856,0.11954337862967301
306862,0.046774329960412454
306863,0.019084721665823087
306868,0.20517099259438867
306873,0.11388354648843353
306876,0.09215896635921855
306893,0.038790678979051876
306896,0.18186987217499678
306899,0.013897742515995066
306907,0.050943000243925354
306908,0.03696363725616354
306917,0.1069602400888501
306927,0.10889124645281681
306930,0.010339422444898057
306935,0.03679194814987711
306942,0.050382185221848105
306951,0.03811209377037775
306961,0.06432523099313714
306970,0.3615452112130735
306972,0.24307923579114946
306973,0.022595014941626558
306976,0.01471733318709716
306978,0.06024515937977545
306990,0.11994511475165422
306992,0.14913389903532884
306995,0.0165091915583701
307001,0.2685966135716479
307004,0.2918086136345975
307005,0.125249490402277
307006,0.025332643300223067
307010,0.028199948360134793
307011,0.05629945267845933
307014,0.01370417623035113
307016,0.042972937575426126
307022,0.014552983832921054
307027,0.22335840041408828
307052,0.01882932560200025
307061,0.06260901210278211
307072,0.36521211556958416
307078,0.010691394936255864
307111,0.01431659900533091
307112,0.01712393220066726
307134,0.1926158767681503
307143,0.026263540936880547
307147,0.03923267216158246
307148,0.057957487695911705
307162,0.094145343790043
307166,0.009522263066673054
307168,0.05079704688305177
307174,0.022635635021172513
307177,0.012154990337301797
307197,0.06536547469519219
307198,0.0980885983301808
307199,0.1001114473614629
307205,0.06907363300481578
307207,0.028947284510760972
307210,0.010805651574610537
307212,0.018251784240576063
307223,0.022859066204572252
307224,0.01512412248564616
307236,0.23205343524202787
307241,0.11333139761522922
307242,0.061711897475604
307259,0.059739603088334946
307271,0.08643121838991144
307274,0.022126179418972047
307281,0.1056971302416017
307288,0.0551050503563123
307294,0.011950082785329077
307302,0.07657203591800545
307308,0.044679353653207986
307313,0.05875621648835054
307344,0.19439778345643569
307350,0.0747153895208205
307366,0.05189562748447109
307372,0.02482012416610262
307373,0.06449258155903492
307374,0.01704932450036013
307378,0.019785389768440693
307384,0.06446911629126253
307398,0.04408674605896078
307406,0.06635366814237798
307416,0.021762227440342084
307420,0.12003853730802475
307424,0.012014125224800673
307427,0.09295600279008681
307429,0.04188018174037952
307436,0.018416306606410866
307456,0.02636666525808118
307491,0.05520071034997013
307494,0.016586078203248318
307496,0.013919390198577056
307500,0.015358791453164097
307504,0.1390594508067931
307509,0.12807617277842603
307511,0.28391496608127686
307520,0.013948062693170518
307527,0.011018260070243051
307537,0.10154750841438284
307539,0.06944145442437658
307558,0.0975921226200234
307561,0.044230710999373805
307575,0.11591515842894931
307577,0.045561571097636394
307588,0.040011874265253725
307636,0.07945606983285994
307639,0.27690734586453075
307641,0.015792533951576468
307646,0.09820053480711513
307653,0.19556594460742385
307661,0.34358347252357774
307669,0.10198917140457273
307674,0.009872143915075208
307678,0.03030323900378156
307691,0.023235705239985294
307697,0.028967286754718314
307699,0.030388052515626363
307702,0.015397394412851772
307708,0.09848405483218825
307712,0.10695381793171814
307716,0.027744477154420376
307729,0.01890599317705494
307753,0.04032073812952843
307765,0.41817676770770307
307781,0.11668477265182184
307787,0.05832966120386507
307788,0.02261197369364623
307798,0.04805526320445399
307799,0.06109928355941956
307800,0.07185630169793723
307801,0.09435487845349443
307804,0.015022720730595879
307816,0.05975205639289146
307820,0.009574839082506972
307824,0.041454536996226296
307828,0.009595603594479528
307832,0.1157210708501667
307836,0.060076132614290456
307842,0.07313972146248275
307851,0.3916101936155433
307856,0.014659305903366681
307861,0.07751259127681384
307879,0.05274850097765273
307904,0.22130183511987336
307911,0.044023981945591886
307912,0.010491998254014655
307913,0.19413117667871363
307922,0.013538708746179037
307924,0.06999620541730142
307925,0.06828072204879229
307929,0.0669689801701033
307933,0.24320436177289967
307945,0.05964741622932612
307948,0.025929065121784983
307961,0.1808795542606284
307962,0.027651387972084423
307963,0.0295353107416666
307971,0.03941068296388609
307983,0.17548853635803424
307984,0.08353636606143389
307988,0.10374890896477829
307993,0.11538321684906458
307994,0.12745100879087648
308007,0.11924957247044712
308008,0.07337490848620248
308018,0.1165761459562396
308023,0.012539843699218688
308026,0.08270261354697175
308028,0.04486281251125586
308030,0.054721151842096215
308034,0.12910138517241637
308053,0.014003298858862834
308065,0.04762242340919905
308095,0.010491998254014655
308096,0.1056214871985621
308100,0.018175005064341197
308114,0.02032361975763248
308116,0.20810959301959864
308120,0.04220227272544953
308128,0.062395240969777555
308132,0.01901892711394546
308134,0.10838707642668499
308140,0.06456427672403005
308142,0.11426718562411722
308164,0.01381975579924397
308168,0.15184560534719352
308169,0.2482711342703905
308171,0.19902208799929946
308176,0.017044849256241546
308177,0.06353928092889453
308179,0.012361457251375654
308180,0.379272555040672
308184,0.03558972422422127
308188,0.0662296148514729
308189,0.012123410560927006
308190,0.03637439409491115
308200,0.1497889574449219
308210,0.019120958489768334
308211,0.1360225245231599
308218,0.05997022590071479
308220,0.020544191609574707
308228,0.020035204398424183
308231,0.034569817557471495
308236,0.020760089128141323
308247,0.0266830593620473
308251,0.0721385517977095
308260,0.04048542149336519
308266,0.0492755817555513
308267,0.022669345944780196
308280,0.16612877862750464
308298,0.019426368700354225
308301,0.009574839082506972
308309,0.06165381665852725
308312,0.27353837343179305
308325,0.05197552880799028
308334,0.3030284512932041
308339,0.03950154504965416
308346,0.13502726134916715
308359,0.05753699731077368
308360,0.049541489824712445
308380,0.10137189151430048
308391,0.11358347166956788
308403,0.01053076549830728
308408,0.046970847663824686
308410,0.4178344341251311
308415,0.22624295585095835
308420,0.09968278946073257
308427,0.06368140536990831
308442,0.014915113389253906
308447,0.46630062631864017
308462,0.03234495584788519
308464,0.04123890722698158
308465,0.06828496952363716
308467,0.20872986015871525
308468,0.06621844699360441
308476,0.03327167763286805
308488,0.15394498375188378
308498,0.018754470165782636
308504,0.04288844949863446
308507,0.010720354191230835
308509,0.010791589553230514
308521,0.0903464278966408
308536,0.1303664851765077
308537,0.047885912697919565
308543,0.011804528274003849
308547,0.09605470703412236
308559,0.04988539490254622
308565,0.06073221070092436
308569,0.13083772112997702
308584,0.010791589553230514
308591,0.2750044171384902
308608,0.04397174204882305
308610,0.04624437137326938
308613,0.015042706705644518
308618,0.04297391088687971
308623,0.023640145047299405
308632,0.015563631372528558
308636,0.09259671829256315
308641,0.022153612938998413
308643,0.04408401453210756
308664,0.18423756490634463
308678,0.01346137340715842
308679,0.04400485062921643
308691,0.034868180112771215
308692,0.045836845675789675
308701,0.039060437153214556
308709,0.18299489330843652
308711,0.12468533994128225
308719,0.10477838105969443
308723,0.03233690330776713
308727,0.11705061497888343
308732,0.027951489481293546
308738,0.010254968927449428
308747,0.016186857660592375
308749,0.01706537372280477
308755,0.06931569907175059
308756,0.207468705613374
308761,0.010819780224614082
308779,0.05058451768386925
308780,0.1193671258035969
308784,0.027012797368220615
308789,0.11002698907389033
308807,0.04290699394910598
308818,0.3111889642893718
308819,0.0727754292553225
308822,0.31726477064871295
308827,0.043159270894399845
308831,0.05300547661893531
308833,0.024674052130488393
308842,0.047184226853084224
308868,0.01896072332805058
308871,0.009719723890755035
308881,0.009319807023621675
308889,0.018961049897488452
308892,0.09321701530817214
308900,0.13391225648924535
308903,0.022289935368076143
308912,0.044428121192145884
308916,0.044098230081377955
308919,0.07816244357251541
308920,0.05600490499551014
308921,0.018765075805022936
308928,0.04712054166595422
308929,0.2302013831979147
308934,0.10501777612613498
308940,0.17647204829956956
308941,0.01109466630091734
308946,0.1177971466253244
308956,0.07777721278441721
308958,0.01326345295736065
308963,0.01639318213388381
308965,0.017881621970337068
308971,0.026188724059454
308977,0.04225228277445044
308985,0.0145566069066116
308987,0.04800156861998109
308995,0.06607647726743734
309005,0.04852474707491848
309007,0.17877691108736743
309015,0.00976710371204284
309016,0.09025793829571913
309018,0.04583065043444241
309019,0.10724681732364158
309035,0.028997534093818132
309042,0.06198854399711504
309044,0.011115430812889897
309052,0.12080371026169587
309061,0.03098033574667239
309064,0.0484669999074772
309072,0.06834751388509476
309075,0.02243740342219628
309083,0.05841027207452706
309099,0.1669334041063933
309124,0.011228304419251059
309125,0.0877487867281251
309146,0.01757493719922183
309159,0.014210917314797516
309161,0.017411542999088415
309168,0.0965558881946663
309180,0.01883853203466439
309185,0.14566911260234736
309195,0.05943506388537245
309198,0.017227710489752576
309200,0.07986158718306777
309202,0.09529952435106855
309204,0.04428124390923429
309213,0.13613945998088645
309227,0.0979459581723384
309234,0.024813864297449074
309241,0.041564756230942704
309242,0.030214559389974333
309244,0.09007050149854198
309246,0.06083262200401103
309250,0.07019284770502546
309251,0.09700779582285693
309274,0.11616578403334796
309276,0.06635690795777151
309280,0.20859682059195522
309298,0.2285179004259946
309301,0.1671998967190393
309302,0.035895678870215414
309326,0.028089740333204
309335,0.03124528130256492
309341,0.04882102043340657
309343,0.19619267531720203
309344,0.04382773231212877
309354,0.015641232952442977
309362,0.1095345741308007
309399,0.08826708335271735
309406,0.07642694859783652
309409,0.061585784703609744
309411,0.2142149967256919
309418,0.329289229698901
309421,0.03360250854074381
309435,0.038898636526603234
309443,0.22706517854035976
309455,0.13248158281319117
309462,0.14089288857499746
309473,0.12169910712831415
309476,0.3189593489974349
309478,0.02304807342008468
309493,0.013073862880352546
309502,0.049415898351217
309508,0.30976353001232
309526,0.1348005433922543
309536,0.009678611562695975
309544,0.016874143808821143
309547,0.07617871610371771
309555,0.010707136035781885
309562,0.034999579887973156
309569,0.09700779582285693
309574,0.03877453970435139
309577,0.06582121699955219
309578,0.10082514253142964
309579,0.08992001060689256
309585,0.02403716872194583
309588,0.0394151363701778
309603,0.0675993696204229
309604,0.028442016177050826
309617,0.088581247278114
309620,0.02006101942966852
309623,0.01781726918814084
309648,0.1916979468938727
309665,0.07043142138766116
309682,0.015486950238547991
309694,0.023428863796451982
309702,0.03637609739704763
309711,0.012789336380463876
309713,0.11274724585633353
309729,0.015682689171020735
309735,0.04509197253525057
309744,0.03268586109621409
309749,0.052270832522419555
309750,0.01861869444554
309759,0.05166817257820326
309761,0.04758333157138041
309770,0.06668204495156563
309776,0.04771702383679513
309777,0.018130940632646485
309789,0.03900880634791134
309790,0.011165901662917022
309800,0.10328944099795934
309813,0.031148010095268512
309814,0.10668682837834671
309815,0.303241720078344
309825,0.07252375094482025
309826,0.019147865467879183
309829,0.022482820279962568
309831,0.009319807023621675
309837,0.014879339486213089
309846,0.05173214895274726
309849,0.32433636249018843
309855,0.024279158463569758
309860,0.13965601054160226
309879,0.01883975831247535
309882,0.4527679327409325
309887,0.03997477495214231
309892,0.083515785464769
309895,0.07990666998135953
309902,0.023295014777212585
309915,0.03533399504907561
309923,0.01764657846899029
309941,0.32115032691174195
309942,0.12211035854196314
309945,0.033312117060699094
309950,0.10265026323730575
309955,0.0286552859104806
309963,0.030342707828189208
309964,0.01806646142235937
309967,0.35560311942363054
309969,0.0536574377565293
309971,0.018151096922839855
309978,0.1795718913297879
309987,0.1749698688747261
309990,0.19665638647223957
309992,0.13666741751075268
309993,0.11463877813318361
310010,0.043929868200858965
310012,0.01976699711052369
310017,0.011049396296300553
310018,0.047609108590925917
310022,0.043875193225563734
310031,0.020092189526457582
310033,0.01951515432296251
310034,0.11119839895788564
310038,0.1909952541524131
310044,0.17915747714854557
310062,0.024373626966459096
310071,0.020540730134400286
310075,0.03896050552719067
310082,0.07271339272099357
310093,0.08398093169536867
310101,0.010416294638468524
310106,0.010697904259054635
310118,0.1528695174058246
310123,0.029898468743675594
310126,0.010918785143387694
310130,0.04002230370483611
310141,0.05413875048025918
310145,0.19115377467509478
310148,0.1030754407047256
310150,0.024572023149905208
310159,0.06870517146387915
310162,0.058373692024075795
310163,0.11962817114697757
310166,0.011115430812889897
310167,0.011770241518777291
310170,0.049933504864950955
310181,0.04173649563579458
310187,0.10244241203295432
310191,0.012709161714174074
310192,0.02892881049491573
310197,0.12803311224630257
310200,0.019198524749298607
310201,0.23695635805670498
310203,0.021068821610468285
310204,0.016586078203248318
310213,0.03245935282250192
310215,0.08457388422448026
310218,0.21226387489998952
310236,0.04607946195486487
310238,0.011692537146331106
310241,0.025474086826142873
310245,0.2239100369088022
310252,0.036677234835946176
310259,0.041719845131056255
310260,0.22884201030701976
310261,0.01883097887064003
310262,0.025480221871552956
310274,0.026806785603159855
310294,0.32051092522306524
310296,0.2079287829012079
310298,0.03881912925259624
310306,0.06400375215807318
310307,0.06424374871006303
310316,0.00877702911477253
310329,0.12321036118940513
310338,0.09623413313579499
310342,0.042426973443947094
310343,0.07484796787488256
310360,0.11162715981050979
310362,0.5141377367011394
310378,0.05198250314870549
310379,0.019703080496292814
310383,0.05963386478321232
310385,0.08592198699396085
310387,0.08308704476712218
310388,0.034460824362500704
310400,0.017563480043493715
310408,0.05466321314760978
310414,0.18660338194944423
310423,0.014890806447271013
310424,0.11695826721194298
310428,0.1299997114176433
310432,0.08686963883017598
310456,0.018724595049838273
310463,0.2168359764510101
310475,0.08371750517831791
310476,0.07583912911885936
310482,0.027882321945537036
310485,0.025770718766506506
310490,0.01984335911853024
310496,0.0116086923501773
310505,0.0955952653237112
310519,0.025089663843352105
310546,0.07912227116242261
310547,0.019057917915342636
310553,0.12115322745102677
310555,0.012018192531505822
310556,0.4714051167488657
310568,0.010615219015755909
310573,0.05923369174997439
310574,0.023994003698534622
310577,0.04122936146740185
310580,0.05850653740961005
310581,0.0223890238129597
310583,0.05590197471897832
310586,0.023944438946129125
310591,0.06498328050176842
310598,0.032040338556774114
310606,0.11029203149839821
310628,0.014725049094566492
310634,0.08503617585364615
310638,0.03922037266386288
310646,0.010827871769785422
310648,0.15183796415308137
310654,0.02184678870141204
310659,0.1048528382223769
310663,0.060699554367199204
310669,0.039112529177636295
310670,0.07365799248878536
310674,0.04101177819571274
310691,0.12025222845804948
310693,0.11967177001103849
310702,0.011126145908348394
310706,0.027499838105611442
310709,0.0156945227486147
310711,0.1314912502095424
310720,0.14461332636436117
310739,0.3851721453386307
310742,0.0991269703472879
310743,0.050821507937954036
310752,0.030392853200989018
310753,0.1691730583792393
310757,0.3368402009301297
310763,0.021532191188580428
310764,0.03607291688668059
310769,0.010110983653735618
310771,0.05775890651118944
310775,0.02032433731876166
310779,0.10145088070651131
310781,0.13427410438226173
310784,0.023285157219855003
310793,0.09289648099538719
310794,0.01165783147871902
310816,0.15899618246123745
310823,0.03171214195382373
310837,0.02457002846437968
310856,0.026347209749957894
310865,0.02935074444061262
310866,0.06975445156628998
310872,0.1481791605233981
310877,0.29581043281963
310879,0.048566497529423616
310883,0.021572825217380583
310884,0.29146124239851734
310908,0.008882247144193715
310928,0.01909456734310541
310935,0.010595800835864862
310954,0.039925190048293945
310964,0.1574785166261308
310971,0.07901274236052673
310972,0.09687856716139442
310983,0.10923700050978147
310988,0.00877702911477253
310994,0.04443138241038803
311003,0.01669329577331594
311020,0.029745901528043815
311024,0.09304223724816789
311037,0.03909630053738063
311064,0.03601762243933972
311070,0.023505380186202428
311086,0.1794977468235901
311087,0.061859972437985536
311108,0.010632559453061198
311110,0.04679475810768779
311115,0.02723172743754168
311116,0.2779963402228023
311117,0.08815809275459599
311128,0.11781307663184382
311136,0.10665107703606994
311146,0.021203617306925118
311155,0.10150017216935676
311157,0.028425744574445085
311159,0.10360134442796158
311170,0.1964505413131677
311184,0.03993197854445282
311199,0.01198230893630561
311208,0.06637422774402682
311209,0.02708098231801643
311220,0.16726022527224862
311230,0.053887244627044265
311233,0.010441349033488635
311241,0.21410062575450967
311261,0.012489546692419673
311262,0.013059950927270548
311268,0.012882742390199542
311277,0.15404806033137056
311296,0.06911851359389397
311298,0.01722522390581912
311310,0.19058108012301828
311313,0.2492302487450071
311316,0.0795023909519466
311324,0.07205378093133041
311327,0.02066113322441886
311331,0.0403636814192639
311335,0.014886815910754064
311343,0.07065708520576007
311346,0.03259865092456271
311357,0.13043973176232118
311358,0.010803617067832826
311365,0.02661692204751821
311370,0.04302454340299318
311376,0.013366873248747793
311380,0.1302591894618715
311393,0.0266634803550219
311399,0.034965293817827495
311404,0.02683469507172856
311409,0.01360261169198465
311425,0.04805687661400682
311436,0.03937376584074972
311455,0.02560101894437014
311459,0.18334283325978246
311475,0.19361658827102374
311499,0.09946531467831182
311509,0.011115430812889897
311518,0.013590067895600438
311535,0.034960739335489155
311536,0.027295235927852997
311540,0.0871648134271427
311542,0.21064800467474623
311552,0.39613357504128216
311562,0.40040807189675987
311580,0.009170029753869926
311583,0.03952060366940141
311588,0.1128133823446155
311595,0.02908598005929231
311601,0.1016176719187368
311605,0.07014371745442236
311609,0.29695862798580297
311612,0.11893617814345876
311621,0.05551037204193334
311623,0.011462836738752051
311625,0.08036058222841785
311636,0.03288054886248696
311637,0.0427577422377335
311646,0.14637523081729897
311648,0.015341031224689433
311654,0.04316201216158092
311663,0.075391927228021
311676,0.05874532401624436
311679,0.028150634051267342
311683,0.08889687514640594
311685,0.02082692198102145
311691,0.05342329345100884
311695,0.011271119692338207
311700,0.016941857698637527
311710,0.05198546374154437
311714,0.018740989080763226
311716,0.07987766457863041
311725,0.07028734438483192
311727,0.1187857652563951
311728,0.02256127856817499
311737,0.22128279451457758
311738,0.06282634196901381
311743,0.06827808371748516
311746,0.012736033512345302
311747,0.11413372350496861
311761,0.2138755479232448
311765,0.013225162355636982
311773,0.02102164136182776
311776,0.01738672775136135
311786,0.3228007847561706
311801,0.023447601259138317
311820,0.06866568346747844
311822,0.496313886980122
311829,0.04204369036214776
311835,0.08043069908129699
311846,0.04251147560561945
311851,0.23142665017525893
311854,0.016693843069232196
311872,0.017847265905030947
311875,0.009145948881610244
311888,0.058773003374570934
311916,0.12632173765044735
311928,0.04388137349154169
311931,0.03600894635073544
311933,0.18939836177641445
311934,0.016721137248240606
311948,0.02219481845378269
311949,0.1564515165628032
311950,0.04037179182151536
311952,0.03974456796558022
311954,0.15781353991445038
311962,0.11728463087157319
311965,0.04092611365818114
311968,0.1346825280355483
311976,0.08060502980899382
311977,0.02645670676552263
311983,0.02957543209010307
311989,0.009574839082506972
311996,0.10257951736679198
311999,0.022282391511538113
312007,0.25604696763762835
312022,0.07835134026450372
312023,0.04120942900535353
312034,0.03092967943982623
312042,0.02138802550295812
312049,0.021203079562749257
312077,0.058817077534091156
312088,0.05442730040050028
312091,0.12490427199558
312114,0.04687737495540512
312115,0.035347947564321414
312117,0.08528279577026729
312119,0.21511567399930448
312126,0.4674946490948152
312127,0.014361788167346881
312134,0.20515507389304743
312164,0.014774924368423547
312176,0.04040345458807842
312178,0.01932987134998556
312184,0.020601659488001335
312185,0.1193671258035969
312186,0.03393037645442233
312191,0.06131980145914384
312197,0.01831258143854294
312213,0.30451046001572096
312223,0.20535198649146
312224,0.3221132589556971
312225,0.07807427500794935
312226,0.11399920052769567
312231,0.014197156884681827
312239,0.11516460790498255
312251,0.03224902002241022
312271,0.013252128453865853
312278,0.017555528272802223
312281,0.008894233183012074
312289,0.011025812768824302
312291,0.02160272302855213
312301,0.020728846802317034
312302,0.02361414871334666
312316,0.16938460053198753
312324,0.04355522421237845
312338,0.009052825685630383
312361,0.009170029753869926
312363,0.21725019424297415
312368,0.019034262729401737
312382,0.010791589553230514
312384,0.10040307352200631
312390,0.035904740907918634
312395,0.07744789132367172
312396,0.08075181990071544
312400,0.09804164661896983
312406,0.10895035583477337
312412,0.011070160808273107
312414,0.12377980100960025
312417,0.06922729581733678
312425,0.132096943580777
312428,0.015614374967122239
312431,0.04200500063185753
312437,0.18153510218274824
312442,0.024127844145625653
312451,0.12191603101300581
312460,0.04435245107347509
312464,0.1376683989261222
312466,0.010139894773483983
312470,0.02721272454616343
312473,0.1381093772026813
312490,0.020112598132897383
312493,0.15992130361238854
312503,0.02537199232905916
312509,0.19126131424249926
312520,0.039770171137144865
312528,0.013149592918647868
312543,0.03444372381621182
312544,0.09757468751806966
312553,0.02241619452218305
312558,0.014098637925258454
312565,0.12834266666614227
312568,0.17541878117302695
312579,0.056003283105639956
312581,0.10953104884796247
312582,0.044230710999373805
312596,0.11569063201570243
312597,0.017217347884490256
312598,0.02094175655720344
312617,0.16558840344813236
312627,0.10711251249603518
312635,0.011179019102438363
312637,0.1342763720172984
312639,0.017714438736607857
312640,0.2188057782308682
312642,0.3146958683793663
312651,0.05239657129304951
312663,0.034977357133746424
312668,0.04325395923275996
312685,0.020942659691889187
312691,0.029101302722244128
312693,0.07292432945394353
312710,0.0702941196149823
312711,0.02946229191773967
312712,0.009628838123846078
312720,0.04415185229764857
312746,0.16554547436830705
312763,0.01103498990030723
312770,0.0419102141575014
312791,0.18297169854546563
312795,0.0404131116916778
312796,0.022428039760451917
312797,0.20925805896399727
312804,0.046943249105132985
312812,0.018634832883358383
312813,0.05130544374241001
312825,0.010564748165728784
312827,0.1371189277716181
312841,0.044230710999373805
312842,0.18843648056358187
312845,0.01828617345810646
312856,0.025392005176053715
312866,0.013393797343371833
312870,0.3029715170089517
312879,0.04849026793732415
312895,0.021653300419239553
312901,0.07644824867665297
312909,0.022282391511538113
312910,0.0349929809838915
312916,0.01926233650903226
312926,0.05007909000012578
312942,0.14032344232194105
312946,0.047245764325216204
312950,0.0412175598028986
312952,0.11358722153502669
312963,0.013909401685511372
312968,0.16654924939539378
312976,0.011153311441264382
312980,0.09609332742726509
312984,0.06302320994506938
312987,0.13248720301996447
312994,0.01348868593520845
312996,0.09776699704036268
312997,0.07354646848827903
313019,0.01866453033688932
313020,0.00982494192017622
313028,0.052012694877629106
313041,0.1866577615461264
313045,0.015955328925408133
313048,0.10873952568468166
313052,0.1502824370680816
313062,0.05569525430487473
313063,0.05391617165270244
313066,0.022798880173172924
313071,0.07259342348277877
313085,0.025417941412644328
313099,0.32686765262483075
313109,0.17087171750269303
313131,0.038721961065279184
313139,0.07588175989348397
313141,0.047934773932574906
313142,0.2109920566553701
313145,0.21253193264701994
313153,0.11994260032625859
313157,0.028621865025398534
313161,0.12523613171048645
313165,0.0421632899171708
313179,0.23458125684327533
313208,0.13366160007809585
313228,0.22983984331715585
313236,0.04063560741833791
313243,0.018498448966318307
313245,0.024875523518279763
313249,0.020619794091224025
313275,0.02519344728454556
313276,0.0913267240236657
313280,0.022285627272392954
313284,0.3563871864513678
313285,0.07915404633616543
313292,0.014600928798290983
313297,0.08204268737247541
313304,0.03903337652224749
313322,0.020954355101982576
313323,0.0755850173940354
313325,0.009424478660868886
313326,0.04301386095741951
313334,0.021958339235830383
313336,0.0239494125626993
313337,0.21137577442736952
313339,0.03815965741820919
313340,0.04101893476513409
313341,0.12815505709318065
313343,0.17118677751884456
313346,0.3185318591586261
313348,0.33945677093366
313359,0.043135222952096736
313365,0.027521264609888386
313375,0.28471305832404414
313381,0.04448226024929657
313382,0.01981420792354086
313389,0.022888016461816523
313390,0.010881762756196194
313391,0.13817007331459139
313410,0.10332524997897938
313416,0.02178201859812829
313417,0.03387842904569
313426,0.15613507216774947
313429,0.046124472787414016
313469,0.011897707076484102
313479,0.011938275563323612
313485,0.22957955343345932
313494,0.010720437045177096
313496,0.02579723748795252
313501,0.04497799708378035
313506,0.04182998717627128
313521,0.01968214302839545
313524,0.05431607608640019
313538,0.06173764283244101
313550,0.18557643892885148
313557,0.1443869154468668
313573,0.015395224255697015
313583,0.021082734565387073
313592,0.07884840589563538
313602,0.059275461352074066
313604,0.11202826430676487
313606,0.18936507828589974
313617,0.04141807717089084
313622,0.023016744994178783
313625,0.12737080143212465
313638,0.0167405047843759
313639,0.06616867141067981
313645,0.05551689725254637
313655,0.05614272735049504
313656,0.42994931278070947
313663,0.04283324626646528
313669,0.05523881845760996
313670,0.026033065313885013
313676,0.04672142502111846
313689,0.2944616924177707
313699,0.04183940483352702
313711,0.019470731660669094
313720,0.10523560440155393
313731,0.2620025219071118
313736,0.2722906074613776
313741,0.037761254368432216
313744,0.04444425240758285
313749,0.20717729827353035
313750,0.04188232307274599
313753,0.04774359638112781
313763,0.0333377043786146
313765,0.16728145435843328
313776,0.014738509099045536
313778,0.163842177563069
313781,0.030677417190466676
313786,0.3960712521926534
313787,0.01118217155647443
313795,0.027051492675483346
313809,0.031058075407354425
313810,0.0357772391007473
313811,0.23197953211863598
313818,0.31200825376706437
313825,0.05470987288456497
313830,0.03663311631320692
313831,0.02158209834983003
313834,0.022198267707823315
313837,0.3072227026650333
313841,0.03247347958653741
313859,0.016607236284836645
313882,0.01959019963696258
313887,0.2653694227801586
313900,0.028279048107178833
313902,0.056210410771053
313906,0.01389668734685361
313930,0.01072772903854674
313932,0.11991532605381147
313943,0.04353278994549534
313944,0.015264237124934844
313957,0.018881521443841993
313970,0.1638914892987135
313980,0.015438334153069635
313982,0.011142380366518557
313999,0.10342787081152822
314000,0.038340120830133044
314003,0.12219730810895466
314004,0.07137967715248873
314005,0.23050264825520447
314007,0.034360220256778026
314010,0.2795388214094046
314011,0.019789841199383658
314016,0.2336597971084246
314023,0.03518184028794373
314024,0.054881107162804685
314031,0.016795965014151183
314038,0.1074197534832974
314041,0.021552557460431443
314061,0.02531972879526565
314073,0.03789677182213059
314091,0.1451677966992526
314097,0.14138113462826657
314099,0.06344466416437695
314107,0.05611465331626746
314124,0.21596987226420056
314127,0.0647572345382869
314131,0.012034649699055199
314132,0.011435307309742283
314137,0.206925676296478
314139,0.01124470861302478
314143,0.025976889650666257
314149,0.019000966780978137
314153,0.02457857607670369
314154,0.21633928171331954
314160,0.025227156035449082
314167,0.03238025082448485
314171,0.015755995474381328
314182,0.07422311775303356
314190,0.009856900527529609
314194,0.01335134308211183
314198,0.05995853462982533
314211,0.03191100938452971
314220,0.2102931256874733
314245,0.022758014989743496
314247,0.01507483949373476
314256,0.01088036479327322
314259,0.06295164773020254
314267,0.03135503980901165
314271,0.02377583946677004
314278,0.11800856672378632
314282,0.010248035690550966
314283,0.09639668468496182
314294,0.057844457591996544
314298,0.03836176530405966
314299,0.20122182340396727
314306,0.04756730164207323
314307,0.07905126992262061
314308,0.013990450624931533
314309,0.02404151461180671
314317,0.05550384520582856
314323,0.10569775725609165
314332,0.011132113310116596
314334,0.04796716380670349
314335,0.06382099089465006
314337,0.06575167686878343
314343,0.04764998943928719
314344,0.04479891082725102
314346,0.010913042040821865
314351,0.025478575561496
314354,0.0758061939750013
314355,0.03381162946457246
314359,0.05450092702918792
314364,0.04337452103055435
314366,0.031580329383792155
314367,0.18710805228264443
314374,0.019719109597360177
314376,0.03340963226277238
314387,0.09797626994814576
314405,0.16407801641607853
314412,0.017909060422029645
314418,0.19434797482988594
314429,0.05427562100327423
314438,0.2794919352955708
314442,0.02745173682522848
314477,0.026515435957885476
314480,0.03084026064353579
314486,0.08095401458322712
314487,0.253337547551278
314488,0.18896313086697986
314490,0.015488059374171673
314523,0.01668025130674395
314528,0.21917048051116322
314535,0.02130622164335088
314542,0.1310986120056323
314560,0.12225209598877959
314585,0.12787693765018587
314594,0.10113391357749921
314596,0.1919084250803304
314601,0.10696266869402667
314603,0.013407989568433188
314612,0.15072133524684767
314615,0.3179791305459591
314619,0.020613353906187952
314621,0.12264122388658145
314627,0.08986722267801726
314629,0.10184658971362193
314635,0.3712662695567604
314639,0.039849882614530305
314646,0.05405716805724543
314650,0.2988225294470369
314661,0.04387862428984508
314690,0.0169768525662433
314699,0.044230710999373805
314705,0.07867057250574416
314709,0.016420409514346937
314710,0.009359701300739742
314711,0.01740736151443945
314714,0.05797049480225713
314719,0.06051819893566672
314722,0.023408714816124505
314723,0.07115073708059239
314729,0.08315899827573459
314732,0.07976771931643536
314734,0.14035227047150245
314746,0.021624367002104312
314761,0.40950550620234993
314769,0.04257206993101082
314773,0.14395684477273257
314774,0.04077647200945904
314776,0.057402000614293625
314780,0.014695038098886884
314785,0.12151131909656669
314789,0.2347216154387448
314796,0.21355222638844734
314810,0.02701688031320751
314812,0.018018006695755966
314817,0.012801458268936148
314822,0.12454846976142471
314840,0.14339141496628613
314843,0.011738633309609905
314853,0.04187537014571664
314856,0.020717416269299675
314862,0.0757646959406899
314864,0.0097448344720573
314878,0.07292432945394353
314894,0.02598156265983781
314906,0.529071535328565
314912,0.010632559453061198
314914,0.010632559453061198
314933,0.13963715759311765
314941,0.011332452691150272
314949,0.025801610267111467
314950,0.06451551054969248
314952,0.05065399899506775
314961,0.10648835801823897
314970,0.0810222811382961
314972,0.1176981043069478
314975,0.14303322918647307
314985,0.07905682758801834
314986,0.026999757760349036
314991,0.11738419011244279
314995,0.026206548325081368
314997,0.013501607277399918
315003,0.012897842135387704
315035,0.051231409175040356
315038,0.09261411723680088
315040,0.025138847961996762
315046,0.028400971408650916
315053,0.015067071372772505
315054,0.18254273020826822
315060,0.11707771977787289
315061,0.013540951105021076
315067,0.5214414864234264
315076,0.13032279732083057
315079,0.04844831957627656
315083,0.02383838646358446
315084,0.0448049084775748
315092,0.055310252912940575
315095,0.12980482261187892
315112,0.3028068160796691
315122,0.04744926324283331
315123,0.01365406125674945
315125,0.08492837155436316
315136,0.33137287818823086
315143,0.1255895839848634
315145,0.045513942247558795
315153,0.019849220353508366
315164,0.12462630056678688
315169,0.010837877725587074
315178,0.19096419850125643
315179,0.0658310177750209
315189,0.01127279622169613
315192,0.12317311251317793
315194,0.19153341171917632
315198,0.016180499488954544
315210,0.04289985850311087
315211,0.028945535223369522
315221,0.3004717513621239
315222,0.02670663398595093
315228,0.12220743655086423
315231,0.21042417112420453
315233,0.044679833581235354
315235,0.20013733851267163
315240,0.03722271407392883
315244,0.05932693961552924
315257,0.09000943734187027
315261,0.06360250622879916
315271,0.10372866278219198
315278,0.03531225768846722
315282,0.38591053909643724
315287,0.03030323900378156
315288,0.11826795440277724
315291,0.18774380444069028
315306,0.009137279203079014
315309,0.02243587660605444
315312,0.013750194456648804
315330,0.054489592183628546
315335,0.21572428565720628
315337,0.10791467796433749
315343,0.18364697838198843
315344,0.2311799071613761
315366,0.012123410560927006
315389,0.17333862267678748
315403,0.03140004204085232
315414,0.18836346855475758
315425,0.008891499974611285
315430,0.04005086139713114
315432,0.11835795393593444
315436,0.03965036327577891
315437,0.03176559413168042
315445,0.023770432993848102
315451,0.015504031654397768
315460,0.010939407256701223
315462,0.012004155960149277
315476,0.13233917111151083
315480,0.13314139826197652
315489,0.02319373396872884
315494,0.01034277655941984
315499,0.009170029753869926
315503,0.04176427669402226
315507,0.22131444579511633
315540,0.012929322908387835
315541,0.040736350564259324
315546,0.04469499846433301
315553,0.09856753625210415
315569,0.35018156458744326
315571,0.013813535804335475
315574,0.05235854200548814
315580,0.02283270648332515
315587,0.02023190602614506
315609,0.017828592123801505
315610,0.01852517926352223
315617,0.06822067803777634
315623,0.014751088446322277
315629,0.013216088776242793
315635,0.039667268937869045
315637,0.034612474145807454
315641,0.0173593483476625
315644,0.0521214518548775
315654,0.1537838849534163
315662,0.025890324118643105
315663,0.09447371757639372
315673,0.08907733770283696
315677,0.029743625958101143
315679,0.13108154827826393
315680,0.12240408574410419
315681,0.0157090980079049
315682,0.2542280535049035
315684,0.11251649549489624
315693,0.07338069121154221
315701,0.03998356542497697
315705,0.0588999971389777
315706,0.02951024141662052
315711,0.12807421600173804
315714,0.11980724237642053
315725,0.09056291874228023
315738,0.06193309155463274
315740,0.10132530246601383
315749,0.22683226550340038
315753,0.02324227575630168
315757,0.06640984029169836
315778,0.08196876852231336
315781,0.03220765787287289
315793,0.05224035523942468
315813,0.09549517409853245
315822,0.025767545486359834
315827,0.11492525257127899
315831,0.011231926748341168
315843,0.23414712561638823
315857,0.12716812433857969
315864,0.13699519366392035
315869,0.04443473024014034
315870,0.04202809133300879
315878,0.11312014093506037
315891,0.1118986948766821
315894,0.17364584634467292
315895,0.13664473538387023
315903,0.04695749421479874
315917,0.04165703140121267
315920,0.021805075818334328
315937,0.09106747289381042
315938,0.040600352027208006
315947,0.08924849096342954
315970,0.24658499797074693
315971,0.017401864302570427
315974,0.01772184362038527
315984,0.09773719601889738
315985,0.10715524935032006
315988,0.011393252459360266
315993,0.11635666967853349
315995,0.22028104581963262
315997,0.01356358752999517
316000,0.016647256076118465
316009,0.022366835731741176
316011,0.08208061508423757
316014,0.03680818004902543
316021,0.022535307235294084
316022,0.03345581207347756
316023,0.03727416652219748
316060,0.1211334573762894
316063,0.06647506562883221
316065,0.12775384122738148
316066,0.02951024141662052
316077,0.15637543576442411
316083,0.010615691320709731
316093,0.12543489405401403
316100,0.011459517744415122
316110,0.009482669657589008
316118,0.021958339235830383
316135,0.014718389020474662
316139,0.06226070643341693
316154,0.15004050770657112
316156,0.010971857043499234
316171,0.04810465324212498
316173,0.03366861474504736
316186,0.014710110920284689
316188,0.009642805589378516
316190,0.12039956455620834
316195,0.1010339440043253
316205,0.042914670450783815
316214,0.04508779613452124
316216,0.08631825972172455
316220,0.06568523303772651
316222,0.022535307235294084
316224,0.07225719519531715
316226,0.01192967170735204
316230,0.042279710252939466
316248,0.09043441611910912
316258,0.1883670849497096
316269,0.10217887226313445
316270,0.0440542350989392
316279,0.06602653034701697
316286,0.045388791003828574
316295,0.06930453006939996
316297,0.01757935206822117
316305,0.03629490541638307
316312,0.018776958494399858
316313,0.011836522420044916
316314,0.09938606985566203
316320,0.06696135547447342
316321,0.013761040072490705
316328,0.05583293754171387
316329,0.01602320141392453
316334,0.02231158274546478
316364,0.01354590836794596
316372,0.013023928208519284
316382,0.011308798941911637
316407,0.012077028014700486
316411,0.1911899517764975
316433,0.17933313671045079
316435,0.07810644957533859
316441,0.06927779309294982
316456,0.011081448145468391
316457,0.047372983142060024
316462,0.08719360555570561
316465,0.01885131310399764
316466,0.024125598079242284
316468,0.01794632762383031
316469,0.03174332053122324
316479,0.08926154094300574
316481,0.0397782971883409
316484,0.04212032933970923
316502,0.13368106665036944
316517,0.04728440792015472
316525,0.04651551392970759
316531,0.009909395437624851
316546,0.031074404659828997
316549,0.06343406186745926
316557,0.011049396296300553
316561,0.13495134770831846
316564,0.05625283977726318
316565,0.07747506872543711
316594,0.22655335823239509
316595,0.09761444518881299
316600,0.019132510042093827
316625,0.017724810555127264
316645,0.046110888518170565
316647,0.10602807177285145
316659,0.10988045541817819
316683,0.055032215977564344
316694,0.11086859802930953
316697,0.009254483271318555
316701,0.025779433768128406
316702,0.013369623780619044
316703,0.022479043321814357
316718,0.1058890712433187
316723,0.10718968028893132
316748,0.20070136753863524
316756,0.025788449723522427
316758,0.05657154834161467
316763,0.04417067841285814
316764,0.12671976896599987
316768,0.025080635683293346
316769,0.012245163540267473
316772,0.039892631614019694
316777,0.0960994846963573
316781,0.011784773139593583
316785,0.1367681551885305
316786,0.029023806770120418
316815,0.24366487917361063
316816,0.0850025069535918
316828,0.016961358050429844
316831,0.01388643174548108
316837,0.01343136000305192
316843,0.04854221255544427
316849,0.11650139002396484
316854,0.04384122688290185
316862,0.011241089073140972
316867,0.009443927319897185
316902,0.02996758328083457
316903,0.010636881175655272
316906,0.019839637464100435
316914,0.0184124766993995
316915,0.024211545996424833
316923,0.031046590792430755
316928,0.11911685209475957
316930,0.0412671315133035
316932,0.2015700504315856
316940,0.03340963226277238
316947,0.012371665872447623
316948,0.022252573687102123
316977,0.14192721111510112
316983,0.07118872449278164
316987,0.05762193397692492
317003,0.08176337632930707
317005,0.04057948269646115
317035,0.015985224590032744
317036,0.010339360612680728
317043,0.10917527583887013
317048,0.021763043361569045
317056,0.025308915284315493
317065,0.016824496041992223
317079,0.026260654393744025
317080,0.027532864068530026
317083,0.12861921909804003
317087,0.04480350449970795
317103,0.017523631956371296
317117,0.13233917111151083
317119,0.039575045782339544
317125,0.11159125446703341
317126,0.10827191818637712
317134,0.1062516842284171
317138,0.033149264221619935
317142,0.018599930274134358
317150,0.01166836875078741
317184,0.14553315363838873
317190,0.07284626115108317
317196,0.02815381857537107
317197,0.07174397402592585
317206,0.042389177486217844
317210,0.016028134851406677
317221,0.04358867147690767
317226,0.11465926822318444
317227,0.13939340733652025
317236,0.027002559421905964
317237,0.08957724309553029
317241,0.01898180699404601
317249,0.029310564949155838
317256,0.015729507777118984
317282,0.051500778746347176
317294,0.024820062441928137
317298,0.04658361244832705
317300,0.022041135993677213
317307,0.09689989460129234
317311,0.024918065342778777
317318,0.03468653865776576
317322,0.0749758069382094
317323,0.18412058128731904
317332,0.04580654957328807
317338,0.018213737390493315
317346,0.012303923990387522
317347,0.033388113635321987
317349,0.11224100339478389
317354,0.2025213005050423
317369,0.24259200636728115
317386,0.10294160560108463
317389,0.009750241607420398
317410,0.10852124886712858
317411,0.08069428030774763
317422,0.02239160723405012
317434,0.0188077894757687
317446,0.020772939816521674
317449,0.05106161740533878
317455,0.09351152573067992
317469,0.014464351686792432
317475,0.039390467747423816
317476,0.040345404552590634
317487,0.04900112916427342
317488,0.061088241935454216
317499,0.11389439431994323
317500,0.021390055366431966
317506,0.06324035484214588
317515,0.06800158182732838
317518,0.09781685359362254
317520,0.28024242103023955
317546,0.09250541497936482
317549,0.12198823441402143
317554,0.01459080535375525
317565,0.04213137543250743
317579,0.054489592183628546
317591,0.04138149760920462
317592,0.2171620125588242
317593,0.18522988877135288
317594,0.012342283744993103
317601,0.24908311469454847
317603,0.09890735069552749
317606,0.05574862502415749
317608,0.04627519035059146
317611,0.0554345952476034
317618,0.04557040555279219
317628,0.02127488695357855
317629,0.06058903205658871
317642,0.056274810494105154
317644,0.02215374085844037
317648,0.20890870327437824
317650,0.013781319004063064
317665,0.10644325814264939
317675,0.06659008371504857
317695,0.144740727873682
317696,0.096869833959247
317704,0.0800826157576902
317713,0.014384048083676711
317730,0.1165480156826926
317735,0.1602499289888714
317736,0.03927363770013933
317738,0.1616899185747561
317747,0.09772893955190007
317764,0.05021419025682609
317765,0.0935552860017384
317772,0.2452480386776224
317774,0.011009443073088406
317786,0.019097108053469473
317788,0.05017024757143438
317806,0.19748244781688246
317809,0.20846009329734977
317811,0.016380668821195415
317814,0.03802451185580711
317815,0.07241231271041818
317830,0.09272468073947035
317835,0.045742364297738744
317843,0.09585795564887395
317856,0.04638181074450436
317863,0.11453641265866446
317876,0.19649862330971046
317889,0.0885851675997798
317902,0.15092188030746398
317910,0.021958339235830383
317914,0.04921055286379182
317933,0.08241928843599049
317936,0.2011263378516861
317940,0.02522180022935776
317944,0.022394379503311614
317952,0.08948071581109236
317955,0.07656897153014876
317958,0.0108968075826517
317965,0.028239825551298864
317966,0.10958492612759822
317978,0.030190675261787054
318000,0.03888376309320406
318007,0.12069662599575744
318008,0.16665298560973513
318012,0.010812354065203072
318016,0.009170029753869926
318019,0.06143207887972846
318020,0.01421157186214897
318021,0.014800219721245175
318025,0.123052373214944
318036,0.022664617913479526
318044,0.022104983053917948
318055,0.009359701300739742
318056,0.12577837276670473
318057,0.07024438233677012
318065,0.056295147956652344
318075,0.03248107704939217
318081,0.5021895654447502
318094,0.021438896415397556
318096,0.01138551840143734
318104,0.027370515031941094
318105,0.015632090290443622
318109,0.14264737672833114
318113,0.019441239278865596
318121,0.11859922047637037
318122,0.2118315510067354
318126,0.042925918216495454
318127,0.07876065564580478
318131,0.11741481725794174
318135,0.15738238594922233
318155,0.012272209500793616
318156,0.02165156302020344
318161,0.015463062612306492
318164,0.09437178708828696
318169,0.10634865950997893
318173,0.12122745009133426
318176,0.20122868310098735
318177,0.07301868725764983
318181,0.04569743298514459
318187,0.015230846080751708
318193,0.014795714370934337
318203,0.06670288683908186
318206,0.026624882744284577
318214,0.027618931051699373
318220,0.02920309441906501
318232,0.03995288530602617
318250,0.21557522229456158
318251,0.18914734905458444
318252,0.021215889330215086
318254,0.028949280148054878
318260,0.011165901662917022
318261,0.008615703403753432
318263,0.0920863399903482
318264,0.13785298484938444
318266,0.04706107956908105
318267,0.05012998501845391
318268,0.051559450322581094
318270,0.022041135993677213
318274,0.07926382144847681
318282,0.08052087289834829
318286,0.043714338567769906
318292,0.02074477220564105
318297,0.010517123853604817
318320,0.0738537069578475
318337,0.022015374846762907
318343,0.07390169418172306
318347,0.040930986826065094
318351,0.1797192861881681
318357,0.3581460613059896
318360,0.013763272206444323
318384,0.015067051975994186
318385,0.011180021614525073
318387,0.15018962151646736
318390,0.07524100298200066
318391,0.03230064452905569
318393,0.019048876094569726
318406,0.013568994007157298
318408,0.25677812581991155
318410,0.137893969364151
318424,0.10287117861258026
318428,0.07840059016585925
318432,0.035162695088684574
318433,0.19233834220996632
318445,0.096703418211645
318452,0.3373059293250976
318467,0.06369545066128006
318473,0.11311006963286332
318480,0.07901906902037634
318486,0.2027645198829505
318496,0.011070160808273107
318505,0.3538959654992851
318511,0.07236795938041388
318517,0.054603078248981786
318522,0.03476417759436164
318527,0.05829150701726578
318530,0.03959905693794234
318531,0.05233006573577341
318533,0.014118767399882336
318535,0.021931222477269523
318536,0.04330149468479867
318548,0.07739791315468887
318551,0.07285358053050621
318557,0.10852986024372842
318576,0.01507726786810073
318581,0.27165842859870143
318607,0.04945867618180304
318609,0.025443713917370037
318615,0.22623455178024882
318634,0.04929741984192384
318640,0.21584153430145325
318651,0.20183721066773966
318657,0.11417840169540719
318669,0.07462202773851115
318674,0.07953616970232294
318675,0.028901856975288187
318686,0.03797801844671499
318694,0.014230636594332633
318760,0.04297470303729948
318762,0.01053076549830728
318763,0.011540074733491999
318765,0.048724483871347424
318766,0.05995290460643525
318769,0.20914145723548647
318775,0.08626487047569031
318782,0.013770654005755787
318786,0.3435604471160143
318792,0.010142034990558909
318801,0.07759231937217552
318802,0.047827362047363695
318803,0.04442276810913913
318805,0.12487888844316312
318813,0.1325247125425809
318817,0.04435245107347509
318821,0.04722774012420257
318827,0.08896885262538928
318834,0.18372911721567436
318835,0.018554521909520783
318851,0.030596517503415643
318857,0.010491998254014655
318862,0.03589045708024788
318874,0.048236357835574256
318878,0.03844858996557083
318897,0.021762227440342084
318909,0.34299049823955596
318924,0.04063256245035737
318927,0.025922175144582577
318942,0.12426122652208507
318946,0.07171562597843713
318957,0.1803203338360793
318959,0.011938275563323612
318975,0.00886148263222116
318982,0.009294863754016149
318987,0.012149820508686269
318993,0.010797309238747561
318995,0.050574160173077566
318996,0.014612115157675973
318997,0.0378606955037243
318999,0.06453785777401988
319012,0.39792176858504213
319014,0.08506895013619124
319018,0.06875565041027673
319020,0.12533252085581995
319048,0.020168676762251446
319052,0.07556284525467896
319067,0.06902808592811512
319083,0.013791206867737596
319088,0.04176002823252868
319089,0.09378779504502402
319090,0.3297376002712109
319096,0.020162053363116855
319099,0.07459815650193032
319108,0.010922331243035703
319116,0.04578448822520636
319117,0.0680192297883623
319119,0.08106912590398202
319126,0.25854844668189453
319133,0.10321883421298353
319135,0.0706899423495673
319137,0.02917274911296302
319143,0.07626116490833923
319168,0.11252830639465614
319170,0.023131275195428572
319174,0.10421930803195278
319181,0.014600928798290983
319192,0.021596423893411553
319193,0.017198573926302134
319198,0.022282391511538113
319211,0.0314193650541624
319219,0.08291117677997958
319220,0.03175242374176709
319226,0.09656599131506313
319240,0.06278063511666976
319248,0.025325862505020374
319257,0.022535307235294084
319261,0.10268377694368473
319264,0.020990639335702332
319268,0.01706537372280477
319289,0.1341669684188126
319292,0.018434963309805243
319295,0.06437764015759403
319302,0.031767548739656
319308,0.1793921352262848
319310,0.1422102991733746
319313,0.04825974843169669
319322,0.008877858329908821
319329,0.010852720647274963
319331,0.05675292744461965
319334,0.08779327989867765
319346,0.011395239988613717
319352,0.32139514015154996
319358,0.2371774206106243
319363,0.057392359107096426
319365,0.059062123937123755
319370,0.00877702911477253
319371,0.09123595444027863
319372,0.022507070253797973
319385,0.1292249436898592
319387,0.009574839082506972
319393,0.012427474417293647
319396,0.05743728248063368
319406,0.03251943474361586
319439,0.0148683379848461
319440,0.05215053181338915
319441,0.34193621805688823
319462,0.046617320086007843
319471,0.02967810621982509
319475,0.01276152432762477
319476,0.07169149199109387
319486,0.07714633133231812
319487,0.07190559502307595
319489,0.06427920051079382
319491,0.057680907816100725
319494,0.015435278645549392
319496,0.19810503189431572
319512,0.02979756430230155
319519,0.01965240214864984
319522,0.014600928798290983
319530,0.03665468474284781
319540,0.012742813549373986
319547,0.05126540879322257
319549,0.10486611187259894
319559,0.032610596870364564
319561,0.028348410520916918
319566,0.030631008873729382
319569,0.047866712043831486
319574,0.06375001276685935
319579,0.03927719356389094
319580,0.12441642779650257
319582,0.015578450642037087
319583,0.03620002991881473
319585,0.06948465848166133
319598,0.1477950000125375
319600,0.07188840295508345
319602,0.009275247783291111
319603,0.04002826519456953
319604,0.021204719045955216
319608,0.011805109001339263
319622,0.06334454574140877
319623,0.09750926714413585
319625,0.03569801185413672
319628,0.07246525995905524
319637,0.07499784546438337
319639,0.08434138273695817
319658,0.03859608766878422
319669,0.04582933447111656
319677,0.02028211145763949
319683,0.19465778063838077
319688,0.01534915884258257
319697,0.049861107459162016
319700,0.028710679889701458
319727,0.17107212700243618
319747,0.031580228167238523
319751,0.017482095665046195
319758,0.03740589817112903
319759,0.05179868161064257
319765,0.025548176745225394
319768,0.03379724092778984
319774,0.10637429934131151
319776,0.038654198870482014
319777,0.023827134769629648
319785,0.03761432860877659
319789,0.02273141903078238
319792,0.024029900732390815
319799,0.027052756914711013
319814,0.014123951407435229
319815,0.031290186176704864
319822,0.07411041118647994
319829,0.030004761784294197
319836,0.06700286589015393
319837,0.0268071748892711
319839,0.09686496762115959
319843,0.013974478899572979
319860,0.11406064798138457
319876,0.22596680970249614
319877,0.029840372921468128
319887,0.05497259671304831
319889,0.009549145349318368
319892,0.03288582647787647
319893,0.09421753911786114
319897,0.051779827678077574
319898,0.053070007250574
319911,0.0797606572898024
319917,0.11426852793121409
319923,0.02636394632875458
319927,0.029795021840157265
319929,0.14288165093185803
319931,0.2372781403461534
319948,0.10794317369828106
319949,0.05216723054194368
319992,0.12591091209641447
319999,0.03637728939062724
320001,0.08277227870611287
320003,0.016301535977996752
320004,0.1898566070360666
320011,0.13045877505110084
320012,0.03613322035918979
320021,0.11209673038296515
320026,0.022025800378220932
320034,0.021172533312887036
320041,0.3021234310853761
320042,0.02777048095318015
320046,0.027611571694385877
320056,0.011150225511436844
320062,0.024844344792555373
320093,0.18423773456067885
320094,0.0602047089393456
320101,0.10214090860744214
320114,0.031051623101158186
320126,0.046610236250168025
320128,0.01486643395495644
320137,0.03368673696558118
320149,0.07577371124456983
320165,0.053052036283744976
320172,0.12269321533728161
320173,0.15155312949945782
320175,0.13551940639395765
320179,0.04375345315146245
320181,0.03229533251802029
320191,0.044230710999373805
320192,0.023789035662781302
320195,0.009595603594479528
320199,0.05276271595059838
320202,0.045132350359034235
320203,0.293341121559992
320205,0.04447626052416957
320224,0.13396305206593842
320227,0.3022703348111152
320228,0.022426381319671833
320248,0.25999492859164464
320252,0.010692091209326378
320254,0.10721922855569979
320259,0.038393357710070616
320267,0.2101468546779
320276,0.018277960566320237
320287,0.12032962755656931
320291,0.0800985473888528
320295,0.05242835158216469
320297,0.013679026733788133
320305,0.31659486662021946
320321,0.2508593415623712
320331,0.13665923234712588
320336,0.06273807875728606
320341,0.027799525187690206
320344,0.05261856602141192
320356,0.008999451212433259
320362,0.05195438909756874
320369,0.013339554586354493
320379,0.07303906822706309
320387,0.024464469409476296
320397,0.023674509561642992
320412,0.07811736916783495
320421,0.08135854788871133
320428,0.22479024309740372
320429,0.20503120571435945
320430,0.030665518342075315
320434,0.013052256854183094
320453,0.025273219462411133
320462,0.03814767475612241
320469,0.012179593610912209
320475,0.07489772820390436
320478,0.060153696753681395
320484,0.049874274268062936
320494,0.010774776452625102
320499,0.015069845816535666
320541,0.2232792344305577
320550,0.03865095327383429
320561,0.02174696755836323
320562,0.11579503225130808
320564,0.10881634455383024
320566,0.2408800041202261
320568,0.0524071417248159
320593,0.01848184603264151
320609,0.04380307380126994
320614,0.0723161816944324
320621,0.022104099837920683
320639,0.1417489403562579
320640,0.07268837506863438
320656,0.030726460823632184
320657,0.05080454141324996
320670,0.03231251080864592
320672,0.014544728436313895
320691,0.058762930204369124
320693,0.011003215243787544
320698,0.11052575446798114
320699,0.03613618884109435
320704,0.021958339235830383
320709,0.01369429512699095
320711,0.03147434263043843
320724,0.02888914083018797
320737,0.025548176745225394
320744,0.055927450175654515
320747,0.023198283326451734
320750,0.18927217768063473
320752,0.04290265013446014
320760,0.2011117135594902
320765,0.32443453283758855
320767,0.02969262203586384
320778,0.3150602926462061
320784,0.021897021805681233
320789,0.08654746426059548
320793,0.008720921433174617
320795,0.29219045711184694
320805,0.07861804766523398
320806,0.22432995438979342
320823,0.07287204351930912
320828,0.20185256211957187
320833,0.1375013014439581
320843,0.05684757509296606
320846,0.017794827359175727
320851,0.194826376442292
320852,0.039038227517571425
320869,0.033539825476716856
320873,0.15026580000428422
320890,0.009837641662865292
320905,0.1190183024754985
320912,0.09195438246062476
320914,0.010913042040821865
320915,0.016699695288609283
320920,0.04321364493571421
320924,0.02646970951400838
320925,0.023722347903319833
320936,0.14400110371676766
320937,0.010684375301857046
320940,0.07862386296162871
320943,0.06046161566108967
320954,0.014034949787505352
320959,0.10409847570448845
320960,0.017294258872152225
320966,0.018360814855295563
320968,0.01060596618533834
320975,0.04407539433668135
320978,0.009528380837345814
320979,0.061374826015765896
320981,0.014050359147595717
320987,0.05099275233317078
320989,0.08385947839420795
321009,0.31512520013931633
321021,0.17812675524625293
321035,0.11632078426678016
321038,0.04668597189605726
321039,0.1383878977595935
321051,0.018603830486889954
321058,0.01820847740892994
321066,0.4178440317545681
321075,0.20283503764332395
321092,0.009055558894031172
321098,0.1877035448191418
321107,0.3190983576509422
321116,0.2226310848615256
321118,0.012870487425193176
321124,0.0436419546318413
321131,0.030388202327809987
321134,0.1844919891013797
321140,0.03904362004378224
321143,0.12060322973469287
321145,0.020468761098070394
321150,0.009315628265988704
321151,0.03548885569870689
321153,0.32574412649686774
321154,0.07773137033372465
321156,0.01938489736694757
321160,0.02534834774568646
321176,0.05480390097345626
321183,0.122230907107477
321187,0.09621886164367048
321196,0.013634044352416974
321197,0.12340651500820925
321204,0.28714772249636783
321208,0.06533181759146163
321209,0.056104433392568744
321223,0.03903829152980632
321226,0.014446488644644442
321227,0.015799832451161348
321236,0.05568640447387378
321249,0.25451913692485645
321250,0.03220794152212316
321253,0.024530673765634937
321256,0.030076294040443437
321276,0.2845020024726789
321298,0.07877097337842685
321303,0.009158043715051568
321309,0.05910878684445488
321313,0.08154434212109046
321322,0.2386976422821263
321345,0.023299962585205846
321350,0.07576289950705993
321355,0.04113462422273058
321358,0.0747535762313968
321370,0.0938011697627332
321377,0.282545293589163
321385,0.2207542294890516
321398,0.11970295565801625
321401,0.022635635021172513
321415,0.027918181149094407
321416,0.4566485241019419
321419,0.01854164987528234
321427,0.018238369219767934
321433,0.010272309364754716
321439,0.12786507738307026
321455,0.09958317001522435
321463,0.12679740064189893
321465,0.0446765261887004
321480,0.014600928798290983
321486,0.02183889389869424
321498,0.1667661556161716
321502,0.1964571263308803
321510,0.03699099135210545
321524,0.06675639601322902
321526,0.14407136959562714
321528,0.11428838516244906
321533,0.3739536132744834
321536,0.07501572480413983
321548,0.17807322950883794
321557,0.039950411558147575
321564,0.0600083336077639
321567,0.03640984641586797
321602,0.09375069972889057
321625,0.17970415375881485
321627,0.07190485972509679
321640,0.052354658581906834
321645,0.01507829260420089
321648,0.12268161814061725
321649,0.10302420929457583
321652,0.04170719416695469
321659,0.07402287198961278
321667,0.016048183982251628
321676,0.06181745207119129
321696,0.036817391368463195
321697,0.036598664766901025
321702,0.03375031883191017
321704,0.017208290906262982
321706,0.03215770545482303
321710,0.05000339038580946
321722,0.06369207640957297
321760,0.03801510585197891
321770,0.04400945571941983
321779,0.054226219939392896
321784,0.10527716052972189
321786,0.07632433618669668
321792,0.04358081286476169
321795,0.10614961384681598
321801,0.05582587356956632
321804,0.013488257836156278
321806,0.11323461947994051
321807,0.11864362535877689
321808,0.3888914478194862
321809,0.04031661377667982
321825,0.06486152791452575
321828,0.047247796421172335
321843,0.10570530826238016
321848,0.03054488547373351
321854,0.10826514006527614
321869,0.03980511435436064
321870,0.11676362769587038
321887,0.016295497626660476
321896,0.022881218340942776
321898,0.12510242669665203
321908,0.01875646259982764
321910,0.02796025165537907
321915,0.1673839152104016
321919,0.09267761044539606
321922,0.04941456400845155
321928,0.17640127637930758
321929,0.10160093867620383
321932,0.11706414255821754
321934,0.23867823052019738
321936,0.262405018137896
321956,0.020468761098070394
321957,0.09400743920983776
321965,0.009055558894031172
321970,0.0410567405443725
321974,0.015973353945968112
321980,0.03446405876543579
321985,0.012018192531505822
321992,0.022649629227653834
321999,0.036677701459798116
322005,0.011566009312989196
322018,0.02748491810776981
322020,0.014792506948341236
322021,0.14898873526333634
322023,0.011346583807524603
322024,0.04270331112878993
322039,0.010072816872240445
322054,0.08363525484105815
322061,0.029036810397736423
322082,0.010576451771463284
322088,0.24509754659012967
322093,0.05680410983614711
322105,0.10738325229097052
322111,0.019686934540166248
322113,0.1667245288855869
322117,0.015410559871153296
322120,0.024881199565381533
322123,0.053610562003345054
322132,0.041718349640802135
322136,0.11508337626500675
322141,0.04309358448819545
322147,0.11767500126299621
322169,0.09879514004214376
322170,0.20125346392249915
322172,0.12910813302964455
322196,0.02836059180902244
322198,0.22051584114513356
322217,0.061112816935705416
322226,0.1906802769172855
322227,0.04635554991617323
322229,0.028804645897282884
322242,0.025755729879218852
322244,0.040732171157442175
322249,0.057935006453997094
322250,0.07625333731385411
322253,0.029920389643454413
322254,0.12879976841878477
322267,0.019423147881929663
322269,0.07902293129600753
322274,0.33551079149774404
322285,0.3138369061008604
322309,0.04253143239003597
322320,0.03479321818113781
322327,0.022903151560191765
322331,0.06668709490734001
322332,0.026228288992091158
322334,0.14534335894048767
322339,0.1532415281760406
322348,0.32660096042831904
322350,0.6003195049086939
322354,0.06361294168002364
322356,0.031037785791422794
322367,0.0885424017363249
322369,0.0414130977301166
322372,0.08300637838942306
322374,0.06124832262903118
322383,0.24408394258927496
322388,0.2738467239296944
322393,0.028400971408650916
322395,0.051962449194956115
322407,0.00899671800403247
322413,0.01633242503818628
322416,0.009692258456223382
322419,0.010339360612680728
322424,0.041069501828541286
322432,0.012074203081604585
322442,0.035112705630381234
322447,0.02317532165443123
322448,0.19470093737699629
322460,0.03696961250839999
322461,0.21017886897737462
322468,0.00982494192017622
322472,0.19323878954852172
322473,0.184267690242316
322488,0.026505795051763002
322490,0.04142098072351481
322491,0.08156719576450604
322497,0.09987322655036557
322503,0.20310634799541555
322521,0.24630431190579513
322525,0.12382217384756904
322533,0.14314777684820962
322549,0.21379380808561005
322561,0.09545055968903073
322566,0.04362831134149148
322570,0.34193848569128105
322574,0.0429876615355179
322578,0.013665310549421139
322579,0.04099630250290943
322586,0.03675894557203521
322596,0.10636296710208477
322598,0.04816532537060587
322603,0.08400563638927108
322614,0.05635163534685091
322626,0.010253158515354245
322630,0.11029232023601869
322639,0.20977783481239326
322640,0.10643730177822316
322642,0.11719877072200005
322651,0.07775582313942153
322652,0.11948776411771615
322656,0.011941320337935355
322662,0.019960725101020073
322664,0.047835030321709916
322681,0.3040263341575361
322684,0.026237663299500745
322685,0.10740122185206227
322711,0.13118292168330653
322717,0.07135131881668505
322719,0.05218005832854159
322730,0.060604100944535264
322740,0.022845646685276964
322743,0.18700826685116803
322749,0.009275247783291111
322757,0.046717207949545904
322759,0.09324915939336337
322760,0.06302075305040956
322770,0.011164133388767119
322786,0.20251876156604892
322797,0.12325187908114862
322800,0.10723904792226069
322815,0.014648223779691891
322831,0.0297616073972757
322835,0.18161662303749387
322841,0.025357709761241087
322845,0.014415503478549896
322846,0.013561868542040903
322851,0.07405362602400012
322852,0.02036606785228145
322877,0.05768712708128605
322880,0.032060429547053945
322893,0.08584117752691331
322911,0.0333578342838527
322928,0.32823567963693934
322934,0.10897413787196315
322938,0.2130622399688234
322950,0.060340226556956734
322959,0.017582839546849645
322961,0.05589653061722237
322965,0.12164014203548897
322966,0.025625559810877257
322968,0.016786850573274788
322977,0.04031072325924022
322979,0.07523114287551727
322986,0.13724563558365668
322990,0.11125969410592104
322998,0.027890857050773384
323005,0.02523295121294573
323008,0.025426038961617332
323014,0.03876692779888148
323015,0.010881762756196194
323025,0.09301182561398091
323030,0.04610432340423336
323033,0.0421066750065351
323036,0.08653641198780963
323043,0.1060682747575776
323049,0.0271203284058808
323051,0.2685005792901772
323053,0.02646406244920362
323056,0.10851790839171109
323059,0.10336805888674883
323076,0.03291107917048443
323088,0.04995596697312911
323108,0.4976908756764469
323112,0.044642123943137914
323127,0.017648000152344478
323135,0.07924685755399044
323137,0.050696638628927794
323141,0.038552358339494594
323142,0.02687552510066691
323147,0.13132366351294472
323150,0.2235756534822464
323153,0.09793413431430029
323156,0.04084727280349741
323161,0.02183889389869424
323171,0.009680057111928157
323173,0.07658815565904474
323176,0.014146587702969282
323184,0.07550023594708355
323189,0.035043765230501914
323193,0.0303209856777066
323209,0.2899921046545741
323218,0.2568003293855229
323224,0.3045617190223976
323235,0.17002440283928982
323236,0.019975798782569627
323242,0.012371665872447623
323252,0.029923143289117344
323253,0.27001131158993746
323254,0.011474384437806897
323271,0.027435167745671778
323276,0.046243246824711245
323278,0.08491537975034659
323281,0.011869374999415093
323285,0.02889729170411533
323289,0.06116787606759603
323292,0.029865432924616853
323297,0.09814172544061651
323312,0.022462376946449158
323318,0.00877702911477253
323319,0.018922927145752298
323324,0.034722919350021385
323325,0.12553517909159706
323328,0.12390395630115492
323334,0.048857927044981965
323338,0.22923793676338877
323340,0.02388510875620094
323343,0.15841608733950716
323354,0.03200295845635678
323373,0.042983345376659
323376,0.03230847024356047
323381,0.0506612029472393
323382,0.1180321928189362
323383,0.1850172833957028
323387,0.02148880702988607
323394,0.07922441006874167
323398,0.021765913508056622
323405,0.07113659856333115
323407,0.11503398651492644
323428,0.4590351290837421
323436,0.11200152454839538
323451,0.11423950651963093
323455,0.054761724664037136
323463,0.027385098147796143
323466,0.08951476403612543
323475,0.03993482226619004
323477,0.03805443058661255
323481,0.010860074472861934
323485,0.03772384886506912
323488,0.02942215321647384
323493,0.04718765950376767
323494,0.02445620305290293
323505,0.08465566621582524
323506,0.03621665954169845
323509,0.010812354065203072
323518,0.02506347732223741
323530,0.11403988084326214
323539,0.028432544547358392
323549,0.03371499014833451
323557,0.034966776589996265
323568,0.09734830627701098
323569,0.015735477706788223
323571,0.02344701421602008
323573,0.13329361510549687
323585,0.02464945698972981
323588,0.04345682718739452
323599,0.2974618835647527
323615,0.010110983653735618
323617,0.05138714886732385
323620,0.2455698402543575
323636,0.04476998970713318
323665,0.02642666571731156
323670,0.011364411014344586
323675,0.04717599318191963
323688,0.04610012760645887
323693,0.04030223329163306
323694,0.04375345315146245
323696,0.04234665731412729
323710,0.03292559255538571
323716,0.0619505904367443
323718,0.04771912395901468
323719,0.016632770680624583
323720,0.040613111375827876
323722,0.04137760498411548
323729,0.24612582883289397
323738,0.06845668864996202
323740,0.015624562581393706
323787,0.021006967767260958
323795,0.0281847208502019
323801,0.022297634508897886
323810,0.02877424219663216
323822,0.03282248831880884
323825,0.1017269744452877
323833,0.04375345315146245
323860,0.013753258619799438
323871,0.010272309364754716
323879,0.0638429579937922
323888,0.029947870789854246
323891,0.3831200330177391
323894,0.13671856551853492
323909,0.023038364738908947
323911,0.04671275646122976
323920,0.29355502424146424
323923,0.051833036485120755
323930,0.021404778486465027
323935,0.10931902399398634
323937,0.1552007916454092
323938,0.024407657791913128
323948,0.06465384200474475
323956,0.09100635028125256
323962,0.13938072208700455
323964,0.02130586063342136
323966,0.02999044179734402
323970,0.010431339464924031
323972,0.016878520359145378
323977,0.04467133179905919
323985,0.10824969067341221
323989,0.01566279888254918
323994,0.03483176714071726
324010,0.047661738329867254
324020,0.07822655027399829
324033,0.04090034713620413
324052,0.21766933706270142
324055,0.016460699791533438
324075,0.011543971261863751
324087,0.13034013023681168
324088,0.01393442437310933
324091,0.039588083607523875
324104,0.05710044286150886
324109,0.16041600173981774
324114,0.03190388766491427
324118,0.028246031010384236
324125,0.12658800125933925
324130,0.17960247186494888
324146,0.014451881434892849
324149,0.04357531145688095
324156,0.009574839082506972
324170,0.038433545307445846
324171,0.059713417066792715
324172,0.03192291230427276
324178,0.3507052746598285
324180,0.05944285315452215
324220,0.01635734305656087
324222,0.019255002922468963
324227,0.044086551628817756
324229,0.08115733590922837
324230,0.12005749008393847
324235,0.06437418579507065
324243,0.025929065121784983
324247,0.3748693904262855
324264,0.2172008306536514
324269,0.10615240682781693
324270,0.05929956620028659
324271,0.09004488985068035
324291,0.4920328749157952
324293,0.028229632778956786
324296,0.13077908805644717
324298,0.15204532344828597
324302,0.20481041987057563
324305,0.01403250035030543
324310,0.039934762897392916
324325,0.027848193143095612
324339,0.06905189737994952
324345,0.0450964983459263
324347,0.04144515578650047
324356,0.020167782595906014
324383,0.04658364412033311
324387,0.11553991132786587
324393,0.19460055373154844
324400,0.08778552188190171
324401,0.03275034739560452
324412,0.08358254925603884
324414,0.030890024546601464
324415,0.17602249126303401
324416,0.022394379503311614
324420,0.15765314487152288
324437,0.009415808982337655
324445,0.24983183582305957
324464,0.10831225460429476
324472,0.047558123914229714
324496,0.08591366154720495
324499,0.09076447318560753
324512,0.029930469041203465
324544,0.12089461256828957
324545,0.028055457730603073
324552,0.04771035201551442
324553,0.04375345315146245
324558,0.1431082885466153
324559,0.014872221401696856
324572,0.0763440957226538
324582,0.07803729435188858
324595,0.29662780974180847
324596,0.2710168306740172
324598,0.06146361612588287
324614,0.12994329813704847
324620,0.24377090709058669
324621,0.028750933515052184
324624,0.11959298986121362
324651,0.1378110409033301
324655,0.1565459979096096
324669,0.013090648619406935
324674,0.41073862453565
324677,0.04771877628182637
324681,0.05457561555471342
324689,0.009712007983285701
324708,0.010423014374484991
324714,0.3096281344114025
324716,0.19500013405843475
324719,0.04926005709384998
324731,0.2423625677936553
324733,0.13238405264878747
324741,0.20583619759844227
324745,0.058909785078911356
324747,0.20870749421203608
324748,0.011049396296300553
324764,0.07958633291845167
324772,0.046421726515101916
324788,0.059008512850328355
324795,0.02010411175190962
324801,0.028346745846755637
324811,0.05624343668018198
324816,0.29552538718878163
324821,0.18040227694451016
324825,0.017490921973825978
324840,0.23182380342329584
324841,0.11860726892693223
324854,0.029450845332103764
324866,0.016508971373288123
324884,0.05867439666024861
324894,0.10419522191930368
324895,0.030878918420410916
324913,0.024046584388119248
324914,0.0419409296710061
324944,0.0876214962768231
324949,0.29155238572078573
324978,0.030380475211906687
324983,0.016778464376803148
324987,0.038891075563882674
324995,0.009521027011758842
325000,0.02076972383446494
325001,0.3545393241032318
325005,0.04596330025012384
325017,0.02630305254492284
325019,0.07629106819618875
325020,0.009247823523567043
325021,0.3741263513297691
325041,0.04224419146077004
325063,0.4155449119776284
325066,0.04652013442626983
325070,0.11225282765629965
325102,0.19532143923170878
325117,0.02119155205707799
325121,0.10968557129069782
325136,0.02840383771798611
325153,0.036409461637269616
325157,0.016821998355813036
325158,0.0418086064597303
325163,0.12285690419203851
325180,0.07942801043846924
325181,0.0424018111660107
325185,0.23042821343887102
325194,0.025482776795883722
325196,0.12240770270170265
325206,0.02813609367737918
325212,0.023782324692108614
325217,0.11351176889183257
325218,0.06109969661069157
325223,0.03308566093715077
325238,0.2989457710825373
325254,0.11415748966513706
325258,0.044138544816199846
325268,0.017542702529677302
325269,0.13470563011355857
325275,0.017325506784702703
325277,0.059951365141742374
325282,0.010607420254340316
325284,0.05943458143813594
325289,0.09436752198452517
325291,0.30507855243333865
325300,0.05915012619786832
325303,0.08001317099666329
325306,0.014522157746836763
325313,0.07584012687943466
325316,0.14674719144501336
325318,0.01239585842550488
325332,0.0600334273863141
325344,0.1464673678892047
325354,0.03831207207424176
325360,0.008700156921202063
325364,0.03604585374970639
325375,0.23470908701176646
325377,0.010791589553230514
325380,0.015407584595035042
325390,0.07735428615239395
325392,0.019616798530269937
325395,0.05205937197563708
325411,0.024029900732390815
325412,0.06830241423949494
325420,0.05989840454585861
325424,0.01950740287911575
325433,0.031225157158369633
325438,0.017281966214117355
325439,0.02134912170078827
325443,0.04680960806741146
325454,0.05468763248662004
325464,0.03707559341924426
325473,0.019188011530640658
325476,0.011459517744415122
325495,0.07853565521021158
325525,0.03973203727578563
325529,0.034129001845544474
325552,0.04154427834775647
325553,0.28080401158617974
325564,0.020061806661044755
325565,0.09575604497704114
325580,0.11326192880490113
325590,0.40840323042982674
325591,0.02925732090281662
325596,0.03887667121633612
325601,0.034384989119342665
325602,0.13982724740555488
325623,0.019600488445832186
325625,0.028949280148054878
325641,0.2105084267607133
325645,0.04176002823252868
325657,0.10416429419472775
325680,0.02491108594749248
325691,0.03774676899909722
325701,0.04149584015265473
325710,0.06256388393030604
325712,0.030681969707315654
325714,0.07966449379576361
325716,0.11672154049573555
325724,0.19812596347822126
325744,0.1150126885631995
325751,0.20240784002092577
325757,0.010888070585281455
325765,0.06627759856858517
325767,0.31143610836277336
325770,0.2168808264820417
325778,0.09359397102044056
325784,0.04740941458912645
325791,0.18868589025160035
325809,0.22052126447118464
325814,0.12601191589365768
325817,0.11812385045163701
325820,0.26801209915125374
325822,0.10251616572551696
325830,0.0583095355611844
325832,0.20436153440184518
325840,0.04635399903438114
325849,0.03746301571913165
325852,0.03391947513715608
325859,0.026438596266907494
325864,0.06700264101100709
325865,0.11159842187874151
325879,0.04674360665816779
325890,0.00877702911477253
325899,0.013940702726901913
325908,0.04098109023884002
325916,0.08004172094793778
325918,0.043146398761099554
325919,0.011020927878927207
325922,0.017285058180098494
325925,0.021738836381470516
325934,0.011410461029907077
325939,0.010707136035781885
325942,0.016459681928933108
325948,0.32390957667778897
325954,0.042456144675396164
325962,0.028449653507894246
325966,0.1864804155398384
325969,0.024046400179027566
325971,0.01367768799339301
325972,0.010754011940652548
325976,0.11455680322795225
325981,0.03936783443325736
325992,0.10809522026696387
326013,0.039516252989037985
326017,0.04603252571623498
326019,0.015494021653460852
326027,0.03520411250466436
326028,0.03487772291911779
326033,0.04286837105184997
326041,0.021593788675291214
326043,0.02195770810638678
326049,0.04210477418822093
326054,0.023212603020636206
326057,0.06560750854355056
326074,0.011077075072920417
326078,0.04500987449370763
326083,0.015492634378711831
326084,0.02528587566197681
326085,0.12993352372335615
326087,0.010805651574610537
326088,0.21585089680846514
326102,0.3797966401713717
326117,0.06294887520119731
326145,0.0585236724967748
326150,0.049783140105942224
326160,0.12202571516495657
326166,0.03739630035328344
326170,0.022271593873003488
326180,0.04525511886085952
326182,0.12142798955188405
326186,0.012128828351875221
326188,0.2976495685202195
326190,0.2956885808682052
326196,0.10295529978373079
326199,0.11907083738727761
326201,0.07790795900859968
326204,0.01941344664114228
326209,0.037165227552890305
326211,0.04268602272320136
326218,0.041904873423729276
326239,0.023233454187128418
326259,0.0497246117461433
326260,0.09508124389905105
326284,0.0846278508956224
326289,0.06297736042796967
326290,0.017431494695829452
326295,0.048548780317588344
326299,0.10524695594831338
326305,0.02684209192363849
326309,0.08114400533442054
326323,0.05508862724377004
326364,0.026200305514051985
326369,0.0154558989017247
326385,0.013231851352252669
326410,0.11795965656912963
326411,0.013754928593486732
326418,0.041328986419457085
326428,0.06407361149485745
326435,0.1856285750393039
326437,0.024538628329853672
326438,0.05996066395523388
326451,0.032127156539258336
326464,0.23467664636429536
326471,0.028506714184696153
326472,0.3797352591329266
326475,0.15261718792302773
326477,0.014600928798290983
326480,0.014914893141322744
326486,0.03128884397480724
326502,0.03279641531759984
326506,0.2076098118013438
326513,0.02273141903078238
326516,0.025532896773379866
326528,0.035349787891684595
326530,0.01856385281906544
326531,0.056583872265306256
326532,0.017892098055401776
326538,0.028619685737257254
326551,0.029217285146890436
326559,0.01661255138595776
326576,0.07408705989392766
326577,0.11311953731514793
326602,0.09957630094588353
326606,0.03300296104621645
326618,0.07991396380676583
326620,0.01892132879251122
326624,0.06981876490146255
326639,0.07686813905110709
326647,0.4037200175060243
326652,0.07957484769260262
326661,0.10703016595361221
326667,0.07815446790420834
326670,0.09885076345679954
326672,0.04062712786180659
326693,0.12178031130340827
326704,0.0450384910068488
326723,0.03718685130205517
326734,0.07805053716715751
326738,0.1521011736529981
326746,0.08394975861404462
326753,0.033141879254779225
326754,0.015494021653460852
326763,0.14382961526170318
326779,0.030665518342075315
326785,0.11175921947006526
326786,0.018877748938142636
326787,0.18669455150056563
326789,0.013515585287171172
326799,0.015624562581393706
326802,0.039157765300625744
326804,0.04066713781827417
326823,0.02800712210810482
326827,0.0567430706041776
326833,0.17397246851048592
326838,0.09664775323066685
326842,0.0395020812925221
326856,0.20796803905957711
326867,0.020045711720284753
326870,0.013177087841344448
326871,0.05572631194415005
326875,0.05926058408312503
326879,0.09218970146450735
326884,0.07774581140848062
326900,0.059860495001665306
326904,0.010720437045177096
326905,0.15816863491238023
326917,0.025160748797370174
326919,0.02094175655720344
326921,0.1803151256238141
326929,0.17785005125554654
326942,0.07816140942285257
326944,0.020486316023258556
326953,0.18541511057586627
326968,0.04083050913095173
326985,0.1228438497296668
326987,0.061855044866358413
326988,0.04133412437678779
326994,0.03999085586712867
327005,0.02014546132471227
327010,0.030592658109497545
327017,0.043855278614386074
327026,0.10792411952257401
327030,0.023929596652303448
327031,0.0211554416164424
327045,0.16937746031124093
327054,0.00899671800403247
327078,0.021820478797592607
327080,0.013224561169195357
327087,0.44786687437896167
327137,0.09229220854531212
327147,0.0906720339359968
327150,0.06712983480350844
327153,0.08530384681502996
327160,0.07326865700241345
327164,0.011349744498396522
327169,0.24782493441656026
327187,0.12129414657486418
327188,0.10297790325244846
327189,0.026238421106149573
327194,0.013048705325357804
327196,0.13819548178588392
327202,0.12797422853769147
327207,0.01809989223079197
327215,0.011294056641100904
327216,0.12528575492332922
327220,0.08496420461259091
327222,0.034012671041180075
327230,0.07599769251943884
327231,0.3366482771157191
327238,0.043362752932508804
327247,0.009578370748270965
327262,0.034229779520669884
327265,0.028997534093818132
327267,0.014107670817256081
327273,0.010632559453061198
327276,0.0874785007170655
327280,0.11524845408342206
327287,0.04119863698391786
327301,0.0986326742123433
327307,0.06997485626261238
327309,0.15928391906309575
327316,0.08713428395628213
327327,0.11986723895728553
327334,0.18261424565215437
327335,0.19653784080581485
327338,0.010015930627698923
327341,0.05655506400238641
327350,0.03304504999014561
327355,0.011179283319170737
327370,0.026441771408240465
327386,0.03244690735929629
327391,0.18477382771542222
327393,0.13251513304450535
327408,0.022798880173172924
327415,0.21196469640281707
327431,0.08330333175734912
327445,0.018866832625293685
327449,0.15943506932526347
327457,0.07866864071606423
327488,0.010272309364754716
327489,0.023181125071956955
327523,0.05899053831608828
327537,0.0276141611094542
327550,0.24186211398451002
327556,0.019583472672404068
327562,0.010635983527728463
327567,0.18479659292485567
327587,0.03385341117828559
327594,0.05015338030236406
327602,0.035368604671185515
327604,0.13388339320522008
327609,0.05004970514630491
327618,0.06573072237472559
327620,0.061964278416194084
327626,0.229133445600706
327628,0.017351277817315762
327629,0.11838558957920842
327631,0.09925998893110498
327633,0.054289106898433095
327638,0.010868482800491304
327665,0.012142598279368422
327689,0.024213330295494367
327697,0.03566112107571193
327702,0.053327744215401575
327704,0.122676780564167
327723,0.044233442526227025
327726,0.024160480808376218
327732,0.12292327878946571
327739,0.05714129734180943
327750,0.023438779911973982
327751,0.01342254980997613
327765,0.105576474206414
327766,0.01000695165424924
327771,0.03909086491572994
327772,0.3017290407503391
327774,0.12203610578421353
327784,0.01556745769534985
327789,0.010635983527728463
327794,0.013953829249316194
327799,0.07354755436330215
327803,0.09448124650241074
327817,0.07337060046369889
327819,0.03248040001466237
327823,0.18691560766351265
327828,0.46419792478006217
327834,0.12012136333123305
327835,0.024222090600637364
327866,0.3915348352361506
327871,0.028502919858185066
327886,0.08545475676015105
327900,0.13037319854260038
327901,0.17726000030245895
327904,0.01572138624905693
327906,0.16231569424162426
327908,0.08718796269407655
327909,0.015235645997197686
327914,0.31235583141163703
327917,0.1267933761059553
327928,0.08464609351779723
327947,0.019047282185968274
327949,0.029097293802241825
327952,0.03865114477382854
327954,0.03678218089491843
327962,0.05225667980712473
327964,0.2621991957335878
327985,0.040249171831450964
327996,0.0588138431140946
327997,0.05130493524300369
328013,0.009490385565058341
328017,0.114431495771712
328027,0.055037389541338654
328029,0.08750455203144133
328042,0.12785443412176428
328043,0.02175214241010685
328064,0.13265877400872905
328072,0.011729746280361813
328074,0.22428585071622545
328080,0.023093536009900485
328086,0.114220242351128
328122,0.05183343391355216
328126,0.010888070585281455
328127,0.13980736141426484
328142,0.010311929045502887
328144,0.027961944558738506
328150,0.07910888379193556
328154,0.13750787903335024
328160,0.0408840882840079
328171,0.04805413602931259
328179,0.03084603833762019
328192,0.010812354065203072
328195,0.037285816497249796
328196,0.022041135993677213
328201,0.013835128756280003
328203,0.04390445458563047
328217,0.07043423365236451
328218,0.019980752499650534
328228,0.11484859879645311
328231,0.06099267755000913
328246,0.06989131721073268
328252,0.03344001868745082
328255,0.07447253602898035
328264,0.016562031772088155
328281,0.037514571173221864
328282,0.010993288614702642
328291,0.056662309890782026
328303,0.02295924027813847
328305,0.20990513402571778
328313,0.043927960186798884
328336,0.08842624696199115
328340,0.023118522743780706
328343,0.02035115281301285
328368,0.37592526801665777
328372,0.011985911793196833
328381,0.10409601568994328
328383,0.11491583983181412
328385,0.0154558989017247
328393,0.0226520480470302
328395,0.029766624801776238
328409,0.011227234661729087
328424,0.09254090747711431
328427,0.05341356731045096
328456,0.06418056502360592
328463,0.08773690719005792
328489,0.09662194917916146
328491,0.049470219832626054
328509,0.021232487277559664
328516,0.17256293906974868
328524,0.02832258846749805
328535,0.06707963805944846
328536,0.027182827172029918
328539,0.06809243105928049
328542,0.5430731302133226
328545,0.2230085179318433
328549,0.10423906619571643
328554,0.020648415302182622
328558,0.055064273489671925
328571,0.047275860730105944
328576,0.028717507329940238
328578,0.05042132361574003
328588,0.22015957555126278
328601,0.02674390703424716
328604,0.10470344610399532
328624,0.012709161714174074
328629,0.04744887804961086
328632,0.009145948881610244
328634,0.04215896425755293
328636,0.051842765306306694
328637,0.043321050728380994
328647,0.08900931490126947
328668,0.010922331243035703
328669,0.04112425052797776
328678,0.03344930182610575
328684,0.06265088344560223
328694,0.04178467074795909
328705,0.032144424086979005
328712,0.05165355637704237
328720,0.04662177372449675
328729,0.24425207878430594
328730,0.009332277041015672
328733,0.01890599317705494
328758,0.27379257106221466
328761,0.02410994793024132
328764,0.03345729428744685
328777,0.07102465833299462
328783,0.07498363254348205
328813,0.10729678408809791
328819,0.04375345315146245
328826,0.024035801342779023
328829,0.04940274216627093
328834,0.02140881465468459
328845,0.01262658238871384
328856,0.1317623506898023
328865,0.21047391233900486
328868,0.17586033605611565
328878,0.257377757999505
328896,0.013403117501664761
328899,0.015019920284504685
328909,0.04551638266056188
328914,0.010888070585281455
328926,0.03816537562005691
328934,0.054986806604161755
328935,0.012635687866532458
328949,0.0295597658750373
328954,0.02776596225660155
328957,0.047225957388669
328968,0.1943116247941325
328974,0.017365774392493816
328984,0.009319807023621675
328991,0.04436015644601533
328997,0.077306154815164
329000,0.04774958577611506
329005,0.03452557082943668
329007,0.04030223329163306
329018,0.05191607156986322
329034,0.07133133522630096
329051,0.21731644822824
329052,0.056119668805979184
329055,0.13544437892909916
329062,0.12295046812653329
329064,0.13500202982630322
329070,0.22168349039223897
329075,0.01471733318709716
329078,0.11788511881373125
329081,0.010812354065203072
329086,0.2194210653936378
329101,0.054485708760047234
329105,0.19179973985558835
329113,0.1441566789411787
329119,0.1417435470913163
329133,0.03692358712014869
329135,0.023383553913982225
329138,0.027353816502195694
329143,0.06696135547447342
329157,0.11377096397254696
329165,0.1180098150176186
329170,0.024704848859090807
329176,0.18184073754839827
329177,0.06579463620161444
329179,0.04728045604323389
329196,0.1041428243558132
329209,0.05913280939562422
329219,0.180978977540055
329241,0.021030244051523556
329245,0.1409299121067262
329248,0.038053463970405654
329249,0.043322918416612906
329251,0.04710873575703671
329252,0.02388236710145871
329256,0.053626780096976676
329261,0.0313082984380981
329264,0.30774649596667375
329297,0.2004246386223385
329310,0.05857372001033924
329320,0.03127889237187466
329328,0.009483775489209197
329340,0.13797341715649863
329347,0.02720809537979398
329351,0.045850898502725695
329356,0.019298540815964108
329360,0.47706578151069073
329364,0.03224453734823948
329365,0.028123111070316325
329381,0.04749833892729196
329383,0.13132558590175647
329385,0.07425430500555415
329388,0.11022866384815451
329390,0.046458474405251464
329393,0.1530000908080664
329403,0.130861966884136
329409,0.021958339235830383
329418,0.472415815317234
329428,0.020862406073852566
329433,0.019006635965869805
329439,0.03733340353165226
329459,0.046747287933493004
329463,0.08670287051543828
329475,0.05160936243476151
329479,0.044381738665611056
329494,0.13730574894117653
329500,0.21620939147084037
329503,0.008975953492059914
329512,0.010791589553230514
329514,0.11500219289046706
329521,0.09093035408702937
329526,0.1348653761144837
329531,0.00899671800403247
329534,0.1709071307760782
329545,0.04925853623832535
329553,0.013015939324855855
329569,0.025714059314817017
329571,0.027367124686795558
329580,0.022946526463147654
329585,0.1856337878316138
329588,0.1526474219276967
329603,0.04466351267372224
329605,0.012403418338062511
329611,0.047927045406880565
329613,0.11247663222692732
329615,0.0767732484278144
329618,0.04985184892915222
329623,0.04144309205410755
329626,0.09637873507031285
329678,0.013558705757028505
329690,0.04030223329163306
329693,0.14299524619090484
329698,0.13034033383195354
329700,0.009703464378469138
329706,0.02554167909250534
329709,0.047498151400849904
329713,0.1266044534717086
329716,0.02912057106136287
329717,0.04856969837278204
329719,0.03036020389692177
329720,0.04225779339412984
329737,0.01975491966443371
329741,0.058112966876079565
329742,0.021175457135565044
329749,0.1352706989224751
329765,0.02546452175946154
329771,0.09789868253032172
329775,0.046563846654340366
329779,0.060920102237974616
329781,0.04417026252615638
329788,0.03250052649516781
329798,0.14752367032374297
329799,0.011600192497254021
329810,0.11702203096712556
329811,0.010339360612680728
329812,0.011861791496921327
329819,0.13855343941080836
329822,0.06287597962117097
329826,0.03716492443286632
329843,0.03165949844861195
329846,0.010521512667889709
329856,0.11488159106969835
329871,0.04275419772558007
329882,0.028955565164735464
329885,0.041170551516203954
329893,0.07623653151690263
329898,0.017307004493242725
329903,0.08382526199064835
329916,0.06348047150778131
329918,0.010416294638468524
329934,0.02233505804810055
329942,0.09597382406389507
329949,0.027391353347801694
329958,0.2970240624627518
329965,0.10545067429850394
329969,0.013334234826390118
329972,0.05799834970462665
329981,0.29916747467224136
329988,0.03172815869842072
329989,0.05235854200548814
330004,0.2435855437552623
330006,0.4083802432590201
330014,0.13586274773846513
330025,0.20604934899563268
330040,0.018198225256875675
330047,0.19237516870080168
330070,0.0837181087942241
330074,0.018740734320023066
330075,0.0197320384636211
330085,0.021489793052933588
330095,0.06751543498110572
330106,0.08780357506272721
330119,0.038106125406290825
330122,0.051482034887972386
330129,0.2335180053703308
330145,0.23993741129224705
330148,0.01787511057009144
330154,0.08702119622648392
330156,0.018636368684953275
330162,0.1141051873068852
330164,0.05631845181898756
330187,0.032687519125817535
330188,0.11199382087656491
330189,0.05353957125310377
330192,0.039516783896708076
330193,0.030132376466648098
330200,0.028750379940210007
330205,0.03512868374551897
330207,0.07887466429688275
330220,0.01706537372280477
330228,0.2900092765199258
330243,0.03896934674312931
330245,0.0442645101705021
330270,0.01782646952198167
330272,0.015067051975994186
330279,0.019357847075243285
330288,0.3131227436408423
330289,0.03721157091134682
330299,0.017649601209942026
330308,0.054761724664037136
330314,0.11715239038498185
330317,0.07580964002729149
330322,0.029871211050408387
330332,0.08443775707482412
330356,0.21499254634902024
330358,0.04216384926363625
330360,0.011231926748341168
330363,0.024828654157783916
330364,0.08460936172152807
330368,0.024463741903520898
330376,0.015410559871153296
330378,0.11913254299950196
330381,0.07165343390204139
330386,0.09172221761750995
330387,0.010775303998011047
330395,0.13788380973389386
330396,0.03619000118707798
330406,0.034587726976740604
330423,0.038987449469027366
330430,0.02676666273385086
330467,0.04159185225376673
330469,0.011851567246500423
330473,0.10181130117359787
330479,0.03838618553223523
330486,0.19684201771650625
330523,0.22695909836727973
330524,0.09965517999174572
330540,0.04691810937788166
330564,0.06165132138398764
330565,0.04383510807142852
330567,0.11320522271067693
330568,0.06941625481653274
330602,0.03476417759436164
330616,0.04435471203543996
330617,0.008891499974611285
330625,0.1537116916482204
330635,0.019426368700354225
330636,0.09470887568662659
330639,0.05776796351618533
330661,0.034376967920516824
330666,0.019076614538466995
330670,0.010331144847949381
330682,0.025540335963047257
330690,0.022365188269384946
330708,0.12466224387262614
330726,0.03079318121103698
330730,0.010805651574610537
330765,0.014604475054825039
330776,0.03604691403955023
330789,0.01949921431197891
330791,0.011718336922565981
330803,0.043327139277818165
330805,0.013958792567960987
330807,0.03317458464751187
330821,0.028000589920357505
330822,0.02607724580022298
330836,0.04209467550452491
330837,0.08280427972424809
330839,0.038605618399887985
330840,0.010653323965033752
330861,0.03899799261710942
330878,0.11805839140988643
330881,0.012320299688075182
330888,0.01580725117691343
330890,0.2100371291851771
330903,0.21449330751314505
330904,0.020379248283149545
330905,0.04190576507802625
330907,0.055846411764922485
330915,0.01576464312510449
330921,0.08039359628813472
330922,0.07235277823559859
330925,0.014052068738291946
330942,0.11642523488159544
330945,0.04327778418382518
330957,0.13087772209508583
330965,0.13638605806398665
330973,0.1786264808102899
330979,0.021516104304498674
330981,0.021505799621030972
331005,0.0576039861190797
331018,0.16538841798216533
331026,0.021157380162290983
331032,0.008891499974611285
331033,0.06627155862948035
331036,0.011856866820486723
331037,0.038153508994032914
331048,0.04656136533384418
331054,0.09571293234834287
331058,0.04603252571623498
331063,0.05342695169926095
331077,0.05181348498840745
331079,0.00886148263222116
331081,0.13733657599080065
331082,0.022406108100607846
331090,0.015026689590312923
331110,0.013267483971707187
331127,0.20098817155960141
331141,0.039624228340602766
331153,0.11663942815159929
331165,0.13361620922558043
331171,0.03981211721036143
331179,0.050463172862061624
331191,0.30265390212823
331193,0.07491011066186323
331197,0.023344989503385573
331204,0.0376818453969113
331207,0.2212085413655081
331212,0.018523701328347388
331220,0.10361491229789914
331242,0.07203539905123946
331244,0.15516503494316136
331273,0.020221526929604626
331281,0.0234223462600106
331289,0.010964942778851922
331293,0.04264301678612783
331294,0.03437314556183164
331299,0.010461980911624532
331300,0.019567301841247414
331302,0.027446080656112554
331322,0.02300109041991729
331334,0.05103507928027924
331347,0.02056460161128666
331353,0.05411329134700386
331361,0.025059614506990884
331370,0.02181308960780525
331379,0.04480584916388585
331382,0.11631883301530647
331388,0.34106509842106725
331390,0.038935471772413646
331400,0.07332151845165517
331411,0.04024709021701143
331431,0.01082557222065202
331451,0.026975161466506747
331455,0.019332895401960697
331456,0.011165901662917022
331461,0.017970994006662355
331468,0.11440067891304317
331480,0.14755789698643476
331491,0.023058340611558367
331505,0.18292040942213733
331508,0.012816266698470186
331517,0.019418284867403064
331519,0.16215221956441161
331526,0.011537013900008445
331530,0.012147414417551693
331533,0.032739305935086144
331554,0.07795973250664265
331579,0.011841491824838294
331590,0.01116152859036905
331599,0.04113510250020827
331604,0.06820606071862831
331605,0.05558774257326195
331611,0.023469028015582993
331616,0.2861359709435253
331620,0.013739716337144731
331623,0.14354675372543949
331641,0.033641162655046936
331645,0.06106596463823177
331657,0.12083815091741519
331662,0.013135220036678174
331678,0.010635983527728463
331684,0.05642650850301813
331686,0.31475810324922715
331691,0.0366158336698519
331697,0.42198145696702616
331707,0.052326067844037816
331709,0.009609680408373856
331716,0.07145374888118702
331719,0.028969153705311328
331729,0.012798498955950722
331735,0.01622896591835145
331743,0.020042694003442576
331761,0.06445584133362967
331772,0.023467498524311858
331777,0.013559473258151595
331794,0.06399358889623931
331813,0.11785348667124458
331818,0.11813838057998245
331834,0.03600108314391023
331848,0.04971493441041302
331849,0.04804728898124416
331868,0.011563150721366227
331875,0.024583896904613045
331879,0.02515300092380558
331886,0.012605113136824839
331888,0.09775383257074169
331891,0.044398054911700464
331903,0.019463111293274313
331905,0.02650557771448242
331913,0.043986814107315905
331914,0.01865751315726371
331937,0.013868790863518143
331938,0.07134225572780778
331939,0.09288763970013694
331944,0.03344770116225377
331948,0.06088935853174059
331968,0.012864031301992618
331976,0.359622314410669
331977,0.15007265349304447
332007,0.045667384353660884
332014,0.047252713111552144
332017,0.018186827891095134
332027,0.04775740184900269
332033,0.03297694449837053
332041,0.012287212354998994
332042,0.1416557298428885
332047,0.046467139089165485
332050,0.10582559290124745
332056,0.009415808982337655
332071,0.009105751753725553
332075,0.11216438733412884
332076,0.011844864755907892
332077,0.060212924215055794
332083,0.05617462983598418
332093,0.4054054096902308
332111,0.028330836942531634
332119,0.019015798117739912
332121,0.12167593097915172
332135,0.023335202233984696
332144,0.14547183506330993
332147,0.04427395586613213
332155,0.04124037277035801
332156,0.019966702517365285
332164,0.12084615256926079
332166,0.012512767497069022
332170,0.16194018214277695
332180,0.36889793438300017
332181,0.11787584436703231
332184,0.09420182979588651
332192,0.1214169837798085
332204,0.07687474333138503
332225,0.04866242260825864
332234,0.061391975751705664
332243,0.1112278758049046
332253,0.17413134695640825
332261,0.04813978215142543
332266,0.025832359660147425
332270,0.07884175280819625
332285,0.2400046153835659
332290,0.011856866820486723
332296,0.019079701778780333
332298,0.125384881082159
332302,0.02951024141662052
332303,0.013389810197510487
332317,0.02762549185740052
332318,0.09283683010982449
332327,0.05020966475373341
332337,0.06200352203462739
332351,0.16827703872085337
332373,0.021921385878878
332377,0.010776609465689306
332384,0.11453521414552222
332398,0.04262733606752342
332404,0.06995073967740498
332405,0.04266300524794677
332454,0.02090271487966842
332456,0.06074598955424695
332464,0.17664507464201504
332468,0.06036246688955797
332476,0.04624876439963367
332482,0.019203340114007362
332483,0.049063992815256294
332508,0.05277659328194788
332519,0.233855534425573
332529,0.1926239092678468
332537,0.1553191142835097
332545,0.10742344577719085
332551,0.08088997071097634
332552,0.04375317679202325
332570,0.03669668209504418
332574,0.11511661155264255
332579,0.07607628772976219
332607,0.01383066460877184
332618,0.1226066329908116
332626,0.0750513259682945
332628,0.04613397585324552
332645,0.0212732137371376
332652,0.23902326695445092
332666,0.047086031300305906
332694,0.03863265669550485
332697,0.07330046959147249
332698,0.012539843699218688
332700,0.08690193016035024
332708,0.17593973936557727
332714,0.021753859195953452
332722,0.03834670645187219
332724,0.03164544574664999
332730,0.021712366065352328
332741,0.020325048125495262
332746,0.021076121822856536
332754,0.1136471410228093
332756,0.14263467702176902
332759,0.010710068931004527
332764,0.37811900311209656
332786,0.06597348034983824
332790,0.010908835097254009
332816,0.013875507460138955
332821,0.047387429954422966
332827,0.018503337750580585
332829,0.010494546813880486
332831,0.010616685832937501
332833,0.19695425301603697
332834,0.07656760028603202
332837,0.013074037558009807
332846,0.07712369119219728
332860,0.056950051925746495
332861,0.028538410668482155
332865,0.03813294312807394
332882,0.04900129371658073
332897,0.20710823748357052
332901,0.02644729312257662
332904,0.046108269421467105
332910,0.3267328599847995
332911,0.036815945072838294
332912,0.25619547818120275
332939,0.050868527067989534
332940,0.012123838088690551
332952,0.011330707117206566
332956,0.010965292502283118
332957,0.0947541210651168
332958,0.022463374862266284
332961,0.16681123513265184
332967,0.11233539846598532
332974,0.08739573128162317
332993,0.011571516152218356
333007,0.020578076392847987
333012,0.12144831296589491
333020,0.04135743871016851
333021,0.07098723740863858
333035,0.0235430324921553
333040,0.1599023951741326
333061,0.009160776923452357
333073,0.013422158372918144
333078,0.05915337597704266
333085,0.02014749029160742
333086,0.10522576166720435
333096,0.23538169719269933
333100,0.04466507453210951
333112,0.05012278554200563
333114,0.010431339464924031
333120,0.2249504625089563
333142,0.020089568486891977
333152,0.017629153711260087
333159,0.13239724899237335
333178,0.02359590162948485
333179,0.015511233226990773
333187,0.043462455972765136
333191,0.0648734475019479
333192,0.03384930306627444
333199,0.03922947553715149
333211,0.0425600277790775
333224,0.0250407953395195
333237,0.2838619906120686
333238,0.01234861404208696
333262,0.01444835671415548
333268,0.07409038822658881
333275,0.04440740789143244
333289,0.12703468246310112
333292,0.3348499944040877
333303,0.028574881230367933
333305,0.05647125861121828
333312,0.009052825685630383
333316,0.044896173186607456
333335,0.03237194438028064
333354,0.06018536358896259
333356,0.012148287396169518
333358,0.03883085041912146
333376,0.015385036641425546
333378,0.039911182371310264
333380,0.04867968203961785
333381,0.20457195889779073
333388,0.04386508411805736
333392,0.00943657349431021
333406,0.4342357310671138
333410,0.028087503371018323
333411,0.05879252084824712
333412,0.11831355718697327
333428,0.015754638611058348
333432,0.009275247783291111
333435,0.04662966697020209
333442,0.023213978682611276
333452,0.036208893968736694
333455,0.19836090319340818
333456,0.1040788258621806
333459,0.06745354050135816
333464,0.196528938509333
333466,0.13376010251887988
333469,0.06081132701267537
333475,0.015313780026513606
333476,0.009170029753869926
333477,0.08859922873457314
333487,0.05100646936481268
333490,0.03449755399814486
333497,0.30142452395381547
333499,0.010471233742042101
333500,0.060659272982701115
333501,0.022610474119030232
333503,0.02721272454616343
333513,0.1470460949793418
333518,0.021683387694113303
333544,0.02745075507293742
333546,0.1293549446215027
333563,0.2603655250147331
333566,0.11491143036893792
333568,0.19821776970276656
333570,0.042059369852270725
333573,0.009521027011758842
333574,0.029527555327454463
333584,0.027775789100936206
333589,0.04621627952721209
333594,0.040463885571626466
333596,0.020783269542532273
333597,0.025005569890586533
333615,0.024568561289156764
333621,0.054902973382538
333622,0.046215303777364825
333629,0.07135813047888709
333651,0.06297993502910625
333653,0.12862883196302158
333664,0.01519020180499125
333680,0.012521364359292655
333687,0.19622743135970336
333688,0.043465373947379544
333689,0.33911658781590603
333693,0.07533384007082618
333695,0.009490385565058341
333706,0.022597330167101533
333709,0.08415524174241165
333713,0.0866235204579793
333734,0.026110439554903147
333745,0.11296492416152844
333752,0.042741880715904894
333764,0.023098449240300634
333780,0.039818421282403885
333789,0.19658536555873557
333791,0.020969602812413585
333795,0.15059440898284118
333799,0.12127783624233486
333801,0.04674029755357795
333802,0.15129787644225084
333803,0.11592056858856184
333810,0.08629894220230289
333837,0.04186292903645603
333842,0.31751304066842156
333843,0.042858377306030225
333845,0.013156095791569131
333852,0.22440510165526356
333859,0.019574864021506298
333885,0.18272847031970757
333896,0.11287734325576027
333904,0.08220186055058411
333908,0.01724725654876537
333913,0.05424320700187825
333927,0.033147365169829385
333930,0.019519306842822513
333935,0.011543805628738102
333952,0.04085483824690338
333953,0.07509176002669812
333966,0.05915075048609745
333968,0.021958339235830383
333988,0.060347354056857025
334013,0.015093281857496582
334027,0.2124191609912697
334030,0.03343695730067862
334032,0.18864367866600584
334033,0.014253608675033665
334042,0.010860074472861934
334045,0.08458758626111847
334053,0.011165901662917022
334055,0.011049396296300553
334058,0.01609061707498964
334063,0.13074235650157828
334070,0.029020089328125286
334074,0.011434765433008007
334080,0.20141847757415884
334086,0.051682592675113416
334092,0.04944811698304805
334099,0.05971509286384226
334101,0.021223662553877958
334103,0.037105471689918755
334104,0.1715853005748904
334109,0.25849675568845937
334125,0.13602689962376774
334130,0.14086454766036463
334138,0.1253440579939966
334161,0.04103661090752033
334164,0.11535987818575158
334169,0.05868321192510158
334171,0.013862448796248452
334185,0.04348858292685846
334186,0.029525830505597983
334209,0.05298221266830579
334211,0.0794874968675083
334230,0.0108968075826517
334231,0.16374166736975174
334237,0.21495309665983947
334241,0.2091490348276078
334244,0.2589616086181629
334247,0.016043351611955678
334250,0.012842587088772187
334252,0.01973141116569403
334273,0.014521503416851055
334282,0.02988083022648399
334285,0.029645086391198627
334286,0.04147386056708542
334292,0.08715816301588836
334296,0.018771743868401674
334299,0.027838946129342866
334300,0.09278633106572791
334305,0.03204439240020867
334307,0.25971336926231686
334311,0.029387212697638082
334315,0.04379638664919478
334343,0.08130989867823504
334344,0.02956378372968873
334345,0.05873561665948228
334350,0.08805806726275803
334353,0.01000822020430196
334365,0.03921016649491908
334372,0.05448717819870501
334374,0.027231012722799375
334375,0.059088019167238506
334382,0.14114341156178853
334387,0.010272309364754716
334391,0.19778722675162258
334397,0.025138797472419944
334407,0.03531301745787775
334415,0.026816194262307323
334417,0.044735099137009855
334419,0.1042996960576679
334431,0.014445018737541592
334435,0.42979848051961866
334446,0.44576128173591406
334447,0.05612897741038647
334457,0.03896221601347608
334459,0.0800732515222762
334471,0.011324004626614034
334474,0.029469910107926
334481,0.01729572688057213
334483,0.03065861537950177
334486,0.0754042186789683
334490,0.37097797622085915
334492,0.11119236640918648
334494,0.029401343653182192
334512,0.043718543675767677
334522,0.010630736147165242
334527,0.019828579693049343
334534,0.010360186956870611
334537,0.025887923495384973
334539,0.07442228293924998
334552,0.1252100372389596
334555,0.2099972034850294
334565,0.12612491567404888
334580,0.022041135993677213
334585,0.04683056839853785
334589,0.10964293123839372
334594,0.04999655042333963
334600,0.03868457847093505
334603,0.016580697903487485
334613,0.04467873485779511
334621,0.09290368217940997
334628,0.04021556941088248
334631,0.10564710541651275
334634,0.04036226587814873
334635,0.059369301912008246
334659,0.02274903208378099
334660,0.010491998254014655
334664,0.024293348496263772
334671,0.04198846344699916
334693,0.03879544000003085
334695,0.08227687647616667
334703,0.19905013220994375
334718,0.19352877159571608
334728,0.37467754755506494
334732,0.19180057855674337
334733,0.1359623104544531
334735,0.019418284867403064
334748,0.023501741537322103
334756,0.09283110254116125
334764,0.021958339235830383
334766,0.11941286830068712
334787,0.015753526370765086
334803,0.025438031220957218
334806,0.10524599264106642
334817,0.20783286636807227
334825,0.03591728019358616
334831,0.12261109349465807
334836,0.0566804481600789
334845,0.07785830890414128
334857,0.02623282035544139
334868,0.017888945677414066
334871,0.02469017087045156
334873,0.07738071452734781
334881,0.042657520619351116
334886,0.028053393940379867
334898,0.1058908128836055
334899,0.052801858486260234
334901,0.02989669978502519
334916,0.07388797621929888
334923,0.1993478800400334
334933,0.11540062142991278
334938,0.27023907456144536
334955,0.1263929577837075
334963,0.5379945971628851
334974,0.07022689048679469
334986,0.026510642796020827
334994,0.022365188269384946
334995,0.1078650759024484
335001,0.03353959514489891
335005,0.03430181361830952
335009,0.03976089565382132
335014,0.03086271585186883
335015,0.015421867433526231
335017,0.1931828443276264
335025,0.2670270659151882
335027,0.07168733706532601
335055,0.08035929717119354
335058,0.06353382361509219
335072,0.06793117175809416
335073,0.012975705454614355
335081,0.04068043948971838
335091,0.010147940485933062
335096,0.010548171450942133
335097,0.02499448534044616
335099,0.03962819854093111
335113,0.012802471102978547
335136,0.10297141017658976
335140,0.05789002309818146
335141,0.013205209455006712
335143,0.3194651392447444
335155,0.03618649447407483
335170,0.04438875437244433
335176,0.04082281267957085
335181,0.04403448369717053
335183,0.05173276923557307
335192,0.012751036631124448
335196,0.36593081937455507
335198,0.0230548653970948
335203,0.050440644141614276
335204,0.3332539555845765
335218,0.025618211300433465
335222,0.0511130132488261
335223,0.27713338254379605
335229,0.13022857976412555
335231,0.06249817627762148
335236,0.10188487950498963
335253,0.2159616291059768
335257,0.038220237162624036
335262,0.021068821610468285
335263,0.08118829918842348
335273,0.1199036053923754
335276,0.058334706873279574
335278,0.014510338163471814
335295,0.03723142159252957
335301,0.011416740575473252
335303,0.008891499974611285
335305,0.13143440232975376
335310,0.12597764726751312
335313,0.012684505944210537
335314,0.030655555334066283
335319,0.03617652266932348
335321,0.14335249892425217
335331,0.04524152843155794
335332,0.011838581721886914
335333,0.040654854306109024
335337,0.1182212097112056
335342,0.031032576841444677
335347,0.07415308321932523
335351,0.10319675725015406
335356,0.015715403619028935
335366,0.08492837155436316
335369,0.027168744399582563
335377,0.09025382888297691
335388,0.2215164901168123
335395,0.2831720356679919
335397,0.026083471613662833
335411,0.054402715255557066
335419,0.02172357247553764
335425,0.06515691112808256
335427,0.048460738678692855
335443,0.010653323965033752
335446,0.013753226619683739
335448,0.02729745831007207
335451,0.2156696975890116
335458,0.0336278872856503
335459,0.03843168938233461
335460,0.10603238299757727
335463,0.04527149687416042
335471,0.044230710999373805
335477,0.01662160763021617
335478,0.1294268562330853
335484,0.011676734181639543
335490,0.21102872309410503
335495,0.10985895731997672
335506,0.07193889013151837
335507,0.06892712246627672
335518,0.05560093399959877
335533,0.023722941805146235
335537,0.11902844422080902
335538,0.07020801317075934
335549,0.10724851036113661
335553,0.15128345294671974
335561,0.15514643279207904
335564,0.013303201206049239
335573,0.04426262548403718
335577,0.02674958050427454
335579,0.015244210307515826
335585,0.04331183092261513
335590,0.07780468019736561
335594,0.017358870020341463
335598,0.013781319004063064
335601,0.019675374872342975
335608,0.04801722218574354
335616,0.10818867669846377
335640,0.03993851357689379
335645,0.08843986445941807
335653,0.06402231320907416
335683,0.011311522546052066
335692,0.041645861045028
335713,0.014725049094566492
335726,0.014046038785983688
335727,0.3013328855036699
335728,0.02888898253142766
335732,0.025428691220777556
335736,0.033976805343499145
335747,0.02067025647291824
335754,0.02677496726521882
335755,0.009680057111928157
335761,0.07928690907187598
335775,0.03351353619415251
335778,0.2284369096878896
335779,0.030122588179074455
335787,0.010943095755008257
335805,0.018192634559743327
335807,0.04256766894219543
335808,0.07918807993175539
335815,0.04087268940562716
335818,0.02970220125870434
335835,0.09891552911854978
335849,0.04128811157379144
335850,0.023815722929477357
335851,0.05876425589167865
335852,0.011560725849187062
335856,0.03438954078218723
335857,0.07217050828290196
335863,0.1017847952713112
335871,0.06262607101767136
335879,0.03686643635265265
335885,0.029112182040394202
335887,0.22603980903282123
335893,0.14195470808900348
335906,0.014498131038998312
335912,0.02051515893334544
335921,0.03627852706180813
335944,0.08520665734038887
335952,0.07450743810117029
335955,0.01768668780339111
335956,0.022127609684046416
335957,0.04728440792015472
335958,0.024441097587545573
335962,0.07033648213476608
335963,0.04954165478476725
335964,0.021413533978118786
335971,0.010994995208177328
335973,0.03544927524778923
335975,0.12152707880718454
335981,0.056389657594472606
335983,0.12266414326930675
336016,0.0491691581367909
336038,0.07092173074711511
336039,0.021501310771267608
336041,0.047963513791378073
336061,0.0519746349775824
336063,0.027466233747652214
336067,0.018765075805022936
336071,0.09437188200540403
336089,0.08713799976733486
336095,0.08304686496601045
336096,0.05220516315016157
336101,0.0196777895847073
336117,0.04943464530238454
336118,0.06221603889752908
336120,0.08703421504330118
336137,0.012608827409080902
336155,0.035628201970614275
336156,0.3736010659308572
336159,0.01455940074715308
336178,0.13800001577286708
336183,0.18504936163768912
336194,0.008877858329908821
336195,0.11383543051611669
336199,0.023469028015582993
336209,0.03736374857372095
336213,0.028834497181093953
336214,0.047031801964645785
336215,0.010386780224593469
336220,0.012179421111025771
336253,0.02588080726623645
336260,0.24311065702640758
336263,0.04039897332761873
336265,0.07305858050158127
336273,0.022358216646791308
336277,0.03157314073502328
336280,0.023557506462836147
336295,0.06409542301771659
336308,0.013548843227328267
336309,0.025084234250505887
336316,0.08466935312127119
336319,0.040542324798321976
336321,0.009491307141184988
336322,0.29671514002831756
336323,0.035224203610509666
336340,0.05107672462616909
336344,0.09354436002522633
336352,0.06282290474071014
336361,0.09229607865461767
336367,0.056434618714486975
336382,0.07566527022909478
336383,0.10435177394824749
336393,0.047609108590925917
336407,0.04259101722051546
336413,0.030333418562772628
336418,0.12136356588392494
336426,0.04217730816465564
336427,0.02667812411277503
336436,0.021924969834481507
336443,0.03216391954993043
336445,0.038508939525689276
336447,0.011174480213389442
336451,0.04432332114153077
336464,0.023732079454528827
336484,0.0845701674952694
336491,0.053723077791806115
336492,0.020130125709255993
336493,0.052072821914656064
336494,0.02801216888038264
336499,0.02632382546290315
336524,0.009332277041015672
336527,0.11879834588873688
336534,0.24606456220596223
336544,0.020671577112049682
336553,0.1688927640052615
336558,0.019672695452931755
336565,0.022161078651812872
336569,0.09006758936578278
336580,0.09544739636763126
336586,0.012207864078375635
336592,0.10847074249560093
336604,0.032953690223064616
336610,0.05254783025964269
336623,0.12261557428514955
336634,0.07160391714933562
336635,0.03718685130205517
336641,0.12281078112165433
336660,0.015276592347664052
336673,0.05240515490668428
336686,0.026567014998531185
336693,0.01198230893630561
336701,0.03639416306463564
336704,0.08642782980252366
336711,0.043844504429343026
336715,0.05692185834943878
336717,0.010707136035781885
336722,0.0464287242010139
336724,0.020432105065803785
336741,0.09555326641444534
336745,0.03939034298493679
336757,0.20134781625270787
336764,0.20525663097580016
336767,0.10666151634262566
336783,0.02022525196575558
336786,0.05519194735934517
336791,0.013446762648945185
336792,0.3174135018474449
336813,0.1682898653185778
336822,0.33180828520642286
336823,0.06383402786424801
336832,0.01563800692717466
336843,0.030052259864065522
336858,0.09304708819178856
336870,0.11623126156147172
336876,0.04338737785841337
336885,0.04769440386155484
336887,0.14443853212103738
336891,0.029664913023623767
336903,0.015395224255697015
336916,0.09632904924766617
336917,0.020273549875052286
336922,0.013451431359826248
336925,0.016420409514346937
336931,0.1849253174946717
336938,0.03158783146956254
336950,0.32578299206371814
336955,0.04902061990560809
336956,0.04361717913114681
336959,0.060625412154310665
336966,0.2013502750796544
336971,0.07303895337851143
336978,0.013957388801384338
336983,0.016858603521601786
336986,0.01451325610304432
336996,0.22193377994665067
337003,0.29213047289965793
337007,0.036018431330255965
337029,0.07375950519109244
337034,0.0413925339624085
337039,0.01345719998571975
337057,0.06316320720918847
337058,0.05701821286812919
337062,0.12708993248981365
337080,0.009443927319897185
337087,0.009461905145616454
337105,0.01262658238871384
337108,0.03250925227760994
337120,0.04804227452909747
337125,0.21577551762080685
337142,0.026993043954249334
337159,0.03795507326546325
337160,0.033242958080241004
337168,0.0401477249994612
337170,0.013172511605898888
337171,0.0157090980079049
337178,0.0667334813755868
337188,0.040911760198735304
337191,0.06080598710479683
337200,0.020910336393039373
337207,0.023088682010331207
337210,0.02188793993998316
337218,0.017200395576240486
337221,0.07092732886369056
337237,0.022345243002605087
337241,0.27415218377581463
337244,0.1154809713658245
337273,0.10585088785951946
337294,0.06449935501471689
337295,0.00982494192017622
337298,0.027297614881723792
337310,0.010653323965033752
337326,0.01316222419970239
337338,0.6212394760343566
337343,0.13223510841690914
337360,0.049166266298928715
337369,0.1790480239968757
337375,0.11799761110512619
337386,0.04047066976279111
337388,0.3058546407560063
337405,0.07549811992773228
337408,0.05183981583803852
337412,0.01109466630091734
337416,0.02810516583793874
337418,0.19771278776944665
337442,0.20149937617495867
337449,0.02506614671197871
337457,0.013002310149684993
337460,0.04460881886691618
337474,0.06345821236478574
337499,0.07802292101046891
337506,0.06096061998140345
337512,0.16202379727519708
337527,0.04990262699897767
337528,0.01842796999424911
337530,0.044810251719363016
337539,0.09164466660916479
337546,0.010666542120482705
337551,0.08527464037687439
337569,0.011165901662917022
337576,0.021853260654093414
337582,0.03607291688668059
337590,0.19493551900574926
337599,0.03475940245542407
337600,0.27466638514310354
337601,0.2471129787001672
337608,0.02409716544876033
337614,0.2954781974304765
337619,0.10779712882512701
337625,0.20223152014229723
337629,0.2084945114940222
337635,0.04909038629974094
337642,0.02911604867760313
337663,0.27540744719543964
337665,0.21525024008867946
337668,0.009238756072418235
337700,0.07958673356424936
337746,0.013411989233334323
337761,0.013354144548170336
337779,0.05502303879050857
337788,0.026252121562492636
337790,0.06481511831835271
337793,0.03990362879113388
337802,0.09979429816946729
337807,0.044051608274960255
337821,0.18365398675300348
337840,0.018765075805022936
337846,0.1572147871032344
337848,0.42181230713137463
337864,0.055318289166458645
337866,0.07845139751954329
337868,0.011706177343491119
337878,0.013499053230905462
337890,0.22095746856046078
337896,0.042099406577390676
337901,0.07880971326581222
337905,0.08557663095332486
337914,0.046917221589735006
337953,0.03500462685108655
337969,0.014597460926426132
337984,0.024157617956048434
337995,0.055214610088478985
338009,0.015891782899834492
338018,0.034250397847627324
338022,0.03839127600851535
338028,0.06081356292722314
338029,0.11742104724965366
338044,0.012207864078375635
338050,0.07743007666395892
338052,0.04144085840412906
338073,0.178222000005008
338076,0.027265108437504505
338084,0.01154763410205178
338086,0.024530093496924452
338094,0.019332895401960697
338097,0.032170834471644115
338099,0.06330537912123849
338126,0.020167814305703746
338127,0.2442434934950187
338137,0.2974427044687168
338146,0.009170029753869926
338161,0.0277695013851448
338164,0.08438805555019294
338174,0.010576451771463284
338179,0.2968483357234292
338181,0.09354675884890712
338188,0.02416460920908011
338189,0.056819242523873006
338193,0.018644034276923536
338199,0.014027138353029812
338202,0.18304013066536495
338204,0.18082808623723326
338210,0.0411251968450178
338229,0.04031724551460324
338240,0.05886445103433289
338250,0.020168676762251446
338253,0.22261449081695212
338254,0.009574839082506972
338268,0.08492508203009806
338290,0.062371492475277165
338293,0.02755491212056867
338297,0.039188336168264455
338301,0.02273141903078238
338306,0.04028747236063191
338314,0.022836944876583297
338318,0.01901726806714374
338325,0.014801280847764576
338340,0.13884296756929823
338341,0.10767433904336458
338351,0.015552193279502307
338352,0.19673094069483302
338368,0.038419837093998106
338381,0.016500961444523725
338404,0.015524310631823923
338409,0.060204238038692695
338417,0.01772743910545323
338418,0.026246335238745096
338426,0.00877702911477253
338431,0.051466557358733275
338435,0.051605736942191005
338463,0.10448808717450239
338465,0.03864650612519799
338467,0.08074773008643486
338479,0.294199479929532
338495,0.06712918051403659
338510,0.04731528110354638
338526,0.01354165350316838
338528,0.0772209603027321
338530,0.026159704361464586
338539,0.012605113136824839
338543,0.04343544918111723
338554,0.014964946769411559
338557,0.06638961073431805
338581,0.298496835336649
338589,0.05823803499775913
338595,0.16403524548116052
338597,0.03344930182610575
338604,0.12623223569581282
338607,0.011081448145468391
338613,0.0105746018300364
338615,0.011142492437249466
338628,0.11484581758180876
338636,0.12663155156198524
338642,0.009275247783291111
338669,0.0363098616045993
338671,0.056528298840007395
338675,0.03257805366331252
338676,0.2310902889803788
338690,0.09933149302917535
338696,0.07466831145114594
338702,0.1445240515696968
338703,0.015262516115397593
338709,0.11832524203993915
338719,0.10310425164607592
338725,0.07994505635019661
338727,0.0283773660540661
338732,0.021449394430733598
338749,0.028399059527981368
338773,0.023393055836771887
338774,0.026398963731192344
338784,0.12868514744708998
338789,0.03252884211850533
338792,0.08305179952724483
338804,0.0996601564301282
338808,0.18695113591930573
338822,0.014326075545122543
338824,0.019343665956138165
338833,0.017384323611470805
338836,0.11836560510429366
338840,0.05309633379079002
338842,0.07326828306121516
338843,0.07676416594241875
338847,0.042936656357346316
338849,0.1676745870981897
338857,0.0906970847054682
338860,0.3200278417700681
338872,0.0484614634037817
338874,0.05161787249266504
338878,0.05801490388287221
338895,0.019630232621085784
338896,0.09210637683405361
338904,0.1975055360732985
338920,0.17434467214980334
338931,0.037677616184256614
338938,0.027436017459648597
338955,0.049027772105530165
338962,0.01565935985019287
338969,0.12590077103332772
338976,0.048631445160707755
338994,0.01902038716365677
339011,0.01638315413380323
339014,0.06107625323290968
339017,0.01694972278305234
339018,0.37882295551561207
339030,0.061023655202095406
339038,0.011541705986620524
339060,0.010943095755008257
339079,0.11080401483685101
339082,0.014448788560644332
339099,0.04517589141515294
339103,0.08825284965779576
339105,0.0575801016792736
339107,0.010663622547610068
339121,0.1927973364106615
339148,0.041443742982726316
339152,0.01326673229010698
339154,0.07220361113717419
339170,0.22178076593510743
339186,0.020270060895261077
339187,0.025852095600379064
339193,0.039293464031228506
339196,0.02988186281257727
339199,0.04217730816465564
339203,0.3026950485713873
339216,0.09227156598928686
339228,0.02915904660354999
339232,0.09449826937227342
339237,0.03894760669807996
339240,0.07267243268475307
339242,0.016818536278820042
339245,0.01861279450585279
339252,0.042292543023275994
339256,0.011729701749599477
339258,0.08756314484754249
339260,0.03848602289172006
339263,0.1170880940697133
339268,0.06449170793377498
339269,0.08253786794909265
339286,0.2533173042350097
339304,0.017969917575772536
339307,0.07045169834911429
339317,0.045656358732276844
339330,0.125348442288823
339346,0.22548617223395997
339380,0.025163922032983028
339381,0.030358851240549007
339382,0.16928808557550518
339391,0.020543697471138777
339396,0.039271353382235
339406,0.04413834804149301
339407,0.03219818429105857
339409,0.08529248898564547
339410,0.0424018111660107
339425,0.049958866060328566
339427,0.06270400012315366
339433,0.10027644469232458
339443,0.02178672092156913
339449,0.03686328583450069
339452,0.02295126563911366
339453,0.10568818481396469
339455,0.044464759816020515
339457,0.03873393889594356
339477,0.04235662296829654
339483,0.047220369088805295
339487,0.13022172877296034
339490,0.009415808982337655
339518,0.09292826442924199
339523,0.08406849422756804
339529,0.015800869561141996
339541,0.10591105908668226
339544,0.21041110201435592
339546,0.19575325096717075
339559,0.1796656118765268
339563,0.010653323965033752
339573,0.05252135135080164
339591,0.01817038038819891
339593,0.04642229651012749
339599,0.015992814060678213
339604,0.183532495926309
339615,0.030025988402332483
339621,0.011146237712002283
339625,0.24140588267579596
339642,0.12019372831848256
339647,0.2145871874985724
339650,0.1305649419392816
339656,0.02503103387156781
339659,0.016195955657885605
339681,0.13417764888915593
339683,0.07762075512565758
339684,0.09878865734413028
339689,0.06057577728824638
339694,0.018054120219590058
339699,0.17781039916210722
339718,0.13665377172831872
339727,0.14283212640361717
339735,0.03324715895110462
339736,0.02698640977308306
339745,0.020285533990321635
339755,0.06410434854798885
339758,0.017173308582162292
339770,0.008615703403753432
339772,0.036826577004976754
339778,0.015560859664407848
339786,0.04859046144236667
339787,0.29904504963414136
339788,0.12610323799943915
339799,0.050689590498139966
339814,0.03183240398190047
339837,0.020201307121836962
339842,0.03777230107994432
339845,0.038350726596406294
339852,0.08557366139742308
339857,0.17293891144192197
339864,0.0893308286874259
339872,0.06594685014741783
339873,0.010254968927449428
339874,0.011849971768536464
339875,0.0387522294025441
339879,0.21289872819708294
339884,0.050356068805842
339888,0.03428098493190232
339891,0.10914481780383559
339905,0.07048014565116792
339920,0.07175642792465156
339934,0.11590098966745535
339938,0.036678167186544375
339948,0.01541844858283476
339949,0.026208538733272214
339953,0.02307372811682576
339954,0.07758404806832188
339957,0.01198230893630561
339958,0.13715294819820517
339971,0.028685254612714782
339975,0.012922619252226226
339978,0.012827259121968299
339984,0.024148415316175804
339993,0.01483871377319998
340009,0.04837311641599524
340012,0.021735523643708947
340019,0.030522258657428258
340031,0.0211554416164424
340041,0.23117161849732465
340045,0.022098398615998473
340046,0.21538322771330987
340067,0.01314145284504532
340079,0.03989534723664453
340081,0.06513857449840715
340082,0.015410559871153296
340090,0.029417595609788072
340091,0.05131694679530195
340099,0.028708500614529564
340104,0.10738030677539712
340109,0.016088450846481656
340123,0.19548067329839042
340146,0.023505143017857433
340162,0.027939997092061446
340167,0.0863114542571044
340181,0.05522281037596409
340194,0.01599365437271396
340195,0.010908835097254009
340198,0.15682837743245517
340202,0.35818729256061677
340203,0.3128761788936453
340219,0.05517449401078358
340221,0.034932535152605755
340224,0.04245404693907537
340239,0.02424779473580573
340248,0.11107761977122432
340262,0.05702020737678026
340264,0.04172507956799101
340277,0.3357300105444344
340285,0.011434198015845153
340292,0.06373603921476986
340356,0.14212167046990515
340365,0.04577851725875841
340375,0.0655587847164417
340377,0.013162623742224358
340378,0.2380368413560605
340385,0.101286500728842
340387,0.028366602459246815
340388,0.08615432144698289
340405,0.03616291976278139
340407,0.042190424171226995
340408,0.025571237852350548
340416,0.032984870384417345
340420,0.013638361228035894
340421,0.3329799741208609
340425,0.02013398922846426
340430,0.06588410670715297
340448,0.12333947943515884
340451,0.07806172569800195
340456,0.03408248712428757
340457,0.06711761609680028
340459,0.08129562552682042
340460,0.04691810937788166
340463,0.014034031922445627
340464,0.09139770996891504
340486,0.014600928798290983
340503,0.18495332856381727
340504,0.04361700585810541
340505,0.02615208554039015
340507,0.05745135206362374
340509,0.032772844737933446
340511,0.12151598521672875
340513,0.05660348425358243
340516,0.20739469727055954
340529,0.029364377936119086
340535,0.016113881150327074
340542,0.21150148383502873
340545,0.07067603696837269
340546,0.28680119492653666
340556,0.11077974219561781
340567,0.013180266663472528
340576,0.08538164249249652
340577,0.0237834433729812
340586,0.010720437045177096
340587,0.15797033466637417
340594,0.07669955255608284
340610,0.5007530714365818
340611,0.11029480205410158
340614,0.04728045604323389
340625,0.014538693521742469
340630,0.20556721591357388
340640,0.11660538906942278
340667,0.11747447866089308
340674,0.025500800274526343
340679,0.25526087078339843
340683,0.09530105739750495
340686,0.14159931052633515
340698,0.019859897610157263
340708,0.009804177408203666
340717,0.08906146021662449
340718,0.015391770890599019
340720,0.011081448145468391
340726,0.009137279203079014
340746,0.07322234556804176
340747,0.011154614325721738
340768,0.043512099507147274
340769,0.04607307776274627
340772,0.2527244606194288
340774,0.12575596987855017
340778,0.01116433946109313
340806,0.10153908133379394
340816,0.026897852100135226
340823,0.024440091077360733
340826,0.033123952098358264
340838,0.22179656923390273
340840,0.0805780944010665
340842,0.040886393437855585
340844,0.057885075520133424
340845,0.05126540879322257
340853,0.14235013688880235
340855,0.29504587527518245
340857,0.1644586137770391
340858,0.06202620832737436
340864,0.0900857679952796
340899,0.08541966809495212
340901,0.030476086738450786
340909,0.07952522261981942
340921,0.014612545709376649
340925,0.12329796855708955
340953,0.029631838491756567
340954,0.04775304445180638
340961,0.027428254889469105
340963,0.18618068695480455
340975,0.07888106787194862
340977,0.022282391511538113
340996,0.0681686807544288
341009,0.03906644264433548
341013,0.05471558103169023
341020,0.06908235196213366
341024,0.1242847584149596
341031,0.05688826834655734
341038,0.08572371055852825
341042,0.03260622965605781
341050,0.0533562211669855
341063,0.1893812329657203
341066,0.013101002303308398
341067,0.015341031224689433
341070,0.16045264818284768
341075,0.09107641147759454
341089,0.015014703526929931
341091,0.015523063762382083
341122,0.08338242199247863
341132,0.11339336596638172
341135,0.06376149889131275
341150,0.19394369769295772
341168,0.04645794317690644
341172,0.14554815449862055
341182,0.048076621541625675
341183,0.013405767405985225
341187,0.10806395528098929
341192,0.07238520874954453
341194,0.03590459667024947
341201,0.028372480148441247
341226,0.01803773723175881
341228,0.031620229192795724
341231,0.04933078471419484
341235,0.03382493900620513
341237,0.03771099223517351
341251,0.10318641303270555
341278,0.05563960753080834
341284,0.018604245592130284
341285,0.11268845395712601
341294,0.027530621996273635
341296,0.038511757012036525
341297,0.04097850037775155
341298,0.024574314663907575
341302,0.0480827120731928
341304,0.02757950548247399
341307,0.10847597943868133
341314,0.10848930121110774
341324,0.03590467941623447
341332,0.3688582428617204
341342,0.08685763085580678
341347,0.02392091732547525
341356,0.08228900064068399
341358,0.10839817077996645
341365,0.020138633278075094
341368,0.09288107613022337
341372,0.04651650385367798
341374,0.06568504620912317
341380,0.02739245915588282
341381,0.060556855533055974
341390,0.05898259874519381
341398,0.1345334561860762
341401,0.08190891353571081
341406,0.025221715526390198
341413,0.060659110315584686
341419,0.009412492622050527
341421,0.03229236370501277
341427,0.03177926778501007
341429,0.05296009022297275
341434,0.0303108324699742
341437,0.027477249195380065
341444,0.10452940215120698
341447,0.02259843141099152
341452,0.014183326834722726
341458,0.18180975078216408
341475,0.13127081152488929
341478,0.022510558740211677
341495,0.011126145908348394
341503,0.024072240993692352
341520,0.04408401453210756
341525,0.020877380717022265
341544,0.027137646543783277
341545,0.015624562581393706
341548,0.012721341310793157
341551,0.010897997214366358
341552,0.07538209690854408
341562,0.13393295618121745
341574,0.07163982233595385
341577,0.03824352775137208
341585,0.1144031215863299
341616,0.027177951279867257
341630,0.046270256959472254
341631,0.024469456300024867
341640,0.20479406445395765
341651,0.03733354776932142
341653,0.07860290595475164
341655,0.29436476095954206
341659,0.009574839082506972
341696,0.1545715527165439
341705,0.25112818278391885
341717,0.019332895401960697
341720,0.06179404547625208
341728,0.056082682005744414
341729,0.011393252459360266
341737,0.017110949543372445
341758,0.010730162180548487
341765,0.05653965904601368
341780,0.12545554219081867
341785,0.09845007157665996
341787,0.06112141364633269
341790,0.057733917029240814
341796,0.01667303166140862
341805,0.04175116132449602
341811,0.026769172500728966
341823,0.022086279716049817
341828,0.40699187184611973
341841,0.01467402026787835
341865,0.06773339365199958
341873,0.03364405620349122
341891,0.013563035932163871
341899,0.021914608160335303
341906,0.027726213312397975
341917,0.012158043744437005
341926,0.13205749549884588
341931,0.03805443058661255
341934,0.02624221731946168
341939,0.14948484293366104
341943,0.19232326276507822
341962,0.03953114168384866
341967,0.05096884279205305
341971,0.05008423754083491
341990,0.010471233742042101
341997,0.028890464263876547
342001,0.040735904682978295
342010,0.021516254269864032
342042,0.04946350833739789
342052,0.06226821324681455
342084,0.0858547348758108
342089,0.012674393215671298
342091,0.011392572179929557
342099,0.010859229970073735
342109,0.02124168510583655
342111,0.12589489656126046
342119,0.02177804177711958
342120,0.09111591779594652
342125,0.013435909290437748
342127,0.29493943652989024
342128,0.13534613781959448
342135,0.0761157318268593
342136,0.05970757337065299
342138,0.06641433795671717
342148,0.09913682998370858
342153,0.11284710775518139
342154,0.09399317337143744
342157,0.03261279040419042
342163,0.026417357704647815
342168,0.038709640794003505
342173,0.2426042089997152
342182,0.049265366720302496
342185,0.010757436015319814
342194,0.0783758225594314
342198,0.05989844247746663
342210,0.051847316424992504
342214,0.11129218286561149
342220,0.07895532306613509
342222,0.012311146219705367
342223,0.1083935375522727
342230,0.06285875579628152
342239,0.026755618582515395
342247,0.059017548676435064
342248,0.21392382375497415
342252,0.046020656439351056
342257,0.21520066170321006
342271,0.2219981074063495
342272,0.013363901683657425
342290,0.0939475673269834
342295,0.033818622262945956
342297,0.05412702652885827
342298,0.03452839623553997
342301,0.04366109019358165
342305,0.058550880185863616
342308,0.013249409956102593
342314,0.03382872927240703
342322,0.056113629653827414
342340,0.17400688579724
342350,0.03221640484937029
342353,0.03691761934388614
342358,0.0567389045193842
342377,0.01474337328407647
342378,0.014600928798290983
342382,0.16593196309632846
342390,0.02187364209008986
342396,0.05131694679530195
342439,0.0829625259097761
342442,0.04591142261275209
342447,0.015966496778714135
342449,0.014133329565441721
342450,0.13424874284487773
342451,0.09361940678438926
342454,0.11788880493816675
342455,0.21325059564009557
342467,0.03144122694131229
342476,0.30289118329994313
342481,0.10108850101919782
342498,0.014094197412795214
342503,0.02396944159051107
342510,0.010632559453061198
342513,0.03958194704226855
342523,0.027497701323586355
342527,0.22346635402114362
342555,0.1333107694037141
342566,0.11080401483685101
342584,0.01142375832435087
342593,0.009443927319897185
342600,0.022021190726897354
342611,0.03242658531664886
342614,0.023292152342245555
342637,0.06387410598775058
342639,0.011461629583022994
342656,0.22964821269137117
342669,0.026897546562795534
342684,0.2040846810069719
342686,0.2263268219764008
342690,0.23285150460129939
342693,0.010888070585281455
342701,0.23944378189025298
342702,0.3424427082239823
342703,0.067088227977363
342706,0.02990996459100146
342711,0.0699170137265451
342730,0.03693009115596528
342744,0.04659687063824748
342753,0.2066386963961185
342769,0.039261391335928535
342779,0.1524922286208064
342788,0.025069213955665293
342792,0.029388237356836044
342794,0.08717173414634119
342795,0.024447223239532006
342799,0.029390406432902038
342802,0.22383633843517892
342803,0.20857523169154044
342812,0.07885703567396632
342820,0.18480342225121116
342824,0.013225961051768228
342835,0.057865590468117935
342836,0.0340320892008607
342851,0.08471048069155887
342860,0.044230710999373805
342862,0.22886805567053173
342870,0.05212579379938537
342873,0.03222368989633684
342894,0.013354144548170336
342916,0.010451932467688888
342950,0.125234839777448
342970,0.07781437055711583
342971,0.09215896635921855
342980,0.01832778940762282
342981,0.022310897437509115
343004,0.1126920818392213
343044,0.009574839082506972
343045,0.25285665969125604
343072,0.03773656604771788
343078,0.04776513321171906
343080,0.27418603217845194
343085,0.06696748838722873
343126,0.05235854200548814
343137,0.04739155207878833
343139,0.042352840608084266
343144,0.12970630770533265
343155,0.014600928798290983
343163,0.01740592702562838
343165,0.010206711016081702
343190,0.03446400453917762
343205,0.025106564562614526
343221,0.0562051646133338
343226,0.014370166641602974
343233,0.038556984965954735
343236,0.06873752388725773
343241,0.09123191288177186
343245,0.13462833360464246
343256,0.11039909690169332
343260,0.04850756993776479
343276,0.02210540013162171
343298,0.024101898809307236
343299,0.034470843140459666
343310,0.12178031130340827
343312,0.10422296220737479
343317,0.02764531056760155
343319,0.011294056641100904
343324,0.015844760204583908
343345,0.016111198177580596
343348,0.05315739041015353
343354,0.1245593766917628
343363,0.013210193906436542
343365,0.3052092853424489
343376,0.00921458899420049
343380,0.2040479903376072
343401,0.06506196499939883
343412,0.02524253609497686
343414,0.02061449243290825
343415,0.09070229413829592
343418,0.1031562193846827
343419,0.07610870135860227
343421,0.04376860726147536
343423,0.025997844075902655
343432,0.008615703403753432
343436,0.03348544646635809
343440,0.39029497002029073
343458,0.03781905773655305
343470,0.042268320902527724
343471,0.01847569629062472
343480,0.04402748962693773
343484,0.01648521135903173
343492,0.22949664162332128
343500,0.05485718156412874
343503,0.03955675890439308
343522,0.0609010399780486
343525,0.01569957885977006
343562,0.1379605094163831
343577,0.06337334909293432
343580,0.10142164648573262
343591,0.009909395437624851
343594,0.06786716269217756
343602,0.06858325024283854
343611,0.011424079963117926
343615,0.13708925227123722
343639,0.012627710661861599
343643,0.013472800650197453
343645,0.041572054098617924
343647,0.014977169562029283
343669,0.010632559453061198
343683,0.026079927690694293
343702,0.49581384170339815
343703,0.06574952912559963
343704,0.02563006254036628
343710,0.012035136704356277
343724,0.3297626272312212
343730,0.07660316147626892
343742,0.12311683358987427
343743,0.0626003749034736
343745,0.04884885179177906
343775,0.11705191928023247
343783,0.025602904728171283
343794,0.06960955157539891
343795,0.0249886149082919
343816,0.02183889389869424
343820,0.04252971939320385
343823,0.18325837647158078
343836,0.01166836875078741
343845,0.044636158703667286
343888,0.2210479443941343
343893,0.010187877152127033
343898,0.09043978430699882
343914,0.015620970979162024
343918,0.010998339424201569
343920,0.014647645218168725
343928,0.025627299107880967
343931,0.07049907907622668
343968,0.07790145536023796
343990,0.0849984112090442
343991,0.03209956453297188
343996,0.03837087800467501
344002,0.18753216392989872
344004,0.11493989525463222
344008,0.2486694715143086
344011,0.053462301433745175
344013,0.12073169117852929
344014,0.1234175188662568
344015,0.05361326878087952
344016,0.03774622301995389
344019,0.06982787601525846
344026,0.009962118556950793
344027,0.030015534067939043
344029,0.08061056287734447
344039,0.21036655687657552
344041,0.4160993916748973
344042,0.027288538749749142
344047,0.12835540529604159
344053,0.3177741371441031
344055,0.06894814560765986
344060,0.024469456300024867
344064,0.04433313010036348
344067,0.04112955521236828
344080,0.022426404036567944
344083,0.05684351550869321
344088,0.026460817801749213
344090,0.05209065849941674
344093,0.03560049434060002
344099,0.0265494231280886
344113,0.034282672512697364
344114,0.05298001689205356
344119,0.029837819195875814
344121,0.02483198953522096
344135,0.07370009812385474
344138,0.03560221557149764
344159,0.11300392492531355
344172,0.03753449684492758
344176,0.1101623903905617
344192,0.017245973890858916
344202,0.08456806695770938
344219,0.04754309384047266
344225,0.054098832361803885
344229,0.3232498990162599
344240,0.035472234219765406
344241,0.02273141903078238
344249,0.014551706674065629
344252,0.36399661038998243
344256,0.10529849754928222
344260,0.056251379177611395
344264,0.010576451771463284
344267,0.04233002576831882
344275,0.047712417292687735
344283,0.01497936789184696
344292,0.02940606742140302
344296,0.05526067811243013
344297,0.026038520941378717
344299,0.025625069726955902
344303,0.0866245081817313
344313,0.02781153280020588
344315,0.026836945021411422
344317,0.04442230206670573
344323,0.04807260405299352
344328,0.0472976645801031
344339,0.12108925728240161
344343,0.037773343335800805
344345,0.015800760106308712
344356,0.10425533258182922
344358,0.025865756937203426
344359,0.05340555730612771
344366,0.10662031937740948
344370,0.022365188269384946
344382,0.012369300057322234
344383,0.03811209377037775
344386,0.3187909097442643
344388,0.377934519646334
344393,0.011555157621248742
344395,0.02706213334751023
344401,0.09437393774213174
344402,0.18734593558797935
344404,0.056240440896504165
344422,0.010254968927449428
344427,0.014312108858449569
344433,0.013417632935154578
344444,0.10598783063755517
344454,0.021958339235830383
344460,0.04456330354121639
344480,0.012484243222114812
344483,0.016631038598817312
344488,0.2013287259716056
344496,0.3122210828212651
344504,0.09266007402017941
344516,0.04515215188035192
344524,0.06961188844349993
344540,0.19639561352161966
344542,0.028063818685963506
344550,0.020906422299127342
344558,0.020938034782443004
344561,0.03915196403208319
344568,0.24152580001147608
344571,0.06459397160703938
344621,0.05522281037596409
344633,0.12648594576883268
344635,0.13436759235345147
344660,0.03210894803713951
344662,0.05285015938349789
344681,0.00952969669029007
344683,0.34322561479729286
344685,0.058254325373225134
344716,0.2508974578174421
344726,0.04451989572059932
344749,0.052026132262379995
344750,0.2177047190654223
344752,0.07708537838086142
344760,0.026483042420180198
344762,0.13902046615973346
344768,0.07807461408139578
344770,0.20807766297371363
344772,0.19863832609652962
344778,0.09092879365934613
344783,0.11705711920656384
344793,0.021976159357701246
344814,0.035036103593435654
344815,0.0136454203514769
344818,0.04285177409376774
344819,0.04098318665496635
344826,0.12130297676512318
344828,0.39867962986970673
344835,0.02889853370753192
344864,0.023357529073149787
344869,0.2068713242910747
344875,0.4779824548852968
344883,0.01529000622627583
344885,0.03628443059532301
344887,0.06204509347437701
344889,0.16079367485459967
344892,0.26538273519356137
344895,0.050252308148464576
344913,0.02779279351679015
344934,0.010416294638468524
344939,0.3083722203482369
344947,0.1800209912298753
344964,0.2198546349305484
344969,0.026792607160026273
344973,0.02410838471485957
344977,0.06981238705786443
344978,0.11533800549058082
344991,0.056226014839026686
345010,0.1203166129925168
345011,0.033330541175565845
345012,0.13170718222395775
345020,0.046364728246402635
345021,0.013365062390756372
345042,0.02299329027110471
345046,0.012109373989570462
345070,0.02729054511043564
345078,0.12836856950293227
345085,0.15833884586511696
345087,0.15822890271405599
345093,0.019332895401960697
345094,0.18081956094003843
345097,0.0913235248803316
345107,0.016570834711305552
345109,0.09968830253571187
345117,0.024197179122922647
345118,0.015259928185785376
345126,0.15361137887010573
345142,0.02630844384936106
345143,0.015709188598728774
345149,0.024183045480659787
345150,0.01921345006482455
345154,0.389152818160523
345174,0.012911712639416931
345184,0.06158087603218464
345193,0.03848602289172006
345196,0.07100271738786011
345202,0.040825582219246634
345207,0.05496062318303507
345209,0.3051971747193144
345211,0.05225234265277372
345212,0.0958048665850437
345213,0.07374174413462291
345218,0.04940632220994225
345228,0.033862770059541365
345234,0.014772786321343614
345251,0.027789530801120826
345252,0.02150772298711582
345260,0.058297669796904594
345269,0.009359701300739742
345275,0.08870074539716842
345300,0.017030307970589836
345305,0.04334053222265198
345306,0.18125634491883688
345310,0.03948521463062853
345315,0.2036757920042524
345324,0.03590459667024947
345329,0.04434309782778666
345359,0.14064862599845238
345360,0.1803536207259862
345364,0.011844864755907892
345385,0.13530987081255155
345387,0.010949692516927527
345390,0.047031650428637856
345402,0.17781388431812842
345404,0.07533588601692678
345405,0.023264924717479468
345416,0.11484210387905462
345425,0.1920659162069229
345432,0.042761807530363224
345437,0.18643808148142796
345442,0.016180499488954544
345450,0.03718777126694974
345458,0.04068959336468862
345467,0.06396175925234308
345468,0.12870714273231929
345470,0.1070666396766072
345478,0.024234157518153554
345479,0.11834273033977591
345482,0.11649938962655859
345489,0.11139250325929237
345492,0.03868456012313672
345499,0.07490982807970509
345502,0.01103498990030723
345515,0.048743593190254335
345538,0.013791206867737596
345542,0.055961953524679656
345548,0.02473740125242179
345550,0.038741215455162216
345552,0.03760070457020823
345557,0.020672424246411004
345560,0.01520899582737294
345563,0.07481831230956258
345564,0.20933366594548267
345580,0.011156635555692341
345582,0.04634437098168627
345583,0.02025441402162833
345604,0.11655304879845574
345622,0.04166371914723438
345630,0.098873756964695
345634,0.03253079699439988
345643,0.03779340117290919
345646,0.01076589582004191
345685,0.10119804694186048
345687,0.01095282089037965
345694,0.01624549029657799
345717,0.055173009179800656
345718,0.12978868627996562
345726,0.03777047556936512
345733,0.11563594994156612
345738,0.044230710999373805
345754,0.06023317489929643
345761,0.0808672340524424
345771,0.08934260957661226
345778,0.04231561636122177
345780,0.3142008473688957
345788,0.08610828361962111
345796,0.2422932353856917
345800,0.3105905785858927
345808,0.1131698696456667
345812,0.01926231946627926
345821,0.07742547466838076
345822,0.044478777517431276
345843,0.22308639944993228
345853,0.1308338763439396
345854,0.01572441354964698
345857,0.010906532718023094
345858,0.0520429150550587
345867,0.04988849797352561
345884,0.06337110074155738
345892,0.01872633731135725
345893,0.03979691509180408
345896,0.0502633869547122
345902,0.027183661988047565
345906,0.10468682115239174
345913,0.01277940528465755
345916,0.0729131100267035
345922,0.04953478822809641
345923,0.1558886408773114
345924,0.028208375384942065
345935,0.10346514001866831
345941,0.013317837805055771
345948,0.19417283252598322
345953,0.030188373921230482
345958,0.07402287198961278
345962,0.020795389563175302
345966,0.20112818607827143
345973,0.03933219255293268
345976,0.16788958140850066
345989,0.01952917908951126
345999,0.029744442321483638
346003,0.034281234399137564
346014,0.12164508309381253
346027,0.02714608381893261
346036,0.1374885532664788
346048,0.021497988438911847
346052,0.012094548662921523
346057,0.06465870305719104
346058,0.10680318916187297
346064,0.1787692834672434
346076,0.18777512787373915
346079,0.03846140582886591
346081,0.06370975169877016
346091,0.04077881991567199
346099,0.1229191965624967
346104,0.009574839082506972
346111,0.013578303979274042
346117,0.20940258603814196
346118,0.07203151901710109
346126,0.09212182698178688
346135,0.1247111252228071
346141,0.07284529553830132
346150,0.04082722778645319
346153,0.0685811847982464
346155,0.02755748158072774
346164,0.04408170375912711
346166,0.2222810551438641
346173,0.024371659489482066
346179,0.010339360612680728
346184,0.03319105541303867
346188,0.0112808448277096
346201,0.16922888562204502
346207,0.08932684965596883
346213,0.0675268212719711
346219,0.009574839082506972
346245,0.02110750271540354
346271,0.0339699411158165
346273,0.17257403015543363
346290,0.03850893249795722
346300,0.12290255690637512
346314,0.04681665978326269
346328,0.013363901683657425
346329,0.1670157988670567
346338,0.012954459110573104
346340,0.028483758627534234
346341,0.02368549610140632
346347,0.029226763424072665
346358,0.3274117848237025
346362,0.04670920435276309
346373,0.02393158195354203
346377,0.22392887467318348
346379,0.55367520595983
346384,0.15171567029060387
346387,0.024780657563158465
346392,0.038449981885974
346396,0.024750483361952437
346402,0.06795629553735263
346405,0.05778161934544492
346407,0.03266227135988649
346409,0.09092879365934613
346414,0.12002198239105419
346423,0.040725513054964
346424,0.02683726315304124
346428,0.015719252364357787
346443,0.05965479895957203
346444,0.014400183272732094
346446,0.15483613084439835
346449,0.10164005987715272
346456,0.02142611671065865
346476,0.020612032128795595
346477,0.03274046514470674
346480,0.03899321777476288
346492,0.045513942247558795
346526,0.01462159320017622
346536,0.07611531673679237
346539,0.010908835097254009
346543,0.10454721693782767
346544,0.013666892608420082
346546,0.009642805589378516
346591,0.24522818416242745
346598,0.06321976514292167
346599,0.04659028213328502
346618,0.07610456564626598
346620,0.02411479552815316
346623,0.025268409963973244
346631,0.011075904674789198
346639,0.013875507460138955
346657,0.02278841773985612
346661,0.2033071925138555
346671,0.09469197235957849
346672,0.04763132642559494
346694,0.032318090668582336
346712,0.187076999036268
346714,0.07031793163917656
346723,0.01910014007856048
346727,0.09485001381631489
346729,0.02397910927539907
346747,0.010797309238747561
346765,0.11156418233763592
346775,0.15323253378809046
346784,0.07092012473320904
346797,0.047774520005702904
346799,0.1062535070446442
346802,0.015423872439801423
346807,0.011339304806902241
346822,0.04458567966200746
346828,0.10637201774951696
346836,0.1332232648848735
346838,0.01991881484996656
346841,0.09688254572622963
346843,0.060903182841166935
346848,0.10603698762058515
346850,0.04480835693075071
346851,0.018716026522496213
346855,0.10665854402704814
346856,0.020054166797277843
346860,0.07013514950132595
346870,0.11738165331195474
346881,0.1877115736378979
346884,0.02763280092454109
346887,0.016585695452199272
346890,0.009716339328483065
346904,0.09313331127640526
346912,0.015388537380728285
346914,0.18166119425534213
346923,0.013052256854183094
346924,0.1719582450867318
346926,0.058378967691454085
346934,0.021958339235830383
346936,0.010491998254014655
346951,0.05522281037596409
346952,0.026000367882336634
346970,0.009804177408203666
346982,0.11907184535147901
346993,0.012802471102978547
347013,0.04426381138687912
347018,0.04816930827764174
347021,0.07524041750113779
347031,0.036310098112243845
347033,0.4171268106841691
347039,0.07817716925065862
347045,0.0717871755970266
347046,0.07234608396661271
347058,0.021519603480355125
347071,0.10028350553931582
347078,0.13133109679917873
347079,0.016461509177227704
347097,0.011575770675642569
347101,0.0661176933521557
347120,0.05335135604714283
347121,0.04712730199329597
347133,0.01145657298742578
347161,0.08928871421017928
347163,0.016088357920599324
347173,0.015247107705770127
347175,0.04133612986968739
347181,0.011126145908348394
347193,0.24371200512407915
347196,0.17290524367705334
347204,0.17359835808335716
347205,0.14033905445628775
347217,0.22848872466444564
347229,0.022282391511538113
347255,0.028731710969674123
347261,0.04766686284754924
347266,0.08616213564005036
347283,0.04893058259224271
347286,0.06476531768504992
347302,0.00921458899420049
347304,0.06411601439071424
347321,0.08816997473511165
347323,0.046121263356008226
347331,0.14331115183694723
347340,0.03836508144890012
347350,0.05307118832512688
347374,0.03412818887068157
347379,0.05964169282945951
347404,0.09192113800541601
347415,0.11382658354805855
347438,0.3673695149383886
347439,0.01886784312629263
347443,0.06044636017392078
347450,0.14280713746976975
347456,0.015363214752734163
347458,0.2997085770303286
347463,0.05049831433829445
347471,0.013770289430717769
347476,0.030603231547257304
347482,0.10761261878894583
347483,0.01574645495585223
347492,0.03104165976811451
347498,0.04759041540722022
347499,0.03957650009704018
347501,0.04628565902106337
347521,0.08193398637986402
347527,0.009242497232500198
347531,0.01808268238697755
347540,0.043815418111240984
347556,0.029044207476239436
347575,0.031393333137131586
347579,0.009120792192501925
347581,0.03176482768687315
347583,0.05471935096036151
347611,0.045240329214142005
347614,0.09617229414598928
347621,0.02872560677441584
347629,0.19603691221538955
347639,0.11943124119617288
347642,0.01831258143854294
347650,0.08441619215095494
347665,0.02707437489126514
347674,0.022282391511538113
347678,0.22121792009144697
347689,0.03990429957781286
347690,0.011359175534579909
347708,0.07806309451675279
347712,0.28457786824296033
347722,0.20342824518429548
347728,0.038322044815147616
347734,0.03658757715637991
347736,0.17787460902689597
347747,0.08122721822055413
347748,0.02211660014596194
347753,0.21258681213597747
347755,0.32133966025980937
347756,0.06229084900954601
347757,0.010805651574610537
347763,0.1127973326043964
347770,0.1497690459273188
347771,0.1343217222344851
347784,0.02003864031344823
347792,0.058558025131576874
347793,0.05021719716002263
347801,0.0525030784302886
347808,0.16790419289605105
347821,0.02723172743754168
347824,0.04943464530238454
347829,0.07098854493213855
347841,0.2190876193328465
347845,0.016120254231483118
347846,0.30259768361397293
347853,0.22015185975955806
347854,0.02160065605488787
347858,0.049127174461110076
347859,0.018237325404786144
347864,0.010707136035781885
347869,0.017988267883106084
347876,0.047950067995237954
347880,0.02454351278880009
347884,0.015844529074694393
347888,0.01325681219830025
347893,0.016266932735544925
347900,0.05497122816574197
347902,0.025605581461382566
347910,0.05779172150176247
347912,0.012709161714174074
347915,0.03951200139253442
347916,0.09938985032679129
347919,0.02154845771437976
347923,0.04633557567121086
347952,0.4367547639876891
348002,0.2299875532336837
348003,0.02025441402162833
348008,0.08953327036805124
348014,0.029717279132101877
348027,0.19355784105701124
348031,0.01950740287911575
348051,0.04431059928253212
348060,0.04979088987399954
348064,0.04603924600576663
348066,0.051679877568983144
348069,0.13614948011499012
348077,0.13306922390165113
348081,0.010491998254014655
348087,0.06662890383202752
348088,0.014845116020985257
348094,0.1815204213027829
348100,0.020412919529106767
348119,0.02734769528130975
348122,0.06196414520615664
348141,0.2776291820406921
348145,0.015760737581503786
348154,0.01777364352225514
348158,0.019494652611452404
348163,0.21779673085384726
348176,0.2692645385268996
348177,0.012498730925712475
348181,0.201004731281897
348190,0.087085113090013
348195,0.1096621341489737
348197,0.2869101001560349
348200,0.009574839082506972
348209,0.05084025686638081
348216,0.01222587935618693
348217,0.07808791067777097
348223,0.3074952544536401
348228,0.023728587202644293
348230,0.060872133466917
348249,0.014690840170841237
348251,0.09288979673607337
348261,0.09293803691741993
348264,0.029121516541511926
348271,0.01872240316586601
348273,0.06956845525541523
348280,0.04771912395901468
348283,0.05348757599847437
348285,0.12127586812289573
348306,0.09229897047032182
348312,0.0955184190273718
348327,0.0670528911384762
348328,0.13617790499732568
348344,0.024350197970599962
348358,0.1207898765149841
348361,0.05614791220331015
348362,0.14797007958057554
348364,0.010632559453061198
348370,0.02210132516766248
348380,0.04264936914700976
348400,0.06110154106908109
348420,0.19430006099069502
348428,0.059291260168483496
348430,0.013741562304603935
348445,0.04627030205017772
348460,0.08268933911786037
348462,0.03735072822965157
348465,0.0763085940151722
348481,0.033386693991117045
348482,0.0428817582318223
348485,0.029638810133262333
348491,0.09127908181334325
348492,0.19440682581377405
348522,0.12054024173732665
348531,0.03960270231808128
348536,0.06395029988682983
348546,0.12791083103765327
348547,0.028788564712026354
348548,0.05354282404457822
348551,0.01997704669864477
348554,0.23475101203714877
348564,0.022936025969353964
348571,0.06408720384931509
348577,0.1724184830893536
348593,0.16371009184932422
348595,0.17997001727786147
348606,0.021879244782418494
348621,0.012709161714174074
348630,0.07247177323605332
348633,0.3867172120793795
348644,0.09101495139794179
348646,0.01245867911491116
348680,0.03489123022905132
348692,0.034080329774992986
348698,0.131887050267052
348703,0.12072887733584589
348712,0.05073306810470914
348726,0.17751500551063457
348727,0.011708937237626919
348731,0.0322225958982427
348733,0.03535750791940588
348747,0.1462229567422677
348753,0.013462636881033708
348756,0.07422114024265214
348760,0.08699864416709979
348771,0.04394111102562106
348785,0.012862771517723842
348789,0.12809202793389146
348793,0.011856866820486723
348797,0.00877702911477253
348799,0.011387220973728832
348811,0.04470956054241281
348812,0.03862358492106271
348818,0.012863858802106182
348822,0.027876245466949796
348833,0.10353559376456056
348849,0.03474442998013537
348875,0.05845456185853602
348878,0.013923633452687639
348879,0.040263581021148145
348884,0.29554476714751865
348887,0.025782429507293193
348890,0.0912913611807517
348901,0.05199360490769821
348911,0.05562284135403474
348936,0.010737777482482381
348941,0.018650430661057947
348949,0.024421217724468064
348950,0.03288642958829412
348952,0.008615703403753432
348954,0.0534374612544955
348971,0.051937038712541475
348979,0.22773542385668058
348985,0.09961082416429813
348989,0.11411403505362931
348999,0.03127179350330656
349006,0.12839506668159006
349013,0.18827573802122677
349015,0.03798296307020323
349024,0.014903682237642352
349033,0.03865151234486387
349047,0.021330144616014103
349060,0.01816906338438264
349065,0.056803802569113035
349071,0.23660597947515044
349081,0.10575840846518425
349088,0.09920429971593449
349093,0.011146237712002283
349101,0.035199407342638135
349107,0.11508959007646649
349113,0.025661913046859792
349123,0.07373989831163881
349125,0.023781990861549356
349129,0.09693584236949468
349131,0.11611085198731937
349132,0.02453456358027865
349163,0.06706285848955161
349168,0.05615330961289768
349172,0.0747968190917174
349187,0.012360038648273557
349192,0.22811044100213893
349193,0.03590459667024947
349203,0.04452119221341367
349227,0.08629513346239885
349234,0.13918895888744476
349248,0.03854825443204539
349249,0.0179686856609984
349254,0.02654775583006831
349259,0.1430553416667866
349265,0.13112971548629548
349276,0.03171953103512761
349281,0.04372823948323323
349283,0.10323371984340819
349288,0.04356642843292256
349297,0.11899869477909253
349299,0.08663818869230018
349304,0.0112808448277096
349306,0.10967660424460876
349310,0.10757588626372046
349314,0.03615096127874306
349320,0.024079502760135627
349326,0.054582871059937456
349329,0.040581620234873696
349337,0.04833820141078453
349357,0.04702979458136839
349363,0.01158856477608449
349374,0.015898973114811213
349375,0.037742778756684664
349394,0.07602681180453834
349399,0.026530363854364615
349404,0.02167050751328579
349419,0.02861867184582965
349422,0.22219765890238713
349425,0.32407145418008676
349432,0.022025341788143953
349433,0.13753644773327373
349436,0.010491998254014655
349437,0.042021188933040896
349439,0.016412542149053
349484,0.0339799910708012
349488,0.05288199144493681
349490,0.14873566151828035
349538,0.16343305928510463
349541,0.010841034208258505
349543,0.012002770589716043
349552,0.015504006230570747
349560,0.07479381976947802
349565,0.07527934033433105
349570,0.08609856299780143
349586,0.09812961200594009
349589,0.0661679365310645
349592,0.07851706475285682
349596,0.09431986913276122
349598,0.019784412013576173
349601,0.019332895401960697
349608,0.5080390498104337
349615,0.07685550533350789
349645,0.04794926132651549
349654,0.061802383183244734
349671,0.03070603510206151
349679,0.0727901547005265
349693,0.0813138546632844
349706,0.15792044948396258
349707,0.10073451272196432
349708,0.0649959998081568
349719,0.05634875307701651
349727,0.1905759492910946
349730,0.01921345006482455
349735,0.2061145214290875
349744,0.06277969534770506
349745,0.05667254284454691
349760,0.20158627587847425
349765,0.031144851285018694
349778,0.09704073537735587
349787,0.055720996227037925
349802,0.04105156303280901
349812,0.14861812618471557
349815,0.015268136650957142
349847,0.061204258095758114
349854,0.043614995754830764
349855,0.08371203854317603
349872,0.0201409122339192
349873,0.09479748626586403
349874,0.05357652135573836
349886,0.011181444197880249
349887,0.1108288202989414
349911,0.036363356008964696
349916,0.038654198870482014
349920,0.2353759807255417
349921,0.01147568090119638
349929,0.058645269405346534
349931,0.02665424133966343
349935,0.015718486654164372
349939,0.039242442589995694
349960,0.025354815009058666
349967,0.07668851173296296
349969,0.09914709111026511
349971,0.13311878573012087
349977,0.010745131308069356
349979,0.07360046530166989
349981,0.08039435740762332
349982,0.1571621116623823
349992,0.010066979988561988
349994,0.07137658438390192
350005,0.010431339464924031
350006,0.010877373941911298
350009,0.12186756073274121
350017,0.03439222737965422
350021,0.10469544251151039
350023,0.1312848515634488
350032,0.05438424073378463
350033,0.06447723266820035
350036,0.1264314915785797
350037,0.026614858715020433
350048,0.37441252220614124
350052,0.0473530361442837
350063,0.025686672343837806
350077,0.0835342279796448
350078,0.14716943116729167
350086,0.24182385498695486
350087,0.013359567075508273
350107,0.013551980678366372
350110,0.02736782854469923
350114,0.08144197350965579
350119,0.1945308801213842
350139,0.02036924226432619
350154,0.052224414429170876
350174,0.21352698950138205
350177,0.07881585579794406
350190,0.17358439369493633
350193,0.12561350422563183
350203,0.010386780224593469
350206,0.11508421861822116
350210,0.0942220206616225
350225,0.08530248692961553
350242,0.015225521570398196
350264,0.037146286626769
350273,0.010110983653735618
350277,0.09700068660950759
350283,0.01393820016347028
350286,0.025779433768128406
350288,0.036528834925502275
350290,0.04442741757428184
350293,0.05798641735864067
350310,0.22287634557871283
350327,0.22013125819579335
350330,0.019139431984097934
350334,0.2006793238961031
350340,0.01609765045321989
350342,0.09621980361730756
350344,0.0660254531360596
350370,0.025083482790247795
350372,0.23052532253748464
350376,0.1932342943057483
350387,0.05555453159672615
350389,0.07596061455728526
350395,0.30262528169930103
350397,0.18780419828893985
350433,0.1053308694567913
350436,0.14119067619152725
350442,0.009490385565058341
350445,0.02647043773904618
350446,0.11286094759163265
350457,0.1858962682667866
350480,0.056011393188796464
350481,0.011575770675642569
350484,0.1045525942688629
350494,0.010405211910369791
350511,0.011723588483154397
350529,0.019418639986943487
350531,0.012347643708215091
350535,0.020168676762251446
350539,0.009158043715051568
350543,0.08299087151750008
350544,0.04806982818181249
350550,0.04284321667766327
350558,0.05114065480515283
350569,0.16625125968884338
350571,0.19504866208985708
350577,0.06298075141649166
350582,0.08680920307387133
350585,0.014894727048487436
350596,0.011836522420044916
350598,0.07273809693433474
350599,0.0383916949990615
350602,0.11247792206308767
350612,0.0309057293432193
350621,0.10604904018084235
350626,0.021101327746970776
350628,0.038865849985101966
350638,0.09127164726835088
350646,0.19255260397893809
350652,0.026323497718801648
350665,0.0672071322353357
350671,0.11902389264159308
350677,0.07333893727322822
350694,0.13503810845160327
350697,0.12717888120453266
350699,0.152241709770293
350703,0.09277908580042235
350705,0.45269877301092204
350708,0.012769552168442166
350724,0.039437142906549615
350731,0.01776667880554449
350740,0.022818886400752497
350745,0.05424903672714344
350749,0.06219026139610486
350754,0.13294234250104642
350757,0.012046538367356538
350764,0.09587216003569995
350766,0.10905526657179572
350779,0.09969214756150982
350794,0.11497545454448055
350805,0.01835478097937666
350810,0.03787951191089765
350817,0.04637591773503076
350825,0.07685523072794068
350829,0.017365774392493816
350832,0.010781012980321457
350841,0.012465256677694743
350855,0.02509337731557188
350862,0.014035894614372102
350867,0.05137764908656932
350871,0.01922951293156684
350874,0.0989607066692048
350891,0.011041692390899764
350895,0.04485625700967906
350898,0.09607536763844847
350899,0.015745197171060456
350902,0.023312732895488863
350913,0.036735471312293225
350916,0.011452087942554933
350933,0.011950082785329077
350944,0.01564657574451312
350954,0.21257596262871958
350959,0.013762311449205571
350965,0.013743501484312349
350969,0.05993399237546519
350984,0.030263016181690937
350997,0.021101327746970776
350999,0.09586132929238397
351002,0.28254600780811384
351008,0.018968312102919497
351014,0.04461719758453202
351025,0.09574809090965694
351026,0.04804146507934578
351046,0.11388224465610661
351048,0.009979110524374247
351070,0.03368369377833442
351073,0.022733876657449498
351079,0.022971347502775307
351085,0.07706557368789328
351091,0.07939853189539978
351094,0.10060709512534823
351115,0.023138268064336935
351117,0.027044548567401478
351126,0.04225621222151705
351142,0.015563236072619058
351151,0.011017543316655238
351171,0.015748467765331415
351178,0.02572247787179799
351186,0.014718358858989634
351194,0.14563593197006414
351201,0.011013958515003357
351223,0.3936942988293168
351225,0.19374210267704306
351226,0.07998258227100839
351227,0.07447183253838699
351240,0.1086799109734169
351243,0.011857646050720578
351244,0.1722910323161003
351245,0.02260276837768463
351248,0.04120942900535353
351252,0.027395561957848914
351259,0.09497054465053262
351265,0.0799771689297409
351291,0.06467583757134422
351292,0.0379767938816668
351294,0.04602202057078519
351298,0.01109466630091734
351303,0.1817477712334947
351311,0.011337899127843654
351326,0.020468761098070394
351331,0.045959221991727826
351338,0.03281373493807676
351339,0.033564955358988416
351364,0.16767258948205682
351380,0.09158677083656559
351383,0.1022172958240076
351385,0.01889922363099777
351386,0.015385036641425546
351389,0.03713284133734601
351392,0.1880032229703262
351393,0.026516364124447245
351407,0.22832956698330328
351419,0.014043418192891465
351422,0.0134679480605383
351423,0.12010066436723874
351430,0.06142976812107635
351446,0.0117887505943109
351454,0.03959979000569895
351458,0.03544205021552513
351461,0.013902426260429462
351489,0.010356762882203345
351495,0.015368578753226392
351520,0.11830095601899397
351526,0.18039720613256374
351535,0.022707164366674564
351541,0.011776972427748472
351567,0.021261663105743844
351580,0.03926270514248112
351581,0.44386428343996487
351584,0.03587822307147423
351587,0.06003143943229868
351589,0.08232663021267884
351593,0.1296875923645567
351616,0.15689379202657833
351619,0.05042232401885112
351625,0.04061935719205849
351626,0.01393442437310933
351635,0.017404755852686648
351641,0.0213335259150104
351655,0.02071072971761599
351658,0.05483489020204598
351669,0.19689980195554566
351670,0.07505537236275873
351671,0.05845794057483812
351680,0.013303201206049239
351687,0.026820994539772873
351699,0.016663515709412876
351722,0.07645082749604906
351725,0.21961859123288888
351740,0.06939309251244896
351747,0.06276602647302407
351758,0.04105226426276985
351771,0.01723557749734095
351780,0.05290758452589965
351786,0.011837148848438558
351789,0.027000534780659658
351796,0.12883725018218786
351801,0.05615306535161955
351814,0.016484762775980922
351817,0.09504674326546345
351819,0.11765776900910489
351825,0.180588765249794
351830,0.18232018456037352
351831,0.0546305787614534
351834,0.043008615333275886
351836,0.01931414245155372
351837,0.10665175160879233
351838,0.08114599026859921
351839,0.101807796571726
351846,0.31599761576335156
351863,0.07296903245452241
351864,0.05541773996819922
351880,0.04100142363296475
351887,0.11619075517095431
351891,0.04293994188398472
351892,0.13812694198998077
351898,0.13818237344060771
351907,0.0681861831236874
351916,0.06235383089969502
351936,0.0289729965831165
351937,0.04585177826185295
351945,0.062371492475277165
351957,0.04454986950187836
351958,0.02374049606374102
351962,0.0619074035311938
351967,0.04633170266953191
351970,0.10883121263296221
351973,0.10747098500768926
351978,0.022889679940913933
351984,0.014074664826402291
351989,0.13967872681927682
351992,0.15126455382732942
352015,0.030606250778632167
352036,0.013504564974354089
352043,0.023312732895488863
352049,0.014869331302983754
352053,0.06366486761722581
352056,0.011582572873030727
352058,0.0869021054568327
352064,0.013613337834691996
352065,0.02167322786139898
352075,0.013547012627239976
352092,0.042235399644818136
352096,0.018892140858287783
352097,0.008988547685486011
352102,0.018681121494382343
352103,0.010110983653735618
352117,0.035086610323004606
352119,0.01300565643235184
352139,0.12742542785019934
352145,0.010356762882203345
352158,0.02856914738741287
352198,0.13156800600439852
352199,0.02961385016324819
352200,0.16732026297185457
352205,0.055867946987339226
352241,0.013296981538263664
352244,0.05234211576893429
352258,0.07221711437150882
352260,0.01665928770226041
352266,0.03992522273356241
352273,0.029826436108453303
352283,0.012665406129081683
352303,0.07234208116095468
352304,0.1653753563976071
352351,0.1282277358586401
352353,0.07822432841768963
352379,0.020915460761939668
352389,0.1578477356166316
352390,0.09670448992612295
352391,0.058160485315926304
352403,0.04499622312378736
352407,0.02640096838373515
352409,0.319748658075392
352421,0.009170029753869926
352425,0.026062326059802306
352447,0.01823904718594333
352450,0.09544824641843834
352451,0.10997156264556207
352457,0.020281393500156945
352468,0.10787023490068492
352482,0.030785708806322885
352495,0.014043418192891465
352501,0.18658632170299225
352506,0.5985876644322824
352508,0.15302088813996315
352522,0.16887149922225553
352528,0.08591595323341225
352539,0.04471618858517244
352540,0.009415808982337655
352551,0.09027683026382327
352560,0.023083340161659156
352561,0.10218267390653646
352565,0.041115936146172385
352566,0.035751376810126065
352584,0.11415999762805232
352592,0.027086082105986155
352626,0.1227427393418987
352650,0.014062463787537258
352655,0.012700503155847379
352668,0.25669059289603163
352670,0.012202449999497437
352685,0.1711925044214499
352690,0.08970199788017613
352692,0.026265290314192218
352694,0.041064348108282536
352700,0.04331545176327974
352701,0.02308466254041678
352708,0.09902744155016087
352711,0.20460561749042466
352734,0.06823014487380281
352738,0.04849322153315662
352742,0.02324335779425597
352745,0.12578867722322723
352746,0.024263611403533492
352751,0.10117851279453208
352762,0.09642464670076538
352767,0.020458051537801926
352768,0.04810742911330601
352785,0.0186990581870181
352788,0.03806587423144559
352795,0.11563389708545371
352814,0.07266093608476806
352825,0.022115470949976485
352827,0.038030142710109974
352828,0.02314916181369901
352830,0.08446603666103844
352850,0.031676655374634335
352890,0.010776544726775007
352901,0.009490385565058341
352907,0.0339508097502489
352909,0.16923061506097992
352913,0.022021214213263852
352925,0.0470063357936174
352927,0.027841244307953532
352928,0.11235647503231279
352938,0.07462328275420527
352942,0.03690582118956973
352943,0.3054458859942638
352952,0.017208290906262982
352958,0.054177162691961586
352962,0.05982140816448713
352967,0.03815333483705663
352972,0.031162176022552068
352988,0.009275247783291111
352991,0.03381700491255638
353002,0.04222809934133061
353008,0.08036812049183004
353011,0.026574899575928818
353014,0.10699957800526469
353018,0.008847986486439467
353023,0.01612017202501211
353029,0.026684753453457433
353031,0.041204828339452826
353035,0.1921627427439319
353037,0.07785547628455468
353042,0.04339119449987819
353054,0.023918745416331644
353078,0.03444153343336405
353122,0.0475443239039762
353123,0.01794246423350198
353140,0.09674047845917486
353145,0.07723829743557693
353167,0.09527513772793458
353177,0.07840688466080929
353179,0.21213123159154573
353185,0.03919205645515668
353194,0.20319678216540854
353195,0.07388944706853626
353208,0.21906035518546987
353210,0.028656352886010726
353214,0.1457027565468253
353215,0.20310720615880062
353240,0.12490591305959205
353241,0.12218625462066571
353247,0.026017725135714903
353259,0.10472510611730265
353262,0.20642215255272672
353264,0.0693458199060234
353278,0.04213745347586596
353279,0.055291080584303834
353280,0.09924345334201451
353287,0.1316264467653641
353288,0.034300339791120245
353290,0.037627004040477544
353299,0.013365062390756372
353314,0.13666637686380154
353328,0.04890084628926928
353340,0.04721742650634357
353350,0.024821562455015406
353352,0.0108968075826517
353364,0.046339555413676355
353371,0.01427730614149313
353373,0.023505143017857433
353374,0.10608431883485285
353389,0.044944561402680175
353395,0.09777135005704105
353419,0.5443665338358408
353427,0.010828671377319495
353441,0.09204731414537481
353454,0.01178964524422814
353469,0.17471835337248137
353475,0.21144171272209258
353481,0.010110983653735618
353483,0.054721151842096215
353484,0.11970595434814355
353488,0.12457561043663798
353496,0.009137279203079014
353504,0.015923784002584804
353505,0.11810655100274484
353509,0.015385036641425546
353527,0.025549255523370184
353574,0.11874248980708098
353585,0.04260346181415205
353595,0.11250060821377403
353598,0.009574839082506972
353602,0.19780453455015848
353610,0.06313192400176641
353618,0.028389245676530988
353625,0.01282587787884563
353626,0.19136245358354181
353631,0.014668912895650605
353635,0.037473092263429375
353654,0.027044548567401478
353682,0.19651555007593974
353688,0.08219610809116762
353695,0.06150084788451413
353711,0.010881762756196194
353724,0.08763039620608407
353729,0.04779110367866444
353732,0.01358470402502179
353749,0.12443178852238304
353750,0.010117376112571009
353752,0.09012519007496408
353761,0.014666458032687962
353782,0.012013885187082641
353784,0.03934808161988819
353801,0.017609867390334686
353809,0.09666201003539429
353812,0.04998802009475046
353814,0.05165398539869642
353821,0.021318850959383035
353832,0.06754908384977025
353845,0.16178792369317016
353860,0.04474854739388208
353863,0.027484650545237438
353867,0.02966879012424208
353876,0.05675076542804168
353905,0.04058297339040438
353923,0.013707207783397398
353934,0.03464995013390011
353943,0.017414729152177854
353945,0.04463771518206064
353973,0.018049637216615066
353995,0.01166809155813926
354001,0.13403935166018696
354003,0.05987194004163906
354011,0.01281437974359526
354020,0.05898710640655301
354024,0.102324252740811
354027,0.07004618231922126
354031,0.029111453853146056
354036,0.0419678773412666
354037,0.04409818804483363
354039,0.013484149273765747
354044,0.04921055286379182
354058,0.01787961274243501
354071,0.028383992616992225
354080,0.11500025749940786
354084,0.017178088964217485
354085,0.027968988787233327
354089,0.01342011145690546
354099,0.04311520333262438
354100,0.014624226079580735
354104,0.0255902305100374
354106,0.07157969197333398
354107,0.17511260053239402
354111,0.022329254630574818
354114,0.1600965919792858
354115,0.05213855815446513
354122,0.16046897147050448
354130,0.08451579829510562
354139,0.08789954213139672
354140,0.028098667798646764
354145,0.03912653315941388
354149,0.00877702911477253
354167,0.017197893217534555
354173,0.3467473545090788
354176,0.024222988485772583
354178,0.052946799012010416
354182,0.02263500389172891
354184,0.011941220320312956
354186,0.07959173484506935
354192,0.01252395385645401
354209,0.0682860699127639
354214,0.028063818685963506
354218,0.1334283839246145
354230,0.2561474739920797
354251,0.01861279450585279
354257,0.06161964329190646
354264,0.30579354995563446
354265,0.06903065552321846
354267,0.02423974405471809
354272,0.01732375625255143
354273,0.22770571255419622
354285,0.06314868872463852
354298,0.11738800862586227
354309,0.029519834576153453
354312,0.06877895996290312
354320,0.019617750128825
354322,0.05354621270453258
354327,0.030237083506295604
354333,0.1673804820679687
354335,0.1284891506785081
354344,0.19538389430357295
354355,0.09309073371892014
354358,0.02144121944475197
354365,0.0430354880784309
354368,0.07855218226927871
354377,0.019448447134652633
354386,0.041673856883949936
354390,0.01672369632742126
354394,0.010386780224593469
354398,0.014123951407435229
354402,0.02428962879745074
354403,0.01319972016142775
354406,0.29107760652138204
354414,0.08398091508841418
354421,0.03764446044454534
354430,0.05525181648592575
354445,0.06528582534722062
354470,0.00964797011599548
354479,0.019165217362271208
354481,0.008975953492059914
354483,0.14373532028793226
354497,0.03978884486017241
354511,0.05671800900901931
354533,0.05150911161092633
354549,0.37161196675845254
354561,0.2705397740974667
354570,0.03442768139916857
354571,0.14839388148654525
354577,0.13509284342706157
354586,0.08170131491001073
354598,0.10749890033282447
354601,0.043528040706153924
354602,0.039048840760944156
354603,0.022170723936252877
354606,0.045626986532094856
354612,0.023610816675514613
354613,0.01132516274321208
354616,0.20985075968140765
354624,0.023537632905579697
354625,0.37041464168321875
354636,0.06160849292735904
354639,0.10648289762298546
354640,0.0278127948619399
354644,0.04636195643333936
354650,0.036589320014192996
354666,0.11785054876272893
354673,0.049318830291279044
354674,0.031610030411469925
354677,0.042130917592880034
354684,0.04299251811342795
354694,0.19184700987085715
354698,0.02737269288410394
354708,0.03802235641387738
354709,0.06276602647302407
354720,0.09129126697417601
354738,0.08296404928867454
354740,0.04308444146181367
354757,0.021419406125477873
354768,0.024744599942719724
354775,0.168437683999823
354776,0.020726065333072273
354792,0.10149604603406222
354803,0.11196121512159037
354809,0.0203416914959603
354817,0.021656862205274897
354818,0.01308760080773005
354830,0.019026272766432626
354832,0.08296890060408083
354838,0.08528976611949111
354839,0.03272540437758721
354851,0.026776844461502126
354861,0.054990188815683315
354865,0.14649130141025246
354890,0.059062036241755635
354893,0.12885996486548057
354898,0.09958932902054837
354900,0.1671081282363172
354910,0.29681503038866275
354913,0.03840672314096861
354937,0.05057072928511998
354942,0.019901319311878243
354953,0.011462836738752051
354956,0.03537848960560729
354958,0.055629891180633995
354960,0.10473654102081627
354984,0.08063503785115758
354993,0.030246091592056053
355017,0.12823465000758472
355025,0.06141013114505377
355026,0.09351670855905372
355041,0.10623704910910155
355043,0.015997108431274523
355048,0.019136158078516704
355057,0.0435010090477851
355071,0.12733945992150753
355075,0.2108974974715916
355081,0.03978348585846212
355083,0.2150559101863719
355090,0.044154354599080244
355105,0.12159103418929565
355107,0.015275505322134888
355108,0.204417946831138
355109,0.12574406398348262
355114,0.03525357891002287
355117,0.21247347759559107
355127,0.015709188598728774
355148,0.019000966780978137
355174,0.16207871086347786
355180,0.08569242867820648
355181,0.01814538577294438
355184,0.1966753081865531
355201,0.013793794274416724
355207,0.09026191449021433
355209,0.10001718115357772
355217,0.029588149452547306
355218,0.013371755363092827
355237,0.03317903331603253
355239,0.049031266564161284
355241,0.09074745861566176
355243,0.2712329678527526
355250,0.12007566857463607
355275,0.029058743283230243
355282,0.051769229884792475
355284,0.01837788678146827
355287,0.10744308621976624
355293,0.23034377931839356
355296,0.02600285776256863
355305,0.09840126034524516
355312,0.11732382819137421
355320,0.08115178353367174
355327,0.08304054294142872
355328,0.009491307141184988
355333,0.016505091212880456
355335,0.03637728939062724
355336,0.1173211823523312
355337,0.1260764449106182
355338,0.23520956253657066
355341,0.03084583100139831
355355,0.1807874242916024
355358,0.07062515782382447
355360,0.34222847708621623
355372,0.10228297901594421
355382,0.01166809155813926
355385,0.049429076560576754
355393,0.33120989663947115
355404,0.019385193815797452
355408,0.07712584147770159
355417,0.012870487425193176
355418,0.041271393703470924
355431,0.01128735415050837
355434,0.014927599473857762
355445,0.07965976474591988
355502,0.022794270521849354
355503,0.13124496843403505
355511,0.061308414011455446
355517,0.17199744674866996
355519,0.12629780138773722
355524,0.12934313492281577
355536,0.024184146301823906
355549,0.011621796702826419
355550,0.059255889525906644
355560,0.059788355145242375
355569,0.009055558894031172
355571,0.020910067054943655
355572,0.028887836737037854
355575,0.05606554591305081
355578,0.12575820704801194
355584,0.09114928489148404
355588,0.04200534990158407
355592,0.20729176486430853
355604,0.01585482660049471
355638,0.07897294097953603
355646,0.04854068253415735
355649,0.02429578905169007
355656,0.010645537363448334
355657,0.02105621630812445
355666,0.03304840850270381
355681,0.18176057313445618
355697,0.020132955877893866
355700,0.04788408419892947
355701,0.09007458547397139
355703,0.05459335778748105
355704,0.31866459126870306
355708,0.011950082785329077
355736,0.06151629776088348
355743,0.12651832465627738
355769,0.03368369377833442
355773,0.14953480049934917
355781,0.05840241846818901
355785,0.02273141903078238
355786,0.27652606069842667
355798,0.014600928798290983
355817,0.20742264585344486
355819,0.03240801824836601
355826,0.04132147112192043
355842,0.2025461558414144
355846,0.11359981896616844
355855,0.028975353892948818
355870,0.03909925001407313
355873,0.01563800692717466
355874,0.411291851711891
355876,0.12557926356641463
355877,0.01678241256340738
355880,0.012080497344748139
355920,0.07445258808705785
355922,0.013010601152540342
355930,0.06273678035271833
355935,0.012880040125672376
355942,0.08813173450945501
355963,0.034911168462852374
355971,0.04039907891735819
355973,0.015293332234878724
355980,0.027892638773030796
355981,0.017365774392493816
355984,0.04673060688566007
355987,0.1399943273990501
355996,0.12356071283900157
355997,0.008882247144193715
356013,0.024865986252390358
356016,0.04644105274678265
356025,0.08582701086957187
356027,0.010356762882203345
356035,0.0177584184392165
356036,0.13986526995182127
356038,0.07411785408028544
356041,0.01972266105224759
356057,0.04469520104982439
356063,0.04008586017054856
356077,0.016715673967414735
356080,0.09515085005403297
356086,0.012922619252226226
356102,0.047604852559216294
356106,0.05884562961795255
356118,0.05366799127691372
356140,0.012381182122113733
356150,0.312807723420741
356153,0.037865974019026055
356159,0.0342173010462276
356163,0.14502668458638268
356164,0.016382118297188067
356168,0.27320539316654063
356169,0.04210138387494178
356170,0.042288443212253404
356199,0.041795297666982166
356211,0.01125544354085803
356220,0.020946379420916587
356246,0.02516152861299354
356249,0.03105381167363247
356255,0.11633176001677337
356258,0.07934318904382684
356262,0.1797457888224357
356273,0.011081448145468391
356279,0.19852415785235128
356281,0.030843509192938566
356308,0.13004559234210897
356324,0.12947260361489227
356327,0.02553793454638521
356328,0.011354299714993936
356331,0.04589666012056667
356336,0.08487457132285572
356345,0.023065278208366465
356382,0.030870365530080213
356395,0.11657728947192643
356399,0.0683423716422294
356400,0.016188211301399663
356413,0.03810557188623369
356414,0.1064622583972131
356418,0.04144181411938718
356427,0.026559356681978934
356433,0.009483775489209197
356439,0.011865629267880446
356444,0.040990618684340896
356475,0.04394191144714007
356480,0.11783017924349488
356482,0.20061626580423875
356497,0.00899671800403247
356512,0.04084381473046017
356517,0.283258051671771
356536,0.02959497518052917
356539,0.046911205031368634
356551,0.028461750383558842
356556,0.1901336639850129
356558,0.252582949124991
356559,0.01500469253051434
356563,0.022998361699504206
356578,0.0770658498320895
356583,0.1643426675910091
356584,0.2087150772717173
356592,0.05798394092447395
356594,0.01804635944361454
356596,0.03778250458753854
356597,0.009145948881610244
356598,0.07579875552848396
356602,0.02701587920339482
356609,0.10238446530458556
356624,0.11938915894253173
356626,0.08351041413414959
356627,0.017095615034807714
356641,0.05784077620144622
356648,0.04682397469495244
356649,0.11264349682036272
356650,0.01471733318709716
356651,0.014886815910754064
356659,0.01976161943967935
356676,0.13576060583646993
356687,0.17533480934921103
356689,0.049127174461110076
356698,0.022094521711663533
356726,0.014361890681211475
356732,0.030486644781743226
356741,0.22791253309078865
356742,0.01198230893630561
356746,0.03436733435514992
356750,0.09390209840821599
356754,0.0760767985209964
356760,0.041264661304197967
356762,0.014515159967273188
356763,0.09853433144687707
356777,0.0820693443710229
356784,0.13588267257563982
356795,0.19321151640444117
356801,0.016765038403274528
356802,0.022025800378220932
356808,0.023426722983347515
356813,0.07295127941255572
356816,0.05720010943405555
356818,0.2126892064965391
356825,0.12334571833188399
356828,0.056446209785378954
356836,0.08021605934806023
356854,0.07712584147770159
356857,0.042735061764556055
356865,0.05709800977805111
356873,0.03003131300470755
356879,0.017770548630821746
356880,0.033072132295603796
356885,0.13638143485205248
356889,0.024210892928915546
356903,0.01747130309900984
356905,0.014324749548248802
356913,0.053306979800725
356916,0.016582918956873863
356939,0.04765271321958686
356944,0.12050588194664405
356952,0.2561408379358763
356958,0.0354913191532369
356963,0.016736011240059467
356967,0.009399321971760567
356970,0.03344908028278756
356977,0.01950740287911575
356980,0.055701253066527234
356981,0.03719533360897725
356983,0.08006158058986129
356998,0.3995593138865653
357005,0.02376122335750938
357022,0.026146355021770585
357032,0.0856587059146503
357033,0.10368521400942296
357035,0.022687707989033426
357047,0.12564010617420346
357054,0.018364335813622956
357057,0.13498704315715362
357069,0.1097753269459139
357096,0.1328979392315223
357102,0.328263905108509
357118,0.07409038822658881
357124,0.03341889131764171
357137,0.04718835528728549
357138,0.09925415071365515
357149,0.043991651574226756
357151,0.029673746949934705
357157,0.04392257477812655
357158,0.2442885895719539
357162,0.010776544726775007
357163,0.05132022697151043
357171,0.010791589553230514
357175,0.016493136641256758
357192,0.012438706143498054
357200,0.06771156241387617
357204,0.030560820502359438
357206,0.06421426205218998
357215,0.10142518460436897
357221,0.0173593483476625
357228,0.011073732237999057
357247,0.03712058061150508
357249,0.0827933179606671
357268,0.018189928969385045
357270,0.02717658108861564
357279,0.08875616912450725
357287,0.04860202260739386
357293,0.01160741609928369
357306,0.019277133206386514
357308,0.1286525665075955
357321,0.08406200299709851
357326,0.19068215150253826
357340,0.009170029753869926
357342,0.08224369809387773
357352,0.02887477359481464
357361,0.041915076484886446
357368,0.03914871843543545
357370,0.033554500673048285
357377,0.04333856475619152
357382,0.009578370748270965
357383,0.012179421111025771
357384,0.037129353360538006
357398,0.03664130387531698
357415,0.01984652182423571
357420,0.1571409601264248
357439,0.021470947672165966
357440,0.010837877725587074
357458,0.009170029753869926
357464,0.15304747949814462
357467,0.025240974761878206
357469,0.22889118683348403
357472,0.06859428972391182
357489,0.10213943058608746
357504,0.19404687592301934
357522,0.05045003909113094
357527,0.032784208162068465
357547,0.07878924417668143
357550,0.06962893016333686
357558,0.038691946526302354
357559,0.1324221303838375
357562,0.02646036542054487
357572,0.04181533755920097
357583,0.2242260147913966
357585,0.147937674025497
357598,0.02061823584072346
357607,0.033434746685229264
357613,0.018501205976058907
357627,0.025473701589141064
357630,0.035399763953634526
357631,0.3618489127065208
357680,0.009574839082506972
357694,0.032497573107989876
357698,0.17381197012284935
357699,0.031036190450304917
357707,0.019421406813230072
357732,0.011272019226872461
357748,0.29474999793175877
357755,0.3142662084413362
357767,0.06843165911463252
357786,0.02426575346003261
357791,0.061610786705551104
357799,0.010705309364775328
357824,0.016356939413574426
357830,0.009052825685630383
357832,0.044640415843569335
357840,0.08048236247975567
357863,0.0729856572054629
357865,0.0131550058666501
357868,0.19442422656917135
357869,0.014590010955704946
357878,0.07137315719069218
357886,0.19706614835497238
357891,0.022076792525941986
357897,0.014961833946573003
357915,0.2998576152034776
357927,0.02768301696171833
357947,0.013575414720961163
357958,0.027044548567401478
357959,0.02933624740405851
357976,0.031211723158825345
357992,0.19963625078861574
357995,0.014190877238400307
357996,0.026638591257155193
358020,0.06489821026520207
358022,0.13741610223380157
358023,0.029045717451597942
358029,0.016408074633376398
358040,0.058147695110857746
358059,0.016498248174454482
358071,0.028980265424587915
358076,0.030587956757014555
358095,0.012008424773233646
358096,0.04464303511271561
358104,0.03340963226277238
358110,0.030212299233144734
358122,0.13454060435351978
358137,0.011005048256851748
358147,0.07415308321932523
358149,0.06508989823488949
358155,0.09200442833884317
358161,0.11645601349261472
358163,0.08430654541158288
358172,0.0975573423095435
358178,0.05107973624513804
358183,0.12206190691765122
358186,0.010583500875203423
358189,0.015063728431975332
358198,0.06536353473903414
358211,0.10694084999730835
358219,0.02879884957956384
358220,0.11542409102185025
358225,0.2036612271049687
358231,0.011005048256851748
358233,0.016937954626635478
358247,0.17710085257070038
358258,0.13867073404333147
358264,0.09931933459658691
358271,0.3575746129586546
358273,0.051753274246441015
358275,0.07137722197809972
358278,0.04286387496283996
358287,0.12068652119138015
358309,0.02922819252718973
358327,0.042652498767763836
358342,0.037232885333933104
358348,0.07924020113458843
358352,0.013919390198577056
358373,0.15269455507488355
358384,0.029628970973724827
358394,0.015436353981686472
358405,0.29688821248261826
358409,0.009680057111928157
358412,0.24689912222555913
358424,0.053689765836079505
358427,0.010805651574610537
358434,0.14153768693808275
358444,0.059163702321460385
358448,0.013745512313879249
358449,0.10503968559602365
358458,0.010881762756196194
358472,0.06478114864549432
358483,0.06274601498886878
358490,0.03161828734648523
358503,0.014298940165722477
358504,0.024341353613968202
358505,0.015638583205972507
358512,0.16647883873910452
358513,0.037537125352886905
358528,0.05817939208891683
358532,0.015359110829189398
358536,0.04269016755666007
358538,0.043698899425030156
358559,0.07506330501613648
358590,0.2009597172155797
358601,0.20559290152895984
358627,0.02196683437891367
358631,0.11597041236367953
358632,0.02960419291226827
358640,0.19083018936360746
358649,0.11557251284574277
358650,0.009924688262979977
358653,0.011119443417755863
358676,0.01233205686575225
358679,0.02619517331881179
358695,0.09644923279578618
358703,0.08397516601081387
358705,0.01073338866819749
358710,0.016669818057887913
358730,0.02642530950162152
358731,0.1370556140417391
358735,0.2112068799651051
358744,0.051534130825407996
358748,0.05413277003609388
358750,0.01076589582004191
358752,0.009158043715051568
358764,0.2250175213660414
358777,0.02292682065339236
358786,0.20843524463920488
358789,0.06779484066926231
358805,0.11137799864365658
358809,0.02021629126989218
358810,0.011575770675642569
358824,0.05842339862729905
358829,0.08660503344400997
358838,0.1146630026001754
358840,0.049981756762603205
358841,0.07158467751911983
358854,0.04218212094000136
358873,0.422290247877427
358879,0.0629612961127325
358884,0.1265807991566118
358885,0.01188355770834552
358886,0.01534915884258257
358892,0.055759793366132404
358895,0.057065533251589896
358906,0.011794908352713478
358910,0.01950740287911575
358911,0.010178034901661632
358924,0.11779498663086305
358929,0.05126540879322257
358937,0.1884327301600209
358949,0.2217579288688611
358955,0.05929538110834535
358956,0.21866687554905254
358959,0.028273990098548203
358960,0.04186088540466129
358969,0.020468761098070394
358983,0.009490385565058341
358990,0.1301528650078005
358992,0.01161540118282748
358994,0.03583733534308135
359004,0.03380215398974744
359015,0.04315346811152938
359023,0.09353099802527345
359030,0.009872143915075208
359032,0.018057362429530058
359038,0.08183979503177553
359044,0.08504711179553147
359049,0.10868707431665851
359050,0.04424930977646297
359064,0.041145230695627075
359095,0.03733340353165226
359100,0.1741952363926695
359105,0.011560725849187062
359116,0.07755558384854525
359134,0.06192208080681742
359136,0.13150268844342625
359143,0.03821025019963538
359147,0.02337723686744525
359175,0.02656737955259541
359182,0.04302694610766478
359188,0.02080479925365141
359196,0.037577130246875985
359198,0.0377826488252077
359202,0.03881912925259624
359212,0.038323979695569374
359229,0.03692036993395801
359232,0.13529445272938004
359247,0.01658424930676891
359258,0.1904252990050593
359260,0.19456713226600242
359261,0.12360000536398504
359262,0.24054157306325466
359268,0.041795297666982166
359285,0.014998130298292408
359293,0.051966081976432967
359294,0.013259844361335186
359297,0.06749833846464173
359299,0.030655555334066283
359311,0.011028068059560704
359319,0.056549651633918674
359320,0.03279642687811324
359322,0.12319353924004517
359353,0.042236832183436775
359355,0.07053177450159932
359360,0.24807500340258434
359367,0.023782031199600883
359369,0.010532276963634641
359372,0.011712211237530159
359377,0.04876782024519225
359381,0.015525072990284144
359382,0.03627726193884315
359387,0.07536833835565668
359389,0.015769818224318704
359392,0.08079166372423381
359437,0.18053925939790463
359438,0.01089010509205917
359440,0.08088131976756242
359442,0.012696564193954638
359455,0.04335392695362509
359474,0.16716327030791672
359475,0.04918836846498155
359480,0.3375238960473205
359485,0.09612368736541466
359493,0.009804177408203666
359497,0.0132457930431618
359505,0.029325037316212173
359506,0.03577249387854945
359516,0.03815893620563861
359518,0.009459342094280522
359523,0.03736321921977334
359547,0.1514218634144875
359548,0.034209413845642606
359556,0.03184758997126953
359577,0.07369088105886576
359580,0.324476727369137
359588,0.028744102885566187
359590,0.01219391811231032
359592,0.03819146438541868
359599,0.0178747191975906
359609,0.13013120128910302
359611,0.04120942900535353
359619,0.0317396507652684
359623,0.16902130171182564
359654,0.03049397816399439
359666,0.028909368673880137
359669,0.045697331369053074
359672,0.01644716409505289
359673,0.4856249493493049
359677,0.01216464531449354
359685,0.04722774012420257
359690,0.04835667918035068
359697,0.044086794481889
359702,0.01198230893630561
359707,0.04490365177531793
359711,0.04674918119017355
359719,0.06324376186584105
359722,0.06133460523245495
359726,0.19137056213144915
359730,0.028582419258087126
359731,0.07930238143688847
359741,0.11480348377026531
359743,0.18477933414867415
359748,0.017999886956518437
359753,0.018347898311575038
359758,0.583200776330696
359773,0.040018789905757864
359780,0.04154813532572379
359785,0.05025270484493207
359800,0.011941220320312956
359806,0.19016809277209767
359809,0.07385048398231972
359822,0.05549144435974555
359828,0.20364954132774393
359847,0.08489960884768127
359855,0.06920988958231096
359858,0.04444087632344061
359864,0.020609586266029364
359884,0.0509248689312244
359886,0.02031257651887871
359898,0.20725388151024055
359908,0.21947506603206843
359921,0.4282648789939481
359945,0.03631892981875802
359958,0.009170029753869926
359964,0.06287452711024522
359980,0.03095144045670572
359992,0.01497936789184696
359994,0.11704839128991203
360001,0.021762227440342084
360004,0.02306670186997201
360009,0.13460132421222598
360020,0.04822129553408261
360049,0.30126803627662446
360058,0.013908018599320771
360063,0.07220291933630571
360064,0.01616349030374261
360074,0.031948733125203035
360095,0.04053907355346868
360098,0.019248256515843852
360099,0.010973700829912487
360100,0.06276602647302407
360103,0.0745088455085867
360106,0.05830558851879852
360107,0.060974828178180465
360124,0.10503152136830034
360126,0.011530586977434684
360138,0.06533979519631054
360140,0.026893193322207874
360141,0.010888070585281455
360149,0.13803862031678765
360152,0.19039870432974576
360165,0.022838978989268992
360171,0.015454642682632936
360176,0.25456683409595426
360183,0.04120942900535353
360186,0.009170029753869926
360189,0.3011565577899315
360191,0.09479546354504283
360199,0.2648436960363132
360204,0.053269493969103895
360205,0.08255968117859795
360217,0.06649496949857533
360225,0.16003857245371508
360231,0.05198898745562606
360238,0.030606342592983293
360248,0.4042921274596883
360249,0.013346555160904902
360254,0.10527758433204368
360256,0.12547861469988847
360257,0.04024244123740331
360258,0.1232414487026808
360277,0.1330002982044352
360279,0.18552502357107378
360280,0.20983938341933653
360281,0.13058400350242247
360283,0.04514208156229178
360290,0.06123797036993299
360312,0.06793117175809416
360316,0.011237618052743233
360320,0.014324802152397184
360324,0.11618203470211126
360333,0.02666577760114498
360339,0.039935472446304826
360347,0.025040525025476
360359,0.14572011371991886
360360,0.17227237974155923
360367,0.11113685228871044
360372,0.01162775772008153
360382,0.08090495223055534
360386,0.0642022338147894
360400,0.013162623742224358
360411,0.05437121603845849
360412,0.04838456638320951
360415,0.03413368639002165
360419,0.07107533090509233
360421,0.021079308842706673
360427,0.013675147283436459
360429,0.10708014807809682
360438,0.046692993749243836
360439,0.025130127848916557
360445,0.19453230618459605
360454,0.15838570677209618
360458,0.07028913957518351
360467,0.011455507819765877
360469,0.029015370198417954
360471,0.02303734239164012
360472,0.025648713933666883
360475,0.11387584076865158
360478,0.12606032593044336
360479,0.02441459836188739
360480,0.06613417395047089
360484,0.15094972823814504
360496,0.018352488413648872
360504,0.06125411358683321
360517,0.03627132255810343
360518,0.21431466666689927
360526,0.013365062390756372
360530,0.08651459163197113
360535,0.12982142004726435
360538,0.09820970457510933
360539,0.07835134026450372
360545,0.013217845222869054
360569,0.03566806568677431
360579,0.10866757656833495
360580,0.04986999617878814
360611,0.011361451635813289
360612,0.03131297025911543
360626,0.010835380209969674
360628,0.01966594443130455
360631,0.06886671136755604
360633,0.022594343932644406
360640,0.015614374967122239
360643,0.248475152244231
360645,0.03809447609895898
360663,0.010521512667889709
360666,0.03689379948751883
360678,0.012949425267016618
360683,0.026391998476441737
360707,0.10486007031031279
360715,0.18321251247231712
360723,0.1384365750529408
360727,0.027531132149076078
360733,0.11459272869790753
360746,0.010491998254014655
360759,0.03981990054891254
360767,0.061351522560378825
360769,0.041763517690235154
360770,0.017217406144386032
360779,0.021458085096233537
360791,0.10336402805735903
360792,0.011049396296300553
360801,0.12005040834632896
360812,0.12231649800740466
360814,0.014639560858479747
360828,0.025282436616768024
360830,0.20131094199293945
360837,0.07782787981988801
360838,0.2062487222144712
360844,0.12989240772484517
360860,0.028816745107892654
360864,0.036582189783494715
360871,0.04442582587915419
360872,0.07838345862092337
360877,0.06332177059204354
360880,0.047343848587933765
360881,0.011430380772633267
360882,0.09820845392148415
360884,0.013063708077943917
360885,0.029127147201864302
360889,0.13623841960285124
360893,0.10627052659168798
360898,0.047934773932574906
360933,0.3125948871137073
360941,0.09492185014340107
360942,0.04754914619637072
360943,0.019080438178697295
360960,0.04318420424565784
360973,0.09355077089435719
360979,0.10504994369390894
360987,0.014392832749792282
360988,0.019453966572638932
360999,0.047981432492830114
361001,0.01803320525609669
361005,0.14371950073250747
361007,0.11074958123998098
361024,0.009549145349318368
361028,0.07302647771625637
361051,0.041159916769539014
361072,0.009275247783291111
361086,0.06400948056983877
361093,0.13636174481241495
361098,0.01396484679458393
361124,0.010088523452567826
361130,0.024029900732390815
361132,0.08364283873060324
361133,0.010653323965033752
361135,0.10218662933494949
361148,0.2922569281120277
361150,0.01099670592098877
361152,0.027985910159141498
361154,0.041480589098305744
361158,0.025578571541370908
361171,0.024342888015261466
361175,0.10984898227721887
361177,0.010676552014567974
361195,0.12090079595427336
361200,0.01015793550867155
361203,0.22241766168018576
361205,0.024320728228260338
361214,0.12159631334604322
361217,0.03604522917030808
361226,0.05408118788911217
361232,0.018113347437396798
361236,0.05959027349599895
361249,0.01109466630091734
361251,0.2138501642859092
361252,0.07919201348798278
361284,0.13458824154909727
361289,0.042541715381754955
361297,0.016202787428926186
361304,0.2085305565170012
361311,0.09619009728435636
361334,0.19769190705940526
361339,0.018765075805022936
361340,0.11218790808945116
361348,0.036308259153715404
361352,0.01664730422040219
361354,0.03708660951384005
361355,0.11083751831536585
361370,0.11802385570479848
361390,0.033702175899530055
361392,0.030761169556329255
361397,0.11673796208783231
361402,0.06796780458392067
361405,0.04423230269450146
361406,0.05185513396420714
361426,0.010615219015755909
361431,0.12117652289083913
361440,0.011459517744415122
361451,0.36415044772958793
361469,0.22817637731359283
361473,0.11946503559680917
361497,0.07462034661025152
361511,0.011390537673151842
361515,0.016013645483807213
361525,0.013252128453865853
361540,0.06435360306988398
361557,0.07150924202584455
361560,0.09547409390215686
361565,0.04186088540466129
361569,0.022398700430114816
361570,0.05739892139251176
361578,0.009145948881610244
361580,0.1240411483366574
361585,0.03853996902749473
361589,0.021934380037883026
361591,0.00899671800403247
361599,0.03257688955584
361603,0.04150615986581358
361605,0.02895100417611777
361606,0.22118677333133413
361615,0.151189123386782
361622,0.04500946593521947
361627,0.013527927386605767
361632,0.13460165667395296
361636,0.012912114519348627
361637,0.0747153895208205
361638,0.052678985249436164
361639,0.014455434733075808
361651,0.020073949099772788
361662,0.13009046501550553
361684,0.054071598623929226
361693,0.10536637340951105
361697,0.11417390457090637
361710,0.011108231779495218
361713,0.12475781919999877
361729,0.08978208495682712
361785,0.011187153180190658
361796,0.04696128156986322
361805,0.12984303816491125
361811,0.06291134762883904
361812,0.07406753894605171
361819,0.17278127544093977
361828,0.019785389768440693
361833,0.014963927306560426
361836,0.0654966164253286
361839,0.019679915053406993
361855,0.011950082785329077
361866,0.05509100567350119
361870,0.021845024198188918
361873,0.04901127777848
361885,0.0978744223081862
361896,0.06374362031864271
361913,0.030008061065282053
361919,0.02805840570126402
361932,0.12288669743178209
361933,0.06329705207091935
361935,0.142797512975338
361939,0.02796402818418426
361946,0.01758843380105609
361947,0.03705248769276291
361949,0.05073019760981166
361951,0.10025349486826356
361962,0.1515036491396026
361972,0.016816407874992754
361975,0.04731984088015097
361989,0.020349315760934246
362004,0.07052183413445333
362012,0.010431339464924031
362014,0.088511827160042
362016,0.013927282320884244
362028,0.043783586549301846
362033,0.013698632950106315
362034,0.1338078227795421
362038,0.020860372060411272
362052,0.12269325910916358
362061,0.011017957608151637
362063,0.0455664278927718
362070,0.06341152615468025
362072,0.009732423633444108
362075,0.03612829777208781
362079,0.05845355532591997
362086,0.010615219015755909
362091,0.09398539069431398
362094,0.08245625703480595
362101,0.010576451771463284
362112,0.013668385067172545
362115,0.21845554412479506
362117,0.03661204054260053
362121,0.28631804519551596
362128,0.05986526820228163
362130,0.022912945640240035
362135,0.11056418228981982
362142,0.02680133704099404
362146,0.04402540291358541
362149,0.04403883112420853
362157,0.06319847680491258
362165,0.01125544354085803
362166,0.036528057919343306
362167,0.021361658447759984
362173,0.02128585829324912
362187,0.04781687680149193
362197,0.10356790562601759
362206,0.04143359183883026
362207,0.02541182196457307
362210,0.016373834363647942
362216,0.02393801902943507
362219,0.13399733179196233
362221,0.10553904590932547
362224,0.028630579815845252
362228,0.03448672728639348
362236,0.03583935562416658
362242,0.09655238730033316
362251,0.056431364967830355
362252,0.04929930581808424
362257,0.030849403660693366
362284,0.03741717981625802
362286,0.03547409733343849
362298,0.07461722548066504
362300,0.08072897955792417
362306,0.027926961234959302
362308,0.266651497888175
362315,0.02032361975763248
362318,0.06082719724969247
362322,0.017969917575772536
362332,0.05629012124228573
362338,0.05677810344296867
362341,0.23394867178861517
362347,0.20780396637190535
362348,0.166502737048918
362361,0.3150357202754951
362365,0.038987449469027366
362369,0.12452521152579954
362373,0.02584240914589042
362376,0.11591884580371752
362384,0.020574309888584847
362386,0.0412175598028986
362387,0.02262613751199345
362389,0.042421799443371384
362393,0.029795310312904007
362412,0.013861916702685422
362420,0.07935713583409876
362426,0.06624605966655754
362432,0.08137478274820036
362445,0.18873235617587827
362450,0.021715739486841183
362452,0.11475853129903506
362465,0.03500376285490262
362468,0.11325657014997133
362474,0.0763763177849558
362484,0.02297591030949812
362487,0.12865049506023313
362512,0.02943094988663638
362530,0.010997332349382414
362531,0.09740040302450523
362552,0.027196347360394522
362555,0.05692104282172691
362556,0.07151166474645806
362563,0.15400647565975087
362572,0.01269878478989723
362579,0.01991590439058945
362580,0.13008335233662724
362597,0.0826333665544919
362635,0.022081359872360172
362637,0.06070575996557291
362641,0.05056043073392793
362652,0.04963602086400966
362657,0.017693943017558587
362660,0.021958339235830383
362661,0.03542656354977631
362671,0.010973700829912487
362675,0.06379480290357399
362680,0.04486755214751719
362682,0.024828915909595815
362685,0.04433959151446944
362697,0.015474278220915585
362700,0.19093491027863893
362702,0.022025800378220932
362705,0.13064198037339153
362707,0.05332482635679812
362710,0.056215021140602485
362711,0.13548994790409505
362718,0.17082701760542732
362723,0.022308967113793748
362730,0.02503064053885521
362742,0.22997694020437645
362781,0.06690991985121664
362789,0.1328998888261135
362790,0.03688279344002196
362795,0.025672753733377417
362799,0.04106722983964255
362800,0.04174388783483497
362803,0.04568157574958255
362808,0.07292432945394353
362814,0.03065536587750024
362820,0.011479489768791417
362826,0.031552652311683374
362831,0.061017992621758485
362833,0.05596094193164312
362839,0.23174948395718725
362852,0.04674029755357795
362872,0.04414354069349588
362882,0.060302174441664316
362885,0.2222965896644212
362889,0.049694088965319114
362890,0.026315994313460538
362891,0.19491295820078539
362900,0.11608590117234216
362907,0.025774042513381307
362908,0.022545639040636112
362953,0.022988680619781137
362967,0.08352975541588997
362982,0.010806138579911619
363015,0.012992619521752315
363027,0.04603900986048965
363035,0.037573291529002704
363039,0.11805809731974251
363045,0.048761609322633216
363048,0.30014753665486565
363057,0.2946132861107881
363059,0.23189189755754286
363063,0.053737718965713534
363080,0.04131742371868441
363082,0.1918238575079654
363090,0.15731125799109064
363094,0.05845620954237625
363106,0.010416294638468524
363114,0.30119528152953307
363118,0.299429975924627
363121,0.06082651643751898
363128,0.05250214718840331
363136,0.030706815387182486
363141,0.018261253266104005
363142,0.022211325657629417
363147,0.012684505944210537
363151,0.017691665344159085
363153,0.058199702799523835
363158,0.009359701300739742
363171,0.025097297670050922
363174,0.039646708784946486
363180,0.02081259756775088
363187,0.019332895401960697
363191,0.04408401453210756
363192,0.020534986386763703
363196,0.01497936789184696
363199,0.020799521024321692
363209,0.029285169602184115
363210,0.09282818585098732
363212,0.04732994321841398
363227,0.0842493946766141
363231,0.07996755443373824
363232,0.02063333910904604
363243,0.02750372564517258
363253,0.04892688338425706
363285,0.03272311086861916
363299,0.03219962521574008
363310,0.024023977944100373
363311,0.019410235497143852
363316,0.123075434306298
363322,0.483848763479079
363329,0.014106353832727786
363331,0.08967563658328341
363334,0.044772379827076686
363339,0.009680057111928157
363340,0.20943769659941375
363341,0.011049396296300553
363343,0.3455562923951945
363347,0.02285131803415206
363350,0.04037169794292909
363377,0.1031875940160534
363379,0.09789721155406264
363382,0.062491532731119494
363386,0.07644918512441179
363387,0.018653288905402236
363388,0.017881621970337068
363391,0.011049396296300553
363394,0.11006116235770666
363397,0.03233475230105237
363405,0.08346716587928166
363422,0.01166836875078741
363427,0.07983864293801929
363455,0.04551957702792154
363467,0.049479494499586614
363493,0.08698037208959497
363508,0.03981996054675837
363514,0.32662610200289177
363525,0.07801943620696254
363530,0.11766915292582111
363531,0.016165864725946465
363538,0.027992370265376175
363539,0.009412492622050527
363542,0.04251389953209146
363543,0.0739383272097283
363551,0.3229760488741605
363568,0.02600237748383093
363576,0.058852585244267154
363580,0.16472818623639804
363582,0.01688579092171068
363598,0.040874420062809155
363601,0.022635635021172513
363611,0.08751107093928367
363612,0.015159668971976964
363618,0.021438896415397556
363623,0.08031987667300439
363624,0.14282521067689607
363642,0.07005813312986918
363645,0.20732161613061956
363651,0.3823300524641926
363657,0.026532732956623513
363663,0.1026951073655332
363667,0.017371918323095252
363687,0.06746821466492232
363704,0.02226664429334276
363705,0.051482969117956065
363717,0.02410170426953514
363725,0.038858099346464045
363728,0.008975953492059914
363733,0.0459878153260931
363744,0.06952990824737308
363745,0.036737849740572974
363756,0.08625439403532811
363759,0.12906035849048209
363760,0.0962199542920391
363762,0.014732927467365162
363768,0.02453899981074976
363777,0.09323766319166817
363782,0.009837641662865292
363785,0.027733470611372397
363797,0.03824212303344113
363815,0.01310227478091527
363822,0.038903610952476984
363834,0.07773521207919831
363842,0.04605072611195969
363845,0.4824525515485013
363846,0.024796766989148705
363849,0.03996013425602732
363850,0.023805144661166667
363853,0.013774179561822966
363859,0.020009398055018977
363860,0.03488608571309827
363877,0.021598939229286275
363881,0.035358536322078624
363893,0.00929904251164912
363902,0.18403185173514935
363903,0.10836192592378194
363916,0.06377893724563474
363924,0.13831574213071524
363940,0.09324544266350071
363944,0.026820693644430023
363955,0.12638679589562624
363960,0.018570558532179864
363984,0.017748060394874494
363990,0.04004558450907252
364009,0.09581116814042316
364014,0.12648348620901645
364035,0.03431928443241451
364043,0.01837222508131766
364065,0.014492024058483405
364067,0.010776544726775007
364068,0.15586603750285768
364072,0.21190370797137015
364079,0.08555983459017288
364094,0.10358607869618526
364096,0.04073518734651376
364105,0.11768021753648802
364109,0.026564482457625622
364122,0.18061234601114748
364141,0.043844123107222216
364146,0.17935495878767665
364147,0.0368866204235148
364151,0.07722332486871424
364152,0.010475555464636174
364156,0.033721857692898774
364160,0.047321952233349965
364171,0.012910016555518222
364183,0.014964946769411559
364199,0.034957190809152
364206,0.03458257247084069
364220,0.07469572504772301
364222,0.01939162604762813
364224,0.15636648947988152
364232,0.03131339657161991
364248,0.02713589974339875
364251,0.022535307235294084
364274,0.06913918907954612
364286,0.043811879307028276
364289,0.008975953492059914
364290,0.021458085096233537
364291,0.03147235623756634
364292,0.0113162887191447
364308,0.028831951079981034
364310,0.13342558796751477
364311,0.11564698382317973
364312,0.3039260836573433
364314,0.14393034961941278
364337,0.04056160241219116
364339,0.10191916004762931
364357,0.44191453152488647
364359,0.0626084270112627
364371,0.05796157532417491
364374,0.20066849247760632
364378,0.11825431031854101
364382,0.10986048628814964
364397,0.052944762285464034
364401,0.053640488298314616
364403,0.011301609339682155
364411,0.11266071333099012
364413,0.08245697005729018
364414,0.018611530862910015
364415,0.034059416042769367
364418,0.021762227440342084
364428,0.021749951582924892
364430,0.010797309238747561
364436,0.21357444445181661
364451,0.02229173673598092
364457,0.02327057355259412
364461,0.049127174461110076
364471,0.07999683477111194
364472,0.07709943627445962
364481,0.31607913655131165
364482,0.023781390245356242
364484,0.320376980982921
364492,0.048688568730547256
364494,0.06353106972998471
364507,0.032717087692770784
364508,0.1805424227970428
364537,0.09669467204488431
364538,0.04744118466985357
364539,0.2976261192318825
364547,0.2830391442994794
364561,0.15702792346699
364586,0.14944205069977484
364603,0.024353726267110375
364622,0.016240965531737254
364660,0.013948140466315252
364662,0.021958339235830383
364669,0.2522839280510078
364698,0.040836978627426454
364699,0.021094695218271335
364700,0.029371709566373933
364702,0.06578366406080124
364710,0.19737965301122187
364714,0.03064590457934535
364731,0.05737872835504837
364738,0.013679026733788133
364739,0.04650319795847847
364743,0.022182932092367037
364762,0.0865096181235219
364767,0.05554113427231015
364775,0.01076589582004191
364781,0.09071310346325309
364783,0.01938054769329168
364796,0.01403250035030543
364810,0.022379043887855332
364815,0.17150198193025337
364823,0.021318850959383035
364826,0.06276177899817922
364837,0.024101898809307236
364839,0.20685467908821878
364844,0.0309174589252748
364851,0.062427224730229255
364853,0.12203615080911485
364854,0.04829090370878342
364858,0.038192974101039445
364872,0.06662847610681974
364875,0.05321670371784025
364877,0.09346581204906618
364878,0.018776958494399858
364884,0.012219122928861733
364907,0.10084393047370248
364911,0.11175682446905806
364916,0.15107824379947526
364920,0.022348320079731844
364927,0.04609370660728571
364944,0.23316942396871454
364948,0.19897874242359612
364950,0.07600613966681584
364953,0.01694681669086785
364955,0.04388608766483187
364959,0.025622264950099765
364966,0.05742053242163623
364971,0.048813165320706856
364979,0.12451967591944817
364980,0.017970994006662355
364982,0.17710730252327245
364984,0.03946963531741623
364993,0.017126075769504624
365001,0.022960471633506487
365030,0.07402287198961278
365035,0.04651650385367798
365044,0.04120942900535353
365046,0.024814473573182422
365050,0.024978547089883025
365051,0.10583299878300631
365054,0.08571765401655328
365055,0.025496429989829567
365064,0.09706007295098165
365069,0.23178663465693053
365092,0.01728786206459371
365102,0.07710511806867798
365109,0.012204862687788618
365110,0.10953813586404244
365117,0.021232487277559664
365120,0.10317740002048828
365128,0.13128482194928467
365131,0.21217070553510303
365136,0.03898364381565206
365151,0.04926972599554344
365153,0.10174161540829811
365154,0.044202916919839415
365160,0.02284450654331417
365166,0.027459952019106483
365171,0.047517063629914154
365181,0.060082161690960104
365194,0.05497290315065151
365210,0.04427446540094596
365221,0.045515138823548115
365234,0.03802366860944293
365252,0.09823943459478866
365254,0.2597350446692832
365264,0.0251011043888408
365276,0.008975953492059914
365282,0.01167010078604132
365284,0.07630870615033095
365290,0.010216201683156801
365317,0.043547219804351577
365329,0.22220504432371674
365353,0.040034223369549524
365356,0.1318851859283829
365358,0.07114143189567265
365374,0.09623542787948072
365392,0.04050763542951005
365396,0.018175817355715055
365408,0.11941232693469479
365412,0.01631827412160877
365429,0.023118394507080486
365431,0.11257252087825657
365435,0.11369407613446954
365439,0.03102620780388065
365473,0.0902140262952548
365476,0.04329553672511409
365486,0.07089625474752066
365497,0.026820693644430023
365518,0.09520399874700308
365519,0.04291300255640255
365520,0.2859323997604334
365523,0.02379356751687071
365531,0.07739553582161894
365532,0.028900401937750127
365534,0.024374654936272583
365544,0.09196872234959927
365552,0.05939837001512406
365564,0.03021183162583742
365569,0.038584200591557344
365570,0.06848131712654071
365575,0.46307051717105824
365576,0.0554851141872729
365585,0.10314797765875887
365595,0.03663837811470115
365612,0.0271332166801455
365613,0.15878341137946445
365624,0.023787875373633798
365631,0.04482859753976172
365634,0.013990450624931533
365643,0.04427912941188794
365644,0.20655338033483744
365663,0.06986728917951265
365666,0.0869524851623816
365672,0.07232263522224038
365676,0.164696258016867
365680,0.014531285440693589
365696,0.09193567469078925
365699,0.12509330103931943
365706,0.01699748303446663
365707,0.026510642796020827
365711,0.029555861886100245
365716,0.016026627475648918
365717,0.02182956066329068
365718,0.008891499974611285
365757,0.060538676520894175
365770,0.11411069729911372
365776,0.06340680977208382
365781,0.17029947030173367
365784,0.012717700499065218
365787,0.028189598667196187
365805,0.07920262607394042
365820,0.010838606697618674
365831,0.05147779238794818
365836,0.0632334528319108
365837,0.12103812651076491
365859,0.586950811754038
365861,0.012422429584026009
365863,0.054750906310099975
365872,0.043733335419623105
365877,0.03709132207641565
365882,0.0899270887327133
365893,0.09489968846232419
365894,0.07031997023396637
365900,0.0417787080250899
365910,0.03089179766113955
365913,0.0311039778190838
365916,0.02850683640087846
365923,0.1210028140778158
365946,0.3553481809953875
365948,0.10723756096634122
365951,0.045040400755380725
365965,0.13033788840118568
365966,0.06052410238502047
365975,0.07183331124968126
365979,0.4020037245254204
365989,0.062162830496407064
365991,0.20969556063363318
365992,0.04589095784337272
366001,0.15594001717423894
366010,0.23190518612205163
366013,0.215282229387123
366028,0.040089914650264846
366036,0.02653582107958778
366038,0.023441488935478753
366044,0.011950082785329077
366048,0.13340961051141234
366060,0.01182244953617333
366067,0.1845507008892883
366071,0.1419462917660217
366078,0.05629282698542949
366081,0.025531982901852084
366082,0.042961047951282506
366093,0.11705085379757744
366099,0.018254468184271573
366103,0.0136454203514769
366105,0.042333011984308305
366111,0.05925394702430116
366112,0.05325165807641326
366125,0.03305334132202965
366144,0.10154225190072845
366147,0.05266744993557186
366149,0.2731719035123663
366166,0.01831311865846588
366168,0.3095509840123452
366173,0.07101535314807489
366178,0.02030731084404543
366180,0.1965149281929143
366209,0.009694133925822487
366213,0.10418115973339033
366214,0.12504075000807338
366215,0.03603979800680858
366220,0.04159762090162607
366226,0.026350308585420968
366230,0.21407439410944415
366236,0.2043976322921765
366245,0.024407657791913128
366282,0.18899378191476712
366286,0.09598816781418643
366295,0.04492243663105736
366296,0.021958339235830383
366297,0.23751649134004554
366300,0.033759284594451905
366303,0.017956433155491437
366307,0.14655096656615824
366314,0.10066531119391184
366320,0.03333205087550235
366321,0.022349852653928665
366327,0.015582963954989548
366330,0.04120942900535353
366332,0.23100827745128644
366334,0.01848184603264151
366341,0.04626259945224841
366363,0.018948214321180296
366367,0.09325086865494421
366369,0.1182615017590827
366382,0.022635635021172513
366394,0.19236339589663293
366396,0.011836522420044916
366398,0.1153842892053615
366406,0.09716470356576401
366414,0.012323664425362
366417,0.03942668202190459
366419,0.046458474405251464
366422,0.047873394163771864
366436,0.012612110676506008
366442,0.2969845224958945
366451,0.1096742139281216
366455,0.05860158370175613
366458,0.06742505576208967
366460,0.0354568380886862
366466,0.0792132520628503
366473,0.07990341810288476
366502,0.022820870281635913
366505,0.36495059144833325
366526,0.20848335791214115
366530,0.2114259268820729
366532,0.014954549885592522
366539,0.01794043950092624
366541,0.057093588009561394
366542,0.038000070822718404
366553,0.009804177408203666
366571,0.023039738767763614
366582,0.010791589553230514
366583,0.13282510151146817
366589,0.21061355405589902
366595,0.17941116210941108
366606,0.032559312809155805
366611,0.09417916723369874
366613,0.23610219794511295
366615,0.08761649582577723
366616,0.2210793952825471
366624,0.07504038001769152
366632,0.01497936789184696
366649,0.011332287058024621
366650,0.08854728420941423
366657,0.019416209685608296
366664,0.04579346629108793
366666,0.032064752974064394
366674,0.17934055005367047
366676,0.04989971501673492
366677,0.0169555536178462
366688,0.025396073274085572
366689,0.08686968360346745
366693,0.04316979140549064
366696,0.049654295480065724
366698,0.10392305429547137
366700,0.012601004198144316
366703,0.13707739330968047
366709,0.10244669011599628
366711,0.013042726943635766
366725,0.029828398219812848
366741,0.025909870288280974
366742,0.01073338866819749
366747,0.02060343987943241
366750,0.03298796165930467
366754,0.0425358518753344
366762,0.02092363962514742
366774,0.07965686117988464
366781,0.014317071103515109
366784,0.020969406505613887
366789,0.026831820980383864
366790,0.07244306378974408
366797,0.01837237380098037
366806,0.009961761959140801
366820,0.01090080349351778
366845,0.24443237452288388
366858,0.11448702924015779
366860,0.02815381857537107
366874,0.021762227440342084
366876,0.1105242842011589
366879,0.011420409516621198
366884,0.0493560997859442
366886,0.06917619816060908
366905,0.1985808813216034
366908,0.07442212182246004
366909,0.18523839922321522
366917,0.06031191584191738
366921,0.08095332614610588
366927,0.019775318217697298
366936,0.017640207287682792
366952,0.0773346801080616
366962,0.2045916211389712
366964,0.148402394249132
366965,0.029282268675840883
366981,0.027811513922777302
366988,0.024355369812238147
366992,0.04748901513616507
366998,0.13507828841585642
366999,0.02842800837485678
367017,0.016295974844466158
367023,0.04350784161332026
367024,0.03101947673181568
367025,0.09681375245549571
367037,0.03200633302929285
367040,0.12404442043802
367043,0.050648853625195965
367052,0.014699642385270726
367056,0.023120450312508752
367064,0.06751426609437758
367075,0.0716388576599141
367089,0.11193812389375568
367098,0.03139232546361126
367119,0.04086228128000312
367124,0.06240513540160415
367134,0.12434267760309067
367136,0.03350251640337509
367138,0.0204084585534218
367153,0.06723718142447198
367158,0.04630669566700255
367169,0.04682397469495244
367179,0.07943752490503406
367180,0.06617243273844878
367212,0.03738677706173502
367216,0.3136373904621929
367217,0.010933806552794419
367220,0.010576451771463284
367224,0.021456106399565494
367241,0.025764854629699314
367245,0.06774880508575373
367256,0.10666710061555051
367266,0.01497936789184696
367283,0.02027277026842919
367290,0.17400003547326323
367295,0.03768907759678257
367310,0.024053169178027044
367315,0.19352518904895222
367322,0.07377785951741747
367332,0.009700580745115605
367338,0.21749554711288582
367347,0.11073381595713275
367381,0.1397312911122482
367383,0.06418994520517016
367386,0.042330486980155416
367392,0.009804177408203666
367399,0.2971590720146941
367411,0.014600928798290983
367414,0.010632559453061198
367436,0.04943990581364014
367439,0.03617680878135284
367440,0.1334169797581392
367465,0.19922568822886796
367466,0.13327361194057868
367478,0.22734135132421635
367479,0.18561407867075366
367481,0.020468761098070394
367505,0.0991358833631273
367515,0.019019556892034058
367516,0.0563719021414895
367526,0.13557433032538588
367527,0.06879252541045339
367533,0.13202111687624213
367535,0.18343952303481606
367545,0.16245435524801335
367546,0.02280910467757073
367547,0.10320166995861305
367555,0.034121526364600634
367557,0.04669993713455827
367558,0.07933655955855569
367573,0.026368303560784144
367580,0.2925980826180491
367581,0.0144957107688698
367582,0.12503011812867057
367588,0.038746561828362815
367601,0.06216328347849822
367617,0.02914370909550304
367624,0.050497928778608
367626,0.043686423328494726
367632,0.12576095870534335
367651,0.013424911386639843
367663,0.010720437045177096
367674,0.013197983176628056
367677,0.27639810272263166
367678,0.0444865167058856
367691,0.03216576127727012
367698,0.021762227440342084
367710,0.044477172351720065
367712,0.11007649992158212
367727,0.09753338570481745
367739,0.061676433108171246
367740,0.048175717562302205
367746,0.027232581158654602
367759,0.018776958494399858
367770,0.188325398074995
367780,0.039622615740443366
367783,0.17057076770688034
367787,0.03639981946641348
367791,0.23162206420336956
367797,0.03110763756941075
367799,0.04547975161346247
367811,0.010797309238747561
367817,0.02582915310782665
367827,0.06622167631431039
367829,0.11461808062057659
367830,0.24884012612275805
367837,0.08047517273785906
367843,0.009872321741464027
367847,0.02859000053438584
367849,0.07957397430342414
367854,0.01522695893360668
367855,0.02471994647625564
367862,0.01907391322761144
367863,0.10171508875244617
367868,0.02208415991256188
367873,0.30004244451182804
367879,0.06229600246149482
367889,0.35319384048176694
367890,0.20401748476684967
367892,0.010471233742042101
367893,0.014830267123987675
367895,0.0405617296932304
367896,0.010757436015319814
367898,0.01726077057897284
367903,0.026864711545142327
367906,0.11347727557864724
367919,0.013919088757653051
367927,0.01841695086110241
367931,0.1735246815722879
367935,0.05181442122565687
367945,0.03245908025270305
367947,0.2305761680953525
367952,0.08703392621279128
367958,0.05393815544279155
367971,0.016976457099684095
367975,0.2470208732661404
367983,0.24020917916801535
367994,0.05717587098438774
367998,0.058972936361129845
367999,0.010908835097254009
368005,0.03943152550014984
368029,0.08233130956050826
368034,0.01426925931398416
368036,0.1208074843554933
368041,0.010339422444898057
368064,0.013635251291856226
368066,0.009170029753869926
368079,0.0848884767412453
368082,0.010897997214366358
368090,0.19077307760519874
368092,0.019680155354197475
368097,0.023175574273329152
368107,0.2447493104843214
368127,0.216527319718908
368129,0.18309744428785124
368134,0.11707882415729734
368150,0.05211324308271577
368166,0.05752902409371639
368172,0.011950082785329077
368179,0.00899671800403247
368185,0.0683985061917648
368193,0.054500536553331355
368207,0.14619386711877086
368251,0.06348081754759588
368253,0.07071805964497684
368256,0.21081334891962258
368257,0.05336730023436588
368263,0.020062664566865444
368271,0.16751388399520062
368273,0.02058262007573599
368279,0.031211723158825345
368281,0.24111639828024237
368282,0.09188752088231518
368288,0.1261187962287728
368303,0.02569168756043605
368315,0.1152281362684137
368323,0.009052825685630383
368324,0.015186991796638214
368326,0.02182994813933537
368334,0.02954991560103899
368337,0.023129253944173322
368351,0.07073576080572357
368353,0.22608709576560865
368358,0.1987459769850005
368389,0.01719996383088407
368392,0.20167614525430003
368393,0.025178995993801905
368415,0.08008343174002915
368424,0.044032541097891266
368436,0.01354165350316838
368448,0.02190426674728658
368456,0.021642782103205943
368457,0.011055901318249566
368465,0.10906927861235752
368484,0.03807494542994888
368485,0.2817590328493403
368487,0.06424374871006303
368489,0.04417067841285814
368493,0.048446520624739434
368509,0.0857315272862937
368513,0.17898870257730218
368523,0.12257768335727812
368530,0.011941220320312956
368539,0.07928562629733159
368543,0.21807036807822136
368544,0.02460353211611791
368557,0.07481163755214254
368561,0.05584552532246181
368577,0.02629491752109836
368579,0.015936300041185594
368580,0.09776766327742394
368583,0.01348373003944731
368589,0.0090811715214811
368594,0.021762227440342084
368598,0.009996442037739537
368621,0.09601906089809925
368622,0.21734278494372222
368627,0.010521512667889709
368628,0.046968933401986865
368633,0.19031180626207794
368638,0.09761734247241333
368645,0.15372499090925595
368646,0.13902046615973346
368652,0.03173279505882683
368659,0.08571459365180527
368672,0.28386093442751525
368679,0.044763894051798266
368683,0.14946242756241593
368697,0.024833834027058854
368702,0.20301424050335268
368707,0.04605662087311439
368715,0.21418874097958018
368740,0.01751742320929254
368754,0.017857250219166648
368765,0.05767324924130292
368770,0.09786541985051579
368777,0.16358356328864304
368780,0.12272972506133091
368782,0.20688052611931956
368784,0.17748315272244086
368790,0.1890398583588117
368792,0.014181681702306098
368793,0.07005114486155037
368811,0.020003077683330057
368816,0.10318106787244237
368819,0.07499966400678636
368843,0.009778359944979928
368853,0.010653323965033752
368857,0.051166918456600693
368858,0.1456250924559526
368887,0.05692056601778602
368898,0.04807831333503796
368909,0.11131169208335583
368919,0.012709161714174074
368930,0.0834171800076993
368944,0.11159309706847986
368949,0.08024263990442061
368953,0.054658456425040594
368956,0.0335613329786669
368959,0.11015259718474732
368968,0.04811829689778526
368971,0.047057179778187935
368974,0.05412082677380313
368975,0.029916040937508038
368983,0.02006579192435754
368991,0.059463660197906346
368994,0.015996349047545412
369001,0.15864757676009486
369004,0.055632619434465534
369016,0.011355369472515909
369030,0.02615868370836554
369047,0.024404881904648002
369055,0.14817834481660158
369067,0.03620378824454962
369068,0.12672619645707067
369096,0.10850975684719966
369103,0.05010744901832015
369105,0.12135874352057743
369107,0.25066774192627517
369109,0.059498058722062167
369130,0.014646187785239791
369133,0.013105883767463938
369144,0.029593431418513748
369150,0.01317148981648979
369152,0.05963948975515142
369156,0.02604605109993291
369180,0.03846140013810337
369183,0.11090405592402078
369184,0.4797215883878695
369186,0.10919626479979556
369187,0.03919936515635182
369200,0.011126145908348394
369201,0.01668011157579371
369220,0.048733230358266606
369223,0.010836685143193693
369233,0.02189831974274973
369240,0.1607171088434475
369254,0.028339750270417928
369264,0.18572401000496389
369266,0.11697567339503115
369272,0.12336337510409659
369283,0.03873539034767842
369295,0.062466836995030736
369300,0.010803617067832826
369302,0.0103775273941759
369305,0.056825945135071
369322,0.01716911567039452
369334,0.1369692660007515
369350,0.010720437045177096
369355,0.0875599898679352
369361,0.041904873423729276
369367,0.010110983653735618
369371,0.011961269144714067
369373,0.13167122220746746
369375,0.12071001617412853
369385,0.009680057111928157
369394,0.04497799708378035
369398,0.03230896749104079
369408,0.036353602458076076
369413,0.12372299562333344
369419,0.06433490697518322
369424,0.04130871415079641
369439,0.058385099356488154
369466,0.0626145878786572
369482,0.043786654854834385
369494,0.05608881668258799
369504,0.010324319151335823
369512,0.2091400380816582
369528,0.04297222610112128
369531,0.022635635021172513
369540,0.013070057294654608
369547,0.010023820189657553
369565,0.02771035030077042
369569,0.031796752875840266
369581,0.08151184696814526
369583,0.13957344900728444
369593,0.04650053301568719
369601,0.06600345092175035
369608,0.012492002985096465
369612,0.13151461043824933
369615,0.06273494843300323
369621,0.08460749245734298
369636,0.010776544726775007
369648,0.12069183300772535
369649,0.4381774293150754
369651,0.014431451505073689
369659,0.01645674431497236
369666,0.011165901662917022
369684,0.04059415507259147
369686,0.22831428403752868
369698,0.16877547332859014
369701,0.026064592075238015
369712,0.015719861342078326
369717,0.014830267123987675
369722,0.03683641857048539
369732,0.27195770705688493
369740,0.3551764736118944
369751,0.04687972537676562
369755,0.02045184813635822
369757,0.043316039777517315
369761,0.10489923486447088
369767,0.12944114363683074
369782,0.04375345315146245
369788,0.07303131061860516
369790,0.039611182267454345
369791,0.045103940978834973
369792,0.0473436570156739
369803,0.023226234464522304
369812,0.014509591672969408
369813,0.09681381901774253
369827,0.04187537014571664
369835,0.04090034713620413
369838,0.01901892711394546
369839,0.055214610088478985
369843,0.09097865842157407
369846,0.03084026064353579
369860,0.009909395437624851
369870,0.11625458237095912
369871,0.48382062575113977
369872,0.0658310177750209
369884,0.08629429912799266
369893,0.07056009729111937
369901,0.054238192977108524
369904,0.049714870922675555
369908,0.17593397308508646
369910,0.015403177015434455
369911,0.09623803903314354
369919,0.03805443058661255
369920,0.048688568730547256
369921,0.022202830514546128
369931,0.19417582784344523
369935,0.027344757067377594
369936,0.10218967770283327
369948,0.039379376583124
369953,0.04798050329704512
369955,0.14073783969706935
369961,0.02667812411277503
369964,0.028978885783796017
369967,0.1252487721832822
369971,0.1983898765965472
369983,0.023122932448880657
369993,0.05837966452744688
369995,0.12862824563215158
370012,0.07346665820073082
370022,0.037454250861872915
370023,0.03864120831654811
370027,0.0708210913595769
370030,0.054489592183628546
370033,0.2082533244492549
370037,0.10522164805418219
370051,0.008891499974611285
370055,0.023918051542248103
370077,0.04324158633700294
370088,0.012205390656770666
370091,0.009330993383006666
370114,0.013003275476732131
370117,0.3164535676195702
370120,0.21362553089299854
370122,0.03548275152767345
370128,0.23263138792842727
370135,0.06497151283408856
370144,0.048029021095035956
370146,0.08585631561395815
370148,0.05678426967607238
370150,0.02544668169286233
370155,0.021715739486841183
370164,0.019684901598076666
370179,0.039712797487179596
370188,0.07816715248540394
370190,0.01194172206311329
370199,0.02183889389869424
370203,0.1814290105715018
370213,0.027560899872419786
370216,0.04313189459212003
370219,0.011583638040690628
370220,0.18609702222297966
370224,0.02375646738752174
370230,0.011309228830081806
370254,0.11215544052174298
370255,0.013424513792089851
370265,0.21685452737932823
370273,0.010852720647274963
370288,0.02441459836188739
370295,0.13969177187092346
370297,0.06393028678014104
370319,0.1340254790297722
370323,0.009524964890606702
370329,0.029129353529265607
370330,0.015614374967122239
370333,0.15283739712765726
370346,0.12337831442425193
370354,0.11850138499004545
370355,0.0118917400665512
370358,0.21275868051870264
370362,0.009137279203079014
370373,0.015816508598568223
370376,0.010735954176586425
370379,0.009695574816510509
370380,0.012368449040923027
370386,0.010883253467297255
370392,0.013354593224027222
370411,0.013151594168879063
370416,0.010797309238747561
370432,0.01813798323440147
370439,0.03688533099796341
370440,0.015183510633622074
370445,0.026510728734499646
370446,0.011746121978049475
370455,0.06250578995997541
370473,0.014509591672969408
370474,0.0432254435159178
370475,0.020083636469591132
370482,0.2270936871022365
370489,0.05259604665181591
370512,0.03420797957609546
370518,0.15390457116808892
370522,0.10344199079357116
370533,0.011573363138576168
370538,0.09482293214319046
370551,0.010635983527728463
370552,0.09736538446259185
370556,0.03300369331976881
370566,0.02706797653889161
370568,0.07926382144847681
370573,0.07984268243637403
370575,0.0760287337001343
370578,0.012371665872447623
370582,0.03872124598144064
370596,0.01461566141421003
370597,0.03573642069148752
370599,0.028382358206490405
370602,0.08027545316547768
370609,0.024582468043786443
370632,0.02609963877147884
370634,0.2525121853579336
370646,0.043903188289312986
370666,0.29927736531164595
370670,0.01178675763337229
370672,0.011392572179929557
370675,0.041663218580148716
370676,0.1379533758956049
370682,0.010521512667889709
370685,0.027017736086886394
370697,0.011692537146331106
370699,0.02279412474085433
370701,0.03919947810425571
370711,0.23879726819642605
370719,0.17913434544482895
370728,0.036661364807905994
370731,0.23922327626980788
370735,0.030723093754750387
370749,0.09069277513406185
370753,0.04372955579752142
370757,0.06639205421500619
370763,0.12398678921802722
370770,0.16630248979772308
370779,0.07164389225469205
370794,0.0473056294611226
370805,0.03282676763878842
370806,0.04254418197663155
370808,0.07723019736762321
370814,0.04083309938479358
370827,0.10429208414580597
370833,0.10656751228624765
370844,0.06663832786140322
370845,0.03976022586625487
370850,0.19772058658523609
370853,0.03968457154458106
370856,0.03054889695565786
370858,0.02897147396214001
370862,0.062043839063036454
370866,0.21379209971527077
370874,0.13000252235230358
370876,0.010812354065203072
370878,0.2047954384504535
370881,0.04410825111021295
370882,0.1628044218234885
370884,0.10945097004239981
370887,0.045792496824949964
370904,0.2299305062995578
370905,0.029638759815870563
370913,0.07668145590784566
370915,0.045199204464949155
370921,0.18065639750854617
370922,0.02628572488476764
370932,0.08339529899333716
370939,0.11855221356717356
370953,0.011308798941911637
370964,0.020643268575225443
370968,0.01445216018152474
370969,0.09658895369849967
370972,0.044722586449154784
370978,0.014492852294633632
371000,0.054164134866957384
371001,0.2507904939497326
371013,0.029281554266758446
371053,0.0691518391979146
371059,0.1194017351827463
371060,0.05669124750637389
371065,0.07700842639288814
371069,0.04450190570009728
371073,0.1636776737586517
371084,0.379936318092459
371085,0.035795116448071415
371088,0.06625748477997002
371099,0.04309183127886612
371115,0.010354003361396167
371118,0.31154847223410514
371127,0.12111843956761621
371132,0.11338358285030312
371136,0.08310359709945007
371139,0.10589394536796715
371152,0.1700783332984598
371161,0.04170108638357403
371162,0.0628130748389876
371174,0.05837315278436787
371176,0.08612752421681677
371182,0.029171699012330205
371185,0.04681263877317218
371193,0.07419907367534063
371197,0.052136036361065105
371198,0.03684180632300499
371202,0.03850749207309659
371207,0.09235385594889736
371211,0.15646296492631198
371242,0.025313668259346823
371243,0.11605446220500804
371244,0.059261534183853014
371255,0.1083506690935081
371258,0.01622714151397711
371259,0.12896403576098486
371265,0.013082814077509403
371274,0.13187026172887834
371275,0.19617085740989507
371288,0.017238855698756272
371291,0.21008418161628115
371295,0.20812583066780382
371314,0.05203551571854146
371322,0.06634589848425451
371323,0.0494011500906657
371328,0.05721100822823731
371332,0.028729115725353378
371333,0.176627502585145
371335,0.010632559453061198
371342,0.02522176078821377
371350,0.09382079238365189
371357,0.08172712933119007
371365,0.01337295451306356
371383,0.3159504435121693
371384,0.14147527845424623
371385,0.09766514893000966
371393,0.1941520350783941
371394,0.043023094938224385
371397,0.03286067181167905
371417,0.051211816624317175
371431,0.042202744673233164
371433,0.10865770888988828
371437,0.011941320337935355
371439,0.3449375708565872
371445,0.04143295630959005
371452,0.14032193554105846
371457,0.060153568475537086
371469,0.026905002090589103
371470,0.06941845916339931
371477,0.03093251403856881
371500,0.0505892280571973
371504,0.062022021869425334
371508,0.09416223180351312
371514,0.014575949133502727
371518,0.0956835222497435
371520,0.02585270945948407
371521,0.040747205993139204
371522,0.02951833740949104
371525,0.017803238410781217
371530,0.0769049642926645
371532,0.012369258335381222
371548,0.12287075782315378
371561,0.01376357283409696
371566,0.26842673133992506
371568,0.0851959545342387
371571,0.05848589857978861
371573,0.03486588757303007
371577,0.18551987576751866
371587,0.17998471873847222
371592,0.23237180975483662
371593,0.28964040647261285
371595,0.16185475415370437
371603,0.019927510007531225
371614,0.03255805774886903
371616,0.01639276809652671
371619,0.045205725164713335
371627,0.3498449142732815
371641,0.09818606950496656
371657,0.026575814294311263
371664,0.04201042674454752
371693,0.031218453679330342
371698,0.019727457946117875
371700,0.04136547017787488
371707,0.011734481152548538
371710,0.04456661776630778
371715,0.07751259127681384
371722,0.0259977504571647
371731,0.019361126020804968
371741,0.02922917397155722
371744,0.1009142800970781
371753,0.033331837636471275
371755,0.010812354065203072
371760,0.02712783491709116
371773,0.045527518413474445
371797,0.013638283454891162
371807,0.31138482124034084
371809,0.013303201206049239
371811,0.019547418375377802
371815,0.107403568297876
371822,0.08060342906864403
371824,0.13891689938095184
371828,0.04235598386359495
371835,0.009158043715051568
371837,0.01393987023269271
371840,0.14100642751493925
371849,0.009977238214461259
371857,0.009417045037251867
371860,0.151046484938331
371862,0.017564770137417123
371875,0.05217840283239529
371896,0.18417197976988414
371898,0.12798940249291638
371901,0.31915674785560755
371903,0.015744521215707477
371908,0.013151594168879063
371910,0.04099756733932032
371944,0.14885163518897568
371947,0.03188736077645408
371955,0.10354611394389887
371963,0.04375345315146245
371972,0.04306821669132094
371973,0.04154813532572379
371978,0.05159673210741127
371980,0.0115744609092077
371988,0.02733007348314318
372020,0.11354033960881142
372043,0.2109368195544056
372060,0.07981013759577772
372070,0.017580401913119735
372082,0.012285076483372669
372085,0.09406468388017081
372090,0.05886445103433289
372091,0.2902164893449829
372112,0.05825534743426332
372115,0.06192217140206888
372132,0.021892287746252105
372134,0.3775200213989752
372136,0.02359590162948485
372142,0.02767147164424751
372145,0.12453675437843685
372146,0.09711094023666636
372159,0.009748023618799699
372172,0.02419852896164823
372179,0.1565457027034002
372183,0.014611143517279584
372184,0.01281437974359526
372192,0.009331355464889024
372234,0.03402355055045123
372239,0.12463393936694614
372244,0.010325774914380316
372268,0.10247682135568151
372287,0.06157866361407025
372289,0.11523889352471386
372292,0.017605823912496925
372301,0.06568008749034275
372315,0.06975412569261782
372316,0.32197225404387664
372328,0.18449372048024482
372337,0.010776544726775007
372347,0.31588064897182233
372350,0.3334289795745454
372381,0.01559143177647567
372382,0.11590668862650251
372384,0.04164741177849549
372393,0.03572856333696363
372398,0.06374523687039606
372399,0.032608289129933216
372400,0.060050245950551404
372402,0.01941312798579184
372410,0.026038520941378717
372415,0.07721186453303688
372425,0.028657862179047137
372428,0.044736523277938034
372430,0.04021556941088248
372431,0.04039954646616919
372449,0.04046573188032106
372452,0.05621717757795551
372453,0.0108968075826517
372460,0.12695149443520226
372463,0.30248689350598407
372471,0.2088209505326719
372484,0.06857752992517545
372486,0.11240387468572303
372489,0.07128748562848347
372506,0.20971392652407514
372513,0.010536557494345218
372527,0.2124446942807995
372568,0.14219567483317372
372596,0.018500924599414416
372606,0.0188077894757687
372617,0.02995747493690959
372618,0.036817391368463195
372622,0.03247634633402583
372624,0.09041192017940056
372633,0.07822562198291313
372637,0.09960703654671534
372643,0.07464961461724341
372644,0.011484334259495231
372656,0.0701341164860674
372662,0.011077075072920417
372664,0.09045743729565178
372666,0.015639898196849987
372672,0.10360452617651947
372674,0.04287473600862082
372693,0.04041872143344494
372704,0.02108209031195143
372719,0.03594508011560889
372727,0.03459340919982226
372740,0.09653956488489288
372745,0.02404337001766288
372753,0.08636691643208119
372762,0.01924666952668266
372764,0.10426968713294067
372771,0.09886396657292762
372772,0.1933843822826163
372789,0.11892244089877772
372793,0.07504721973423613
372799,0.016427405020042724
372806,0.2534978148793347
372809,0.06445350451233768
372829,0.18942530304926194
372848,0.011843588865701533
372850,0.08151200240669214
372853,0.06926525118248814
372854,0.05235854200548814
372858,0.0638119879437963
372861,0.023537400063008578
372863,0.053176814358013136
372876,0.1176985010008967
372878,0.0442504495219139
372893,0.1732315287405309
372894,0.02861867184582965
372911,0.04526070533045496
372912,0.07993425239942953
372924,0.18046847830052104
372942,0.09672301693061616
372946,0.24486531618160062
372955,0.04416300273792429
372956,0.0596821465888706
372957,0.1963155425143701
372984,0.11742979578481931
372993,0.11943974641093746
372995,0.3523616321104466
372997,0.020893642146770693
373014,0.06128201242060303
373018,0.15200869118932248
373022,0.06647263007587312
373023,0.015026714773335078
373029,0.030644262717212732
373063,0.02461726391922241
373071,0.08196677300213313
373075,0.1416962353466268
373088,0.03595308090423705
373089,0.026428781481709334
373098,0.1377063142804634
373101,0.11588176349405317
373112,0.043327139277818165
373114,0.026805869214120027
373118,0.17588722323527645
373120,0.20909738312567602
373121,0.02418087361806972
373122,0.015757283062601397
373138,0.11603849799146664
373145,0.025653482565961422
373153,0.02294215626884864
373154,0.09418574573099756
373155,0.01733945905176753
373159,0.11945202507262735
373167,0.031345586748105975
373190,0.02842326063564753
373195,0.12178031130340827
373202,0.0585994297247142
373205,0.08277024038665513
373209,0.019626870026818434
373215,0.06062166745635472
373222,0.10831610032858145
373239,0.024660151625009497
373240,0.07043142138766116
373247,0.044044505075339344
373251,0.08237170078983772
373260,0.011241089073140972
373284,0.02611359965024696
373286,0.02835011166130137
373292,0.20839972809135426
373297,0.010632559453061198
373299,0.35908044762143104
373305,0.11438893098410455
373307,0.09164609695766908
373323,0.0145973735378924
373327,0.041288246397957466
373328,0.023075433129611956
373363,0.04080667130792376
373390,0.026578964657451513
373396,0.011561791016846967
373407,0.0334301488639253
373413,0.07982033590288547
373437,0.19606359006509022
373445,0.018765075805022936
373448,0.02388484024744537
373458,0.09351670855905372
373464,0.018702626286285287
373472,0.23503548963433482
373474,0.028309904911675548
373475,0.06405719978832775
373480,0.027665434321473614
373484,0.19081794409380276
373491,0.12716520887228794
373493,0.1597714704816952
373504,0.01670367230355943
373537,0.10027193784995467
373542,0.15595744931672323
373545,0.023646348045365778
373554,0.06828496952363716
373559,0.23219861852926993
373560,0.013127554304774483
373562,0.05587369079274677
373565,0.13020785471367116
373573,0.14314777684820962
373577,0.041502625243878745
373591,0.11258701932021613
373592,0.054041320291024965
373596,0.018654525796069507
373598,0.20797690367940738
373600,0.05997269015978187
373605,0.013151594168879063
373607,0.011514789069338203
373616,0.04718130028837495
373618,0.02241356775261239
373624,0.009958346012401692
373630,0.07139711958220932
373631,0.09272300423245179
373634,0.044614783203836744
373646,0.052173871396817006
373651,0.05673701471668206
373669,0.2394834026781066
373682,0.02203979176254891
373716,0.06128470232785151
373751,0.35751709445288593
373756,0.24896557827379073
373757,0.014186565167150292
373767,0.03908406224400695
373778,0.04881114939801655
373780,0.010272309364754716
373781,0.19131628568596706
373796,0.1023120043146943
373801,0.02407392406774983
373805,0.10675103553603679
373811,0.0783271192910241
373815,0.025301133323448428
373820,0.08311429619725515
373833,0.010454365609690635
373839,0.1109727830211676
373841,0.017463902878646312
373871,0.09277908580042235
373875,0.20185757638178595
373893,0.01866402455750934
373894,0.19999492915125675
373898,0.0965717330141475
373899,0.30006990561683056
373908,0.20667884312423798
373909,0.033591161050441645
373911,0.015744169355992384
373918,0.012925492377405942
373927,0.01978689710701933
373938,0.1023388191293277
373943,0.07752355603868326
373946,0.0317185022809228
373948,0.06474475716478911
373953,0.12324330571637387
373956,0.04291218051391757
373984,0.0146983389213058
373985,0.06479969459362911
373986,0.07373333984912
374002,0.04677629872576361
374014,0.01820604588372911
374015,0.05186524046693854
374024,0.030227954743177216
374029,0.12407189247928196
374034,0.01704440004101681
374039,0.014072896158295664
374042,0.12060403844432122
374048,0.11896773973964048
374051,0.052933637459621305
374054,0.015354380573361517
374055,0.09965612542856225
374061,0.031088791461573784
374075,0.05619830220274963
374087,0.010054156515837779
374101,0.12263984881953076
374103,0.07040703120487415
374114,0.2456490786397262
374116,0.1715567404652511
374119,0.029844235647132362
374121,0.05062603333039957
374133,0.0716016922134482
374134,0.010881762756196194
374140,0.020484443753519446
374141,0.2661947178514634
374145,0.13164561989468482
374155,0.010720354191230835
374163,0.016299555499178577
374169,0.21143338186393615
374173,0.0790446879921911
374188,0.05473043184080344
374199,0.029040277003899002
374200,0.045739191800303294
374207,0.07777249572764737
374225,0.11160236171872409
374226,0.014376720112620641
374227,0.0617836205407396
374249,0.1238624309147079
374254,0.13076240293848113
374284,0.01768668780339111
374293,0.05223008050685766
374296,0.10991894346496214
374297,0.030736404342111657
374298,0.021308066181715695
374307,0.107403568297876
374320,0.06929891707388354
374322,0.10826322002597225
374324,0.013919390198577056
374328,0.07709943627445962
374334,0.045275393479472806
374341,0.015051018077128017
374343,0.14874655649519095
374346,0.010576451771463284
374359,0.21388167170139916
374374,0.14556088007064583
374381,0.1943291835081412
374400,0.033424451302597094
374405,0.02208415991256188
374409,0.1270077633925834
374420,0.15459277172291658
374442,0.11636992712051039
374443,0.07552374331916085
374445,0.10666006312172886
374447,0.1443057315540894
374452,0.11724740547977008
374458,0.02817856986799369
374485,0.02069553355955866
374487,0.017860975775085983
374496,0.018808987616209093
374503,0.05503321350969729
374518,0.04890430274646625
374519,0.03537176307097441
374532,0.015938396095483694
374534,0.014481144058087158
374536,0.015744521215707477
374546,0.009254483271318555
374559,0.010810527394196513
374568,0.1412582494289103
374573,0.0707712115566353
374582,0.01028147920282616
374585,0.015349590689071418
374598,0.020058466272424115
374606,0.0414229662866985
374612,0.01748805940502949
374617,0.018126961024044444
374619,0.04340150469406565
374626,0.040525442103660256
374646,0.05265475565308122
374653,0.04528331630571824
374656,0.04432265807055284
374664,0.02797779436974081
374666,0.09694110130733671
374677,0.19797706309580615
374679,0.0812512232425868
374682,0.10171131467380116
374700,0.09436524480132913
374703,0.11462100001635944
374705,0.09968980592677867
374720,0.11607892310001626
374724,0.065136804707764
374731,0.00929904251164912
374732,0.03881912925259624
374734,0.10881345647636628
374759,0.05265516587986082
374770,0.050306392285192236
374774,0.036613204829912996
374777,0.2622205592979263
374788,0.04064775415667417
374796,0.19160981103321256
374799,0.07299392385208955
374813,0.10565263740601147
374819,0.011023778262046587
374826,0.19058372261759524
374827,0.04568457470775235
374832,0.0721848536817734
374837,0.013762041522910046
374844,0.19911457118825845
374848,0.25174949176826983
374853,0.05715395202532826
374854,0.01556796221172215
374856,0.023306886790645638
374864,0.20872199388943163
374868,0.010063564041822876
374888,0.08339182459756969
374891,0.06449114520080125
374892,0.023941999537541392
374896,0.03218832696881783
374909,0.06793630827838176
374911,0.022399300058123656
374912,0.09720701433112973
374913,0.21030391449866337
374916,0.04270653139377163
374917,0.014482105208299113
374923,0.06054847207866545
374933,0.19017540461491206
374935,0.044799078497165724
374940,0.0247935543865578
374941,0.025468122068328942
374943,0.011455011368274398
374951,0.14319337347925687
374967,0.1319414947410793
374970,0.11987472620138628
374990,0.2819915141820719
374993,0.13950060559103014
374994,0.22285946188426903
375015,0.010632559453061198
375017,0.18511805158722922
375018,0.04644389916021299
375021,0.0484363869212968
375023,0.04372009014227762
375030,0.1968769694041884
375038,0.012498730925712475
375040,0.03426485091436792
375041,0.13123414524072224
375052,0.009156388109167465
375061,0.2267297996271433
375064,0.02071072971761599
375076,0.052936522585088866
375086,0.3302354274488148
375109,0.09726052524672375
375118,0.08665941591639197
375133,0.019574864021506298
375140,0.11781076154132145
375156,0.08692983934748923
375168,0.06015276856520768
375170,0.09170688681118702
375182,0.026473431602829816
375187,0.14721669590945632
375188,0.03735507663678823
375197,0.05728533798731546
375201,0.011188342704247501
375204,0.09545673744038952
375216,0.14548415823491057
375225,0.008891499974611285
375231,0.01079590116036349
375234,0.010386780224593469
375241,0.04278779206571219
375242,0.1884167914978682
375244,0.04173534156795731
375246,0.04402408012338605
375257,0.06882159018602133
375290,0.012661922705937629
375292,0.024865752874553792
375293,0.07096856341890041
375295,0.01693133996261669
375296,0.029516684532896686
375300,0.08946409798432034
375322,0.050680955873366976
375332,0.04833481613367115
375338,0.05881333686126581
375342,0.039273799859293634
375365,0.01921345006482455
375367,0.06066906235135029
375384,0.10316956380645492
375418,0.015132346036492661
375464,0.22933784639494342
375477,0.04214151961254329
375485,0.13662697692848194
375496,0.019837391733427568
375534,0.058663777579178344
375544,0.05409684236098942
375556,0.10456570004636472
375588,0.08388791377057105
375589,0.015913803498032515
375594,0.13506748444196032
375629,0.039605306952916364
375649,0.0839683606935455
375654,0.23874816171793428
375696,0.08418593208205793
375758,0.011165901662917022
375795,0.42746967498297694
375843,0.012568853158171273
375844,0.0403911572797482
375853,0.0940510365666559
375878,0.019820996782157187
375879,0.08860314043573911
375883,0.05833824321157446
375887,0.13588622085329857
375929,0.04131757239759981
375934,0.05379846935386745
375936,0.10778072762020927
375937,0.02176670917222371
375948,0.09230567142910286
375951,0.017070430468025206
375953,0.13249966632085203
375964,0.10149198532332096
375969,0.009627449711627097
375970,0.027698464304145454
375973,0.4999723589006124
375976,0.05027714353923192
375997,0.05780165454398507
376000,0.019440236787982564
376011,0.04186292903645603
376019,0.028279048107178833
376035,0.10575860482944052
376036,0.17596049032800826
376041,0.0989105975992679
376042,0.05635744530963259
376045,0.026708118270684762
376047,0.0908014965634453
376060,0.011942398305025016
376061,0.04780140310140412
376067,0.062391024623514
376068,0.19295576065939052
376070,0.05205976554718691
376074,0.01123438658254844
376075,0.03455936654648027
376076,0.04222264774305576
376078,0.04571184631193527
376080,0.05346486529937032
376081,0.020673368036641975
376082,0.024001897168615925
376083,0.16817772122661853
376084,0.07271088287212304
376086,0.016301390615414083
376087,0.009331355464889024
376088,0.030581014239406214
376089,0.06239796491788209
376090,0.058837424779276504
376091,0.1294855918279679
376092,0.029888711458034532
376093,0.11096605961430261
376094,0.13350821622201156
376095,0.18639329915046682
376096,0.15771495516665313
376097,0.08873926259768153
376098,0.13252990717960206
376206,0.019409060474575763
376209,0.10547845505327016
376225,0.03770275661281012
376239,0.020592578464290644
376247,0.11471398981936745
376248,0.024051541640057284
376252,0.040702197250820665
376257,0.09612476844967154
376273,0.014455146732282162
376274,0.03370117184542242
376275,0.01053076549830728
376279,0.08677645932128696
376283,0.058566838990043425
376284,0.023146191652726127
376288,0.04092611365818114
376289,0.06483821403016132
376292,0.03894501613383494
376298,0.18723740640143238
376301,0.036295410241158656
376311,0.029342065437858566
376312,0.12111412321686348
376313,0.07768790641744486
376316,0.012177734967876518
376317,0.02986986901853056
376319,0.026788036572162766
376320,0.08331734240863078
376321,0.07457573702037304
376322,0.05090159542885525
376325,0.19621574156980698
376326,0.11100956656815505
376328,0.045350906342409236
376329,0.14827329806528677
376330,0.0511450262717291
376332,0.04237795229561833
376334,0.05649663219540711
376335,0.05099867720541964
376336,0.21492559108046988
376337,0.15911229925822984
376338,0.27726981849878396
376339,0.04829638459532758
376340,0.08536174860398556
376341,0.20738189555263875
376343,0.11571868329768716
376344,0.05142457501790861
376345,0.025446606367304662
376346,0.14614772979982366
376347,0.2073126419353865
376348,0.09942888352163073
376349,0.20438383387290077
376350,0.03391691173468268
376351,0.02575562152952956
376352,0.025860781592668136
376353,0.010346714438267702
376354,0.017245903344948913
376355,0.014651195612144133
376356,0.047804518048636134
376357,0.011165901662917022
376360,0.027748973988878285
376445,0.11040275530557735
376447,0.02359399926654037
376449,0.0651290482180672
376470,0.010970693672886783
376483,0.04848764945028814
376484,0.028425744574445085
376486,0.03378915138958287
376487,0.039345422040455366
376488,0.08143519901842362
376491,0.18503164447439174
376492,0.026848436771913183
376494,0.1383842658334026
376495,0.15179284284398084
376496,0.13540062786608875
376497,0.24478404481790958
376498,0.012338569396384558
376502,0.08316489478451945
376503,0.14854070535009128
376504,0.07256036449791643
376506,0.01303293692498166
376509,0.03202179492134937
376515,0.0962919154974797
376517,0.024621971076131212
376518,0.20408614207011486
376519,0.46100069388880927
376520,0.10147541361534465
376521,0.07424575268710153
376522,0.03361854781197822
376523,0.017996938019182472
376524,0.07199007819452424
376527,0.10525552917497001
376530,0.06315933871845433
376531,0.045177496630451106
376532,0.28707828481648884
376533,0.11113179693681581
376534,0.0656669813867154
376535,0.08337482434428702
376537,0.14685347207422375
376538,0.07577567221830928
376539,0.25987919940334425
376546,0.051433892016431074
376594,0.09015504335377057
376595,0.045338307651986584
376614,0.030020411751947897
376616,0.018057407398294558
376617,0.010674886717970527
376618,0.20621441878134475
376619,0.11189592795892742
376620,0.01787511057009144
376627,0.06046904859665851
376630,0.016105466426110826
376631,0.09665822242105708
376632,0.011079049586969671
376633,0.06278868238273966
376635,0.06204986610601114
376636,0.18363744417852793
376637,0.017800019551517967
376639,0.30822821061991346
376640,0.06398322670279981
376642,0.011844864755907892
376643,0.08460936172152807
376644,0.026320084911263968
376645,0.04153045413664939
376646,0.10033052966353609
376648,0.11372790450278633
376650,0.0197134475040165
376651,0.033783743227058356
376652,0.10628677909387207
376732,0.030642614352033647
376733,0.025940946810435284
376734,0.07636764597731688
376756,0.0942825271096096
376804,0.015156865705851822
376856,0.2050525932740442
376869,0.056066947434314104
376893,0.07524399755242545
377045,0.046332930005240816
377088,0.0367566366493023
377137,0.17125826086086757
377138,0.009595603594479528
377159,0.020468761098070394
377176,0.08245320901568645
377201,0.033917339620668056
377226,0.16194360598005736
377335,0.025502945230285533
377358,0.17327704028686525
377362,0.025895379058887065
377363,0.00899671800403247
377389,0.1895479613295973
377426,0.18787879999195295
377427,0.026655749358632474
377429,0.038903610952476984
377441,0.046967571296699415
377449,0.06645234186437778
377450,0.2062909615438906
377458,0.041291509056422385
377472,0.12645319317440049
377541,0.4041553787563023
377567,0.028885948686416984
377573,0.009254483271318555
377605,0.134978169569528
377611,0.20715526908048779
377622,0.04322332810136573
377631,0.07158000648645967
377657,0.01314145284504532
377681,0.04689548865881556
377711,0.016875844359539528
377717,0.11389247323860732
377720,0.1352462383062785
377721,0.11204487180426995
377723,0.08294048174777505
377727,0.03852869547956226
377729,0.02524253609497686
377733,0.013934951889062666
377735,0.0370161762410847
377736,0.018198401775037034
377737,0.16423650629955766
377738,0.03097985563639043
377750,0.26433928923666483
377751,0.05977648985547751
377753,0.061267231656979726
377754,0.04239064490453005
377755,0.10655898978142464
377756,0.04680746211272406
377757,0.29646972602917304
377758,0.023512491707951035
377759,0.03295795982187681
377760,0.012175754849274351
377761,0.23643848702744447
377762,0.08768961679915746
377763,0.013151594168879063
377764,0.11759135560684975
377765,0.18261785326810762
377766,0.2027645198829505
377767,0.009551965930275613
377768,0.01884196332356635
377771,0.019413217694530575
377772,0.01377857558668307
377773,0.09376086113310858
377774,0.12495947779981989
377775,0.11309004077679743
377776,0.029363565199395585
377778,0.05243844882483846
377779,0.021845024198188918
377780,0.01365406125674945
377781,0.02080352202817743
377782,0.012622851221987983
377783,0.01089010509205917
377784,0.024585083427874337
377785,0.030942355164862066
377786,0.06294238812424227
377862,0.06567474229542287
377871,0.05992854974253405
377930,0.017095590583693254
377970,0.018776958494399858
377987,0.04425981119455426
377988,0.1014876726142478
377990,0.04000958666159439
377992,0.08963409150361897
377995,0.03158517838807112
378005,0.011354299714993936
378006,0.010797309238747561
378011,0.06798851350224078
378018,0.017710071591611174
378019,0.03397307670583426
378023,0.021664901265507092
378025,0.0407052302046723
378026,0.04018196731753117
378027,0.012301870952922244
378031,0.09603434538586823
378033,0.02330251161800224
378034,0.049070516106321786
378035,0.013036129920223013
378040,0.12790966086949102
378041,0.13720394898522065
378042,0.010960954979417363
378043,0.24970738048152916
378044,0.029612133519420703
378045,0.17220987189920806
378046,0.034484156811529894
378047,0.013791744087660535
378048,0.025639825712858326
378049,0.04280899190624231
378051,0.07439389172018364
378052,0.039648295699156205
378053,0.06945674013002294
378054,0.14848374452300198
378055,0.05621717757795551
378056,0.04562326021398726
378057,0.026996194519279836
378059,0.14157041321262887
378060,0.031133685820181122
378061,0.2388930038282251
378062,0.1389248334815051
378063,0.025584121463022625
378065,0.07911080355012784
378066,0.19922792557014818
378067,0.03288723523478444
378068,0.009417045037251867
378069,0.10580931305299054
378070,0.02624237619946155
378096,0.03414049736971341
378098,0.12921182430639938
378104,0.06194895324375714
378105,0.11190153842693817
378106,0.02863660852980342
378107,0.07047476215986592
378108,0.04163717461745036
378109,0.050267263056062925
378110,0.06648918267032124
378111,0.1308629741205518
378112,0.022881218340942776
378113,0.037319485182892735
378114,0.043798348771808215
378115,0.04184705025281897
378116,0.09545739852399004
378117,0.0854695538579797
378119,0.04137760498411548
378120,0.06620396891151302
378121,0.1149004263216363
378122,0.021298693078291776
378123,0.05297802707966396
378124,0.022866457521510192
378136,0.022814215788629206
378181,0.02201120045093945
378184,0.14250880934143112
378190,0.02972109537805599
378263,0.015939546184865826
378300,0.01473249562087631
378304,0.48697777111642687
378305,0.13143225650640228
378311,0.040867442929853656
378313,0.02520024737233622
378314,0.06672967918028586
378317,0.0989105975992679
378320,0.0807671054707312
378322,0.055639619509803305
378325,0.0493075008249232
378327,0.2081347781669441
378328,0.19801724653052907
378329,0.022176440913366395
378330,0.010431339464924031
378331,0.05113811039420159
378334,0.018623694882432894
378335,0.02349749521160077
378336,0.011315780633217594
378339,0.027864232479807405
378340,0.07477807800403462
378341,0.047604852559216294
378342,0.0977070449589732
378343,0.009311999117215305
378344,0.03602082388338163
378345,0.2532044008071784
378346,0.009170029753869926
378347,0.30488497323809627
378348,0.07018523349156056
378349,0.3892418646892967
378350,0.20378184232880633
378351,0.04661337173731706
378352,0.038353536611338584
378353,0.012065340616588465
378354,0.038146350038550395
378355,0.20108855369333697
378356,0.2397557841114088
378427,0.09390021586517813
378434,0.17627203233730598
378564,0.00877702911477253
378671,0.07930742331807943
378689,0.01095282089037965
378710,0.30047113766751654
378755,0.04326911673590282
378887,0.010780104747391713
378907,0.21270351146776192
378924,0.015836332396958638
378944,0.04835828192358991
378945,0.1261515991013496
378991,0.018869787537478946
379009,0.057856785776413164
379025,0.04043599978198219
379046,0.03029973005284402
379047,0.086131362210076
379048,0.06988078339053998
379052,0.11314486639012811
379065,0.050730199455765145
379066,0.13499661060526352
379076,0.024407657791913128
379080,0.10785013525466654
379085,0.21020582790205763
379086,0.07262869370572027
379087,0.20971690056971784
379089,0.01912579929068224
379094,0.03368808529317392
379095,0.09837513580804286
379101,0.04058083214539661
379102,0.10607933340465478
379103,0.06436593058940125
379105,0.13509902934254117
379108,0.0373743109907175
379111,0.05130561990348028
379112,0.13319504133650126
379113,0.3760190977082055
379114,0.11898951611464706
379115,0.030856149857961545
379116,0.05792832463503672
379117,0.08731151579509071
379118,0.027696636423908544
379119,0.5627724673047425
379120,0.1355093743626312
379121,0.010933806552794419
379123,0.08102235158876
379124,0.027959870649317896
379126,0.1304930495013934
379127,0.01932528825947793
379128,0.04492692998599269
379129,0.04452242024595595
379131,0.2303644346102804
379132,0.1573504394544383
379133,0.21708209249201854
379134,0.1430946853315378
379178,0.010298924873653302
379266,0.01119784982356081
379268,0.07130081155043166
379291,0.01736067455628535
379296,0.01166836875078741
379301,0.04045561822978067
379313,0.05478219339420407
379318,0.13231676655896757
379319,0.21196284072724278
379329,0.08662341968593912
379336,0.15754225055301962
379348,0.08222896322126408
379356,0.02494970466962269
379357,0.09784411264931173
379363,0.28819427808361
379385,0.24123652885785968
379408,0.01617542972661352
379432,0.07785018724776749
379437,0.030330353271869198
379440,0.016504066390426755
379456,0.044378999161767706
379457,0.016271601920901456
379463,0.16107313010473318
379464,0.031000922480195404
379467,0.20152914448547943
379469,0.09150321922453396
379470,0.0143114505057829
379472,0.11600479312690012
379473,0.031084395384466945
379474,0.056329133669846286
379475,0.04372715828640221
379476,0.09762504987058497
379481,0.16127007095771734
379482,0.08369951203219682
379483,0.122852707170897
379484,0.02273141903078238
379485,0.5514422527237125
379486,0.039676187107551365
379487,0.017606700080405647
379488,0.01447938009557985
379490,0.09360409009440598
379491,0.046643046512485326
379492,0.08286840977260382
379494,0.010805651574610537
379495,0.04460235163950471
379496,0.024101839026016175
379497,0.03620467210734372
379500,0.2000915967892658
379501,0.11654362619973399
379502,0.08547503796667469
379503,0.024806602452150207
379504,0.014954088784481411
379505,0.07041869851137351
379506,0.019600969171650873
379507,0.013259844361335186
379508,0.11008169634379952
379509,0.20023233595193832
379510,0.040714525049655406
379512,0.012179002180370154
379513,0.039211246034052
379514,0.47070152236564844
379515,0.0450462431321717
379516,0.020800757071882635
379517,0.1242647663526774
379518,0.07613507620003594
379520,0.15387420662948165
379627,0.04523207527715527
379673,0.18627139883502583
379674,0.016274728064730064
379720,0.1166038697766997
379726,0.05720093271172505
379730,0.01561645125641196
379746,0.034400397948705974
379775,0.02370416725603867
379776,0.010491998254014655
379778,0.3311171553144014
379841,0.01328928925296724
379921,0.026122604832739343
379951,0.04170247982866689
380002,0.15020349880365874
380003,0.23016399625417452
380005,0.051818796218767504
380006,0.12656189031563053
380010,0.03364519995674699
380012,0.10465834782029015
380014,0.2965101440473658
380015,0.2516887228744853
380017,0.05586077324487446
380018,0.10929080518369053
380019,0.015095449991052699
380020,0.015103929897739654
380022,0.013735782707854888
380023,0.11393791410214456
380025,0.02396735521461102
380026,0.07248537512180062
380028,0.08437925315563441
380030,0.08670657095791341
380031,0.05551934814186351
380032,0.03889224079751009
380033,0.011386062857130787
380034,0.08162685168878557
380035,0.010500748155917155
380037,0.02074589693081166
380038,0.10558341303208188
380039,0.30848314956476813
380040,0.23690910055970482
380064,0.057674980381698805
380065,0.03464971278269755
380121,0.038456894868883304
380122,0.05540375232676041
380130,0.05156239494828926
380219,0.0229046602107918
380228,0.15817116978219967
380229,0.02341493429954946
380366,0.010491998254014655
380408,0.04254911862646334
380414,0.015936300041185594
380487,0.027540868862865893
380488,0.029266173371550252
380489,0.026603205818191072
380494,0.03434061528433954
380543,0.03766203906564266
380553,0.02180629752386106
380600,0.009958346012401692
380625,0.07985668965048226
380635,0.035552807609242044
380643,0.07669354113453064
380762,0.04890802497058827
380773,0.12029442564192912
380781,0.12348835616813844
380785,0.15380456866425268
380787,0.0513913139550633
380788,0.041930580128020076
380789,0.05745135206362374
380797,0.03713743597383313
380800,0.04931343961753272
380802,0.059647868238043786
380805,0.06487433097444287
380806,0.07411435070574053
380807,0.48973788846816824
380811,0.05798265740954851
380812,0.022598016371888012
380815,0.024414537897724093
380816,0.03558628785062808
380817,0.14023957487877745
380819,0.14593921451833033
380823,0.010063564041822876
380824,0.06986603079088463
380825,0.04456492301665795
380826,0.10560096216815151
380827,0.24671677753232424
380828,0.10131909052801888
380830,0.017319205224486538
380831,0.0427665199168107
380832,0.12640012946590687
380833,0.012800693749423614
380834,0.01607528145953336
380836,0.1727943170364147
380837,0.02271495880348424
380838,0.10658474719605364
380839,0.010807328103968464
380840,0.12245400090067352
380841,0.04932655979331034
380879,0.017895511795393032
380901,0.011527376818325406
380928,0.09009945703487322
380956,0.025788574035169272
380979,0.05870018093290939
381037,0.011294056641100904
381047,0.10432522202683499
381074,0.024186057798075068
381104,0.0262584378552906
381121,0.1373984049430689
381130,0.12034887184600285
381133,0.020519627280497416
381139,0.011395239988613717
381141,0.15162941685037595
381142,0.016094910016567522
381145,0.00931311932554345
381152,0.014722051210846385
381153,0.09564612209614001
381154,0.19103242347052357
381156,0.025152968185303548
381160,0.046030291159162524
381164,0.44945218482940447
381168,0.02478025532861066
381171,0.04069001207743792
381173,0.06929605604004001
381174,0.1070552512736552
381176,0.022959513508405128
381178,0.21274536222825322
381179,0.038112618595205296
381182,0.07838124369703472
381185,0.011020927878927207
381187,0.09414929495522725
381189,0.02474914547545513
381190,0.041398452696500984
381191,0.0542828496547737
381192,0.14054670509388295
381193,0.04380788207520678
381194,0.01128735415050837
381195,0.04617549872632278
381198,0.013923736064350187
381199,0.012447784721637507
381200,0.05447434892376979
381201,0.1641643690078491
381202,0.018555381110316058
381203,0.3496361196095724
381204,0.27220008231179943
381205,0.02165859643998343
381259,0.03215770545482303
381288,0.04557040555279219
381289,0.1300470343904758
381335,0.04214729614479065
381344,0.035807327152859204
381367,0.025624490097402048
381376,0.010707136035781885
381381,0.11536089773801812
381397,0.013223808398663545
381406,0.0436067566841962
381412,0.039316894414197404
381421,0.17663784001829044
381424,0.026998087724521773
381427,0.12754648272294059
381428,0.2198333288089171
381429,0.04101331720986524
381430,0.023498634951583337
381434,0.25956732094532114
381435,0.022006432671697947
381436,0.05662425838262543
381437,0.016023054867517435
381438,0.10564642759861702
381439,0.10953248810706881
381444,0.027023517196094617
381446,0.010621074647222395
381447,0.17989737842953724
381449,0.5343192827255098
381450,0.016109632939875072
381453,0.17076935145290578
381454,0.08557879909964079
381455,0.13495713293845024
381456,0.20267876492616885
381457,0.05980342403318893
381458,0.016778464376803148
381459,0.06426846686084597
381460,0.024552253057871697
381461,0.06044025197693338
381462,0.1655647428876313
381463,0.06910569221072471
381464,0.20581054737550547
381465,0.013175770378622654
381466,0.19725770090932113
381467,0.1712065331572962
381468,0.07494290613437174
381469,0.2013994666581295
381470,0.07635846925953685
381471,0.16601175732374954
381472,0.03672743798176675
381473,0.013904423890448433
381475,0.05286528336457348
381476,0.01627524463792248
381477,0.06886513879439139
381478,0.01316306317903867
381479,0.09868415627164528
381480,0.14815232812568507
381481,0.010632559453061198
381482,0.017039974047110766
381483,0.10491750251112017
381495,0.032412554279934745
381545,0.014725049094566492
381580,0.049850387498842234
381657,0.24997814126891105
381674,0.0914174707213318
381691,0.01141600450058627
381697,0.04442582587915419
381704,0.06024515937977545
381711,0.1038137496247353
381721,0.11385336453574997
381728,0.0694046821050249
381729,0.010812354065203072
381734,0.02612617535229773
381735,0.04120402831582334
381736,0.04684853985764202
381740,0.11410183424273616
381742,0.31218894642270106
381743,0.20766479110151978
381744,0.015953013412950925
381747,0.02311149691948915
381748,0.18366969224276974
381749,0.01053076549830728
381750,0.10945097004239981
381751,0.017825446602892606
381752,0.14539134317166358
381753,0.11736479750917576
381754,0.22898382039225318
381755,0.1260365491154103
381756,0.09469197235957849
381757,0.015652138043548994
381758,0.020943214294838818
381759,0.054520878798898886
381760,0.02954568217746833
381761,0.2062909615438906
381762,0.014235040375298639
381763,0.04198528909709649
381764,0.15543901310403213
381765,0.18925736485611064
381766,0.03038113537960732
381767,0.041502625243878745
381768,0.057922234236423786
381769,0.03228421112880832
381770,0.027190267249894852
381772,0.03018822769249266
381774,0.027244415629768093
381777,0.040039669006802725
381861,0.022170569455633032
381974,0.09275283089982449
381991,0.044199451681190556
382024,0.08488284169349299
382051,0.07089240333213563
382066,0.014830267123987675
382067,0.01569763343489757
382068,0.03721881393724349
382107,0.029493553218049983
382108,0.07615655950846549
382111,0.04775894398008902
382113,0.011897707076484102
382114,0.04690853610512059
382120,0.039416853834320434
382121,0.051946347739335375
382122,0.07725950514673288
382124,0.09616531615698531
382126,0.037033426753720976
382131,0.012102646048954451
382132,0.12694353739890735
382135,0.07187355105602779
382136,0.01633242503818628
382137,0.011156318598290086
382138,0.019785389768440693
382140,0.13315663530456048
382141,0.1282755791273374
382142,0.021958339235830383
382143,0.050374389279090236
382144,0.1077548150873584
382145,0.05767962436869921
382146,0.15029754402687784
382147,0.1190913214237714
382149,0.16264527313280025
382150,0.08047592824092617
382152,0.1443289433710359
382153,0.02856914738741287
382164,0.35253968617536197
382180,0.07630993083647453
382239,0.16718217136615604
382275,0.06853556131297829
382297,0.012247603348303621
382391,0.05176256150624592
382392,0.21598726928489173
382396,0.19153709314351014
382424,0.010673249297003041
382471,0.21351357370056925
382493,0.015807712318847374
382496,0.05703010834790706
382504,0.056986173449190415
382505,0.14166873240951167
382513,0.011271119692338207
382517,0.20947315497157099
382521,0.11574761334669512
382528,0.010632559453061198
382530,0.09716327123311652
382544,0.19665234044852836
382603,0.3149558529896189
382604,0.039127065806650096
382642,0.03158489625818945
382666,0.04284791916657912
382699,0.017210551014798223
382737,0.04765943485162193
382792,0.28799298774984006
382796,0.012492002985096465
382807,0.02215167918477083
382813,0.14166503926157778
382817,0.2972136816426533
382818,0.11033914219530852
382826,0.028750933515052184
382845,0.027219183614172016
382846,0.0330023673247289
382850,0.1557756746969458
382851,0.11645004547961346
382856,0.04614959403469331
382858,0.022675374226354482
382859,0.08347679493970932
382862,0.01726356876816068
382863,0.024744599942719724
382865,0.019586497991712436
382866,0.03451274634948511
382868,0.04522007352114172
382870,0.012863858802106182
382871,0.10130559225037716
382872,0.08277025267263592
382873,0.12282596343387
382874,0.480126344690336
382875,0.010812354065203072
382876,0.06486079988164103
382877,0.07951855735643865
382878,0.049561571118645426
382879,0.11293826078927811
382880,0.00943657349431021
382882,0.054919249559579816
382883,0.02856914738741287
382884,0.02354798956049195
382885,0.10944013435960642
382886,0.03154741572855278
382887,0.09147567936119487
382989,0.01807649906735278
383009,0.11086164859966004
383039,0.06829215329067391
383068,0.011655969669666989
383072,0.016963143109932452
383093,0.060138545806806706
383099,0.2975638888860994
383167,0.019307415433560682
383168,0.08587351028224838
383170,0.07488155218201158
383171,0.12380007194445235
383174,0.013061374207935511
383175,0.017209358996518577
383176,0.09658393231709345
383178,0.062303684683621643
383181,0.12054991457455473
383182,0.1921933325298492
383184,0.02609763182440509
383186,0.06342236884520193
383187,0.015475330756996072
383189,0.009105751753725553
383190,0.03820346378373802
383191,0.02781153280020588
383192,0.027897528625848544
383194,0.011050573023482956
383195,0.041180113165675755
383196,0.016178576297236645
383197,0.042538438005060096
383198,0.012709161714174074
383199,0.012636887793344528
383200,0.040404517271089166
383201,0.06333615609365228
383202,0.26450293215023557
383203,0.031034631173038306
383204,0.17866313221811164
383205,0.024757894869823792
383206,0.05053043022168448
383207,0.011165901662917022
383208,0.02986334570333713
383279,0.07277568827723317
383335,0.09404924301128256
383384,0.07337151266646616
383394,0.012693280926529535
383400,0.07024927213042127
383401,0.010913042040821865
383409,0.029911297489696335
383410,0.014313509985655842
383412,0.07226853694092734
383414,0.04132616753069318
383419,0.03888481467261297
383422,0.02143906868910028
383425,0.009474445036562546
383426,0.03828688761338375
383427,0.17420158837907676
383428,0.14672931630985014
383429,0.07364790522358414
383430,0.14409442762671953
383431,0.10635740920457248
383433,0.6109766757355908
383434,0.041659270299763226
383435,0.02515886056092228
383436,0.06338809863664799
383437,0.035396570285340906
383438,0.018011092303988556
383439,0.04033240698459828
383440,0.022598158726361055
383441,0.012910721295434668
383442,0.05906287280441932
383443,0.009254483271318555
383444,0.011247598395939744
383445,0.04375345315146245
383446,0.08575505218598803
383447,0.02859002962617751
383448,0.06064289541046229
383449,0.009055558894031172
383450,0.04435245107347509
383451,0.014284663331736332
383452,0.010548105935612569
383453,0.04236745775343446
383454,0.05894980674339138
383533,0.026919455365936523
383583,0.05100724071183166
383608,0.06815612113234779
383622,0.08841612015119893
383673,0.12645731214153821
383804,0.05053923327841999
383806,0.056998264382117116
383812,0.04089602789185142
383814,0.014106353832727786
383816,0.11784846255253903
383825,0.16608173285110328
383827,0.05155107125107443
383833,0.0749385182356481
383841,0.020136336813011073
383842,0.06958669951532208
383849,0.06624240163247751
383859,0.025246704429986166
383883,0.05958005019308599
383891,0.1591947372248838
383910,0.037928031864489634
383925,0.019828886871790474
383943,0.20118298334090148
383946,0.20571803416995116
383959,0.011211070689723516
383960,0.09346028832925347
383961,0.013063242173036883
383962,0.01735862773403452
383979,0.06057531093684584
383985,0.040255161212163396
383990,0.013922029071675812
383999,0.039138125087484654
384001,0.1303851164565972
384003,0.01198230893630561
384008,0.04243345694115398
384019,0.2269659827390503
384020,0.051190596990791405
384065,0.131219910631006
384102,0.04800884096319225
384154,0.026610411621771468
384155,0.21190484672047688
384171,0.1047929929247678
384177,0.02399966792133588
384183,0.02231158274546478
384186,0.06484473421995984
384198,0.2823475366723515
384199,0.02368185898768961
384201,0.11442485001957965
384203,0.2143372350409951
384204,0.09836822191841296
384205,0.049127174461110076
384207,0.012607853436610101
384208,0.03642072678926678
384209,0.1123036418509948
384210,0.02599404552199277
384211,0.10909852078440314
384212,0.06397091541519652
384215,0.25445228399294784
384216,0.0557540134338532
384220,0.20343862182201783
384221,0.014043418192891465
384226,0.07286441713969402
384273,0.012925902519651328
384287,0.0384474698167001
384288,0.04240467144087824
384332,0.09539013071874716
384365,0.03915032872829098
384380,0.07713449311188347
384392,0.029626165754050898
384412,0.015936300041185594
384424,0.18551777613051482
384428,0.06002635264325897
384429,0.18524437096532984
384430,0.013224180191801571
384434,0.022877067279696177
384480,0.07121839476915794
384502,0.18918483074745823
384503,0.04036377417104432
384504,0.0575266053853144
384505,0.03853881835779143
384508,0.0172857061836176
384519,0.012934310164453688
384520,0.2639703212435812
384524,0.01220592819028418
384528,0.013374431082937215
384532,0.050197068195937576
384539,0.0327289297998052
384542,0.10950332851892228
384543,0.24669062011047874
384544,0.014098637925258454
384546,0.14015343508850941
384547,0.012126995338811015
384548,0.06704243007729435
384549,0.009885278347030213
384552,0.09353736338312837
384554,0.02655326950571419
384556,0.026101922840572896
384557,0.03660274689785794
384558,0.015069845816535666
384559,0.011319580301484906
384560,0.05394403145814715
384561,0.31456320068319193
384562,0.11800817635046354
384563,0.027113656576202388
384564,0.1038611120225184
384565,0.03340904791537732
384656,0.04097616133978984
384657,0.02529013125933146
384672,0.2640528910159981
384679,0.02843985495627315
384680,0.01281437974359526
384689,0.014291694470185135
384692,0.06134460210751436
384695,0.13515314132356376
384710,0.30344677016278665
384712,0.015051449923616868
384715,0.06328417573776549
384735,0.02361463917744739
384749,0.012211780452144088
384751,0.01735500148543875
384753,0.07642414749132989
384757,0.01651643387218025
384759,0.01890599317705494
384761,0.011011750747444277
384762,0.06435474027963994
384765,0.05926535686849913
384775,0.10883834698820608
384782,0.0838311701844933
384794,0.025006746162389605
384798,0.010747140535971415
384805,0.030910721047697202
384807,0.1261491260951958
384812,0.01166836875078741
384821,0.04266572535994744
384834,0.01744246870295659
384847,0.04373479018310892
384856,0.043134812566734446
384857,0.02489032320075666
384858,0.06627724559669225
384859,0.04622093406694404
384860,0.14881008045373467
384861,0.31671730275636584
384862,0.0391519076736977
384863,0.09327180252980208
384864,0.019507563691808654
384865,0.009055558894031172
384866,0.38155932546649574
384867,0.08047592824092617
384868,0.02961689700257335
384869,0.20898140077176017
384870,0.024523664195293483
384871,0.043191927178635695
384873,0.06373495727223209
384874,0.03997642226028842
384876,0.0965035201882743
384877,0.01620668851917335
384878,0.0313552085614628
384880,0.02131730954921409
384881,0.01447600694315181
384882,0.10984164786911806
384883,0.043668070410182155
384884,0.04771943893414017
384885,0.032772483912266344
384886,0.06387503673614439
384887,0.015819216686576765
384969,0.011022092604041068
385023,0.030641234242070298
385049,0.10977979152652442
385081,0.012778311175084434
385091,0.021360231421561952
385092,0.03661528618352546
385093,0.07231324344995646
385094,0.020744995095134118
385106,0.21423470528672883
385107,0.22791376526087576
385110,0.042951684876222224
385111,0.06326547663926536
385113,0.02841914323106131
385114,0.06532010429458332
385115,0.20994027908591079
385117,0.040052594978935416
385119,0.041999379923877325
385120,0.11483065911557733
385121,0.24160866236074047
385122,0.010812354065203072
385123,0.009242497232500198
385125,0.024654198955195595
385126,0.013514247718236835
385127,0.017411542999088415
385128,0.03368155826184639
385129,0.09144506773119433
385130,0.012084922365425082
385131,0.038548073149203235
385132,0.06629877014948474
385133,0.0916326382945434
385134,0.10003554043027918
385135,0.024229359064926452
385136,0.1609233853621045
385137,0.2211975328279087
385138,0.010910869604031724
385139,0.20097470471212478
385140,0.36109023216331954
385141,0.04705964673549103
385142,0.024730675375766946
385143,0.010416294638468524
385144,0.043621613941009954
385145,0.1242042926375582
385146,0.029777521430401153
385147,0.06280107922045561
385149,0.051786901450468804
385151,0.009804177408203666
385152,0.022282391511538113
385153,0.037773332596409484
385197,0.010576451771463284
385230,0.06256728849420215
385231,0.1547397176296699
385252,0.23406140345577503
385299,0.09947553573865076
385351,0.02564494379638607
385376,0.08031987667300439
385405,0.02298412617670282
385452,0.044614783203836744
385479,0.10455618207918368
385510,0.08100465257345908
385522,0.2392484752267901
385524,0.02794659742808272
385544,0.09331632234625585
385563,0.043804179692875235
385566,0.046310486190880705
385571,0.009378692084455643
385585,0.030935657602652683
385586,0.11631103177029338
385611,0.0161502967399904
385621,0.013613337834691996
385623,0.08341489567674554
385628,0.22194048017972828
385633,0.023078204478989107
385634,0.011027273992837898
385643,0.024916058271743934
385650,0.03685758675737048
385656,0.012910721295434668
385666,0.08908455035012507
385693,0.06691883570476122
385705,0.171608124496866
385706,0.03414157223364207
385835,0.009160776923452357
385847,0.07663890350092684
385867,0.21733204150492186
385871,0.06337426415741823
385872,0.03609652871509743
385879,0.010632559453061198
385883,0.0153152253557713
385884,0.06431905280041719
385885,0.041392035949491576
385889,0.030409711223054588
385893,0.06509356843895539
385894,0.05861995433359718
385898,0.06697415087798826
385899,0.05373285578283613
385902,0.013486584830130988
385903,0.035584318586216836
385904,0.0177824052434794
385905,0.061093089532084734
385906,0.030806192249122545
385907,0.05192653836264214
385908,0.14695997750831324
385909,0.02731229871597955
385910,0.03928131141760753
385973,0.024689409564079615
386003,0.18902235231195597
386013,0.009574839082506972
386023,0.020271782617568936
386065,0.010720354191230835
386072,0.13338105441598655
386077,0.18810574408486985
386135,0.03775236164067885
386141,0.011459517744415122
386178,0.15152089498536783
386198,0.17766319067944852
386200,0.012910721295434668
386203,0.1653068174053461
386223,0.047241955550746395
386225,0.009319807023621675
386245,0.0386924827323753
386250,0.012207864078375635
386253,0.02273141903078238
386254,0.09349685385442703
386255,0.07250441100730033
386262,0.05774358390150264
386263,0.017062535138002714
386264,0.009712507343270473
386267,0.015685926396349418
386268,0.034160637658311024
386276,0.08674536113606221
386279,0.12307311436512307
386281,0.07962983040373997
386282,0.01620858132094632
386283,0.06040061437893275
386284,0.01497936789184696
386285,0.049853666418679644
386286,0.04758333157138041
386287,0.027373244158646705
386288,0.09563589268805081
386289,0.4964789135828608
386290,0.04395931199562462
386292,0.053666904515536976
386293,0.05238221262515513
386294,0.045705283017908174
386295,0.316525349862314
386296,0.16483128311556974
386297,0.08224790749935246
386299,0.023629484328802942
386300,0.08465047028642106
386301,0.01157653237761994
386302,0.036999684970553406
386303,0.21857444152470062
386304,0.25844341306163626
386305,0.07002499762962862
386307,0.020152419977958948
386308,0.09731310744625499
386309,0.044603253978645355
386310,0.0869189509572857
386311,0.029105484113769738
386347,0.0922600958738169
386350,0.1154642602743114
386352,0.02991551285733541
386365,0.045959221991727826
386378,0.04059832530985229
386380,0.0863278244000488
386399,0.07922320370359302
386458,0.015129453127467404
386523,0.03150657062971133
386531,0.22015982998914502
386545,0.12102869649093415
386546,0.08391135901006493
386547,0.02800769232328486
386549,0.049265366720302496
386550,0.060809311155008636
386551,0.04318660139080737
386552,0.010896713208781737
386633,0.0730499659596073
386647,0.012323289479201745
386665,0.01205762470911913
386767,0.0752380345999478
386773,0.044230710999373805
386774,0.02646433486411618
386775,0.10598175912039982
386777,0.011013211971457874
386785,0.11531292333176804
386791,0.025603508314969076
386792,0.014918495532168622
386795,0.01882896045938673
386798,0.053450991590288634
386803,0.03703507829960158
386805,0.1788869950740467
386806,0.06278656597778415
386808,0.04486134443101996
386811,0.011426631343970296
386813,0.06866150658955646
386814,0.04436745808135008
386817,0.022329254630574818
386819,0.011858436345352361
386820,0.11339336596638172
386821,0.14750286345513566
386822,0.33768489089129294
386824,0.01668954100354007
386825,0.12154692602613523
386826,0.010676552014567974
386827,0.1691646620240125
386828,0.21263088420547266
386830,0.010431339464924031
386831,0.1706914579057674
386832,0.018539395208352898
386833,0.19468490129323796
386834,0.05451438005481192
386835,0.009467512412826982
386836,0.027308635134567612
386837,0.13097694183594377
386838,0.03052082217362726
386839,0.14294083696550375
386840,0.014804971910291611
386841,0.14363664890025377
386843,0.17856884982906235
386844,0.12522651435837975
386845,0.021986235726920367
386847,0.04323519708925875
386848,0.03078910538938743
386849,0.017138270571651106
386860,0.11256865495038744
386938,0.011154614325721738
386940,0.054478300904938694
386989,0.026447689559939036
387021,0.08591834171351725
387193,0.12079053230086885
387194,0.11189225007350719
387286,0.130306227159578
387291,0.015005867319555
387292,0.05230201283965409
387324,0.10446220886090038
387325,0.04012298181168819
387329,0.03565435305681586
387331,0.07124266291519993
387333,0.011927494203750343
387337,0.09758231222636102
387341,0.11597801002176811
387342,0.06894872014159878
387349,0.16398115919579648
387350,0.032003010268346274
387351,0.04369870375537524
387352,0.037024141571848294
387353,0.11253592744817509
387355,0.1065782581310333
387356,0.08553357038133767
387357,0.029634466914656106
387358,0.010416294638468524
387360,0.07708312452237914
387361,0.01753325920712479
387362,0.015410559871153296
387363,0.031074031574183016
387364,0.025862201482781132
387365,0.055758859739832266
387366,0.022276386966027177
387367,0.022025800378220932
387368,0.016105466426110826
387369,0.023082275272990456
387370,0.014896615500436954
387371,0.05474118545514237
387372,0.10380326482759508
387377,0.12278725875980842
387378,0.09686170020468476
387424,0.013865945021398129
387440,0.026662969654993412
387447,0.03265436827184321
387489,0.04698142520740196
387501,0.08224790749935246
387526,0.30698267713732774
387542,0.011748532470721924
387543,0.060897880700558425
387544,0.040489584481958066
387565,0.03898364381565206
387572,0.050087075721459914
387577,0.07467132021904761
387578,0.09235527234122701
387583,0.009895729008005009
387584,0.01867199570858939
387588,0.04477725480696094
387595,0.12360066489425856
387596,0.13312710888030793
387597,0.08110020054564246
387598,0.01525031206526927
387662,0.12739560224820956
387687,0.06373248628950601
387688,0.055715856787094876
387689,0.022133836846302418
387718,0.17719009268333535
387730,0.04134066047942476
387753,0.012244714499157903
387807,0.11341648589240343
387843,0.06535797308582221
387848,0.03525536508137066
387882,0.08041814977195819
387884,0.010521512667889709
387892,0.009359701300739742
387896,0.06214364913241257
387916,0.1031325450638857
387920,0.0195867012560552
387927,0.10452653267115875
387928,0.016994642900928898
387929,0.030640020584976984
387932,0.047709027472414456
387934,0.12716753417983168
387937,0.012353176414387244
387942,0.05316797424795476
387947,0.17366731545827913
387948,0.011227234661729087
387952,0.220436656455505
387953,0.03881124799459619
387954,0.04391882276162981
387955,0.13773964452705525
387956,0.07929926540029138
387957,0.1363541487118937
387958,0.10969264635140326
387960,0.010663622547610068
387961,0.07561658795525542
387962,0.06910722116837803
387963,0.20843835102665528
387964,0.13645840795026237
387965,0.0411274807972085
387966,0.04155329917874676
387967,0.022794270521849354
387968,0.0436067566841962
387969,0.012123410560927006
387970,0.06318951905654374
387971,0.17832156405653737
387972,0.01981935530022204
387973,0.0360043104557223
388053,0.13736400339178473
388056,0.03928678882589952
388057,0.12912227282436434
388078,0.052870356410104444
388079,0.014968947095420806
388127,0.026510642796020827
388155,0.07210602681159999
388159,0.018283842014267904
388169,0.043978559980409775
388170,0.09952346779169205
388173,0.022896004013005605
388174,0.022164165187621626
388176,0.043212917404436904
388179,0.03132544135242775
388182,0.09220929130499708
388183,0.020042694003442576
388187,0.07896989175650895
388189,0.025686672343837806
388191,0.014538261675253614
388193,0.06541855231815248
388194,0.04159185225376673
388195,0.027815455767706172
388196,0.018499791081096718
388198,0.01367768799339301
388199,0.2311671937622788
388201,0.2109252006653161
388202,0.11428977058912163
388203,0.11069272133693649
388204,0.05150547327788128
388206,0.07837975970649776
388208,0.028283477024220193
388209,0.025672753733377417
388210,0.02533686568760234
388211,0.020716033846030893
388212,0.03757591977142579
388213,0.045845128342319116
388214,0.009521027011758842
388215,0.15694557556647087
388216,0.06298425536476973
388217,0.06988749634995411
388218,0.05160363717373011
388219,0.015492699049501901
388220,0.19644594992124179
388221,0.07137315719069218
388222,0.045767113525358026
388223,0.011433116273160914
388237,0.3967333095408555
388238,0.0347142557170742
388242,0.013158538961057394
388243,0.05990241322061951
388248,0.06220106932227012
388249,0.1348492323384291
388251,0.1050714428292994
388253,0.20377306314475305
388255,0.030644991711660196
388256,0.10048065703177358
388258,0.02694461915744036
388259,0.058755113854798
388260,0.08271217991016014
388262,0.30289659171245603
388263,0.10259962651982846
388264,0.0127437707594279
388265,0.22865504353462768
388266,0.07597940342855722
388267,0.18992806744417934
388269,0.4217010572131629
388270,0.04587527609777414
388271,0.04927941001656441
388272,0.04344621835239853
388273,0.026320084911263968
388274,0.35723658374733297
388275,0.11461963372390646
388276,0.02705441130043299
388397,0.09498103632628971
388428,0.11038565828583975
388429,0.03181857692009263
388448,0.01583277440664118
388449,0.010676552014567974
388460,0.137631655702903
388463,0.14131896932757296
388465,0.12858902795765337
388505,0.12494469555235821
388508,0.10699957800526469
388511,0.01706537372280477
388525,0.0341254482806097
388554,0.04766470583334997
388561,0.22987922358159513
388566,0.04858451490383972
388572,0.010420762892014974
388574,0.03907981242690816
388585,0.018543259221843786
388589,0.012148287396169518
388590,0.06794646548491327
388594,0.03265030159243128
388596,0.09288107613022337
388616,0.14969924586001626
388621,0.03701853108562406
388622,0.09055896977147075
388627,0.028455966030164224
388633,0.04821843958327099
388639,0.010823540424588059
388647,0.07303895337851143
388655,0.05838150682009859
388665,0.0676029052950297
388667,0.0424018111660107
388668,0.015599884175438509
388669,0.171553284279843
388679,0.06268665182527408
388683,0.04849317092297259
388687,0.011938275563323612
388688,0.07443994900731998
388700,0.1070522550935323
388703,0.13433670324655816
388704,0.11904169184400928
388705,0.1244508959240628
388707,0.010791589553230514
388712,0.030452168971553572
388729,0.015729507777118984
388733,0.02588068079576829
388748,0.05352784406132044
388754,0.05514113868474609
388763,0.12689636375252816
388777,0.028949280148054878
388790,0.020027358387986298
388800,0.2670849281471467
388801,0.037856077920764945
388812,0.054897822842049436
388816,0.19996323438296199
388835,0.09438064685829649
388837,0.0390020219681692
388842,0.009415808982337655
388847,0.032382642095478906
388848,0.014247607661746672
388849,0.20533372657331977
388850,0.2590909996488038
388859,0.15577959467094657
388864,0.027116861504316015
388865,0.20884428316924275
388870,0.10585088785951946
388872,0.04470956054241281
388873,0.09050395932910346
388879,0.03761432860877659
388890,0.1365937987130374
388898,0.04034512914277687
388899,0.060583490922921576
388900,0.03568098436553733
388913,0.4141365355102307
388919,0.015745197171060456
388921,0.1515524852274039
388929,0.03448317392364811
388945,0.0752277466642759
388962,0.12157223425667822
388963,0.044885937655837156
388985,0.05550277765413329
388986,0.021067869411885445
388992,0.1391237195348989
388993,0.04982404500201425
389002,0.059491548919692105
389006,0.009574839082506972
389009,0.08244408997371032
389018,0.11206667196727949
389048,0.1236625330347324
389051,0.11412179633403592
389068,0.10035137347575562
389069,0.08368302039704775
389070,0.019453966572638932
389080,0.022365188269384946
389085,0.013365062390756372
389090,0.01956052141628913
389094,0.04867351521193701
389097,0.2007540741965655
389098,0.050147056890805355
389101,0.08496129227717034
389104,0.022721547831522006
389131,0.2637070330047494
389133,0.11865849442352876
389134,0.009052825685630383
389143,0.0957644558104869
389176,0.11980934042714245
389181,0.013548843227328267
389192,0.04409467794530293
389202,0.06095249059222765
389222,0.04220437867185822
389225,0.21456954549831647
389227,0.04718835528728549
389239,0.04485625700967906
389245,0.1875196980933073
389248,0.013530407901255637
389258,0.18458740045143235
389266,0.06210732849234283
389268,0.04603924600576663
389277,0.05339727158738798
389280,0.05647125861121828
389300,0.021827271535006847
389319,0.07283705511542947
389330,0.044400989105875754
389338,0.03061545657415607
389356,0.12839827537237414
389363,0.22944111551390148
389371,0.03338617114585672
389377,0.2735322740780142
389398,0.017365774392493816
389409,0.01901892711394546
389415,0.014431542170123487
389418,0.030968898082977665
389420,0.12472494980119124
389426,0.19257876223661713
389433,0.054455945243676564
389434,0.013480005555548949
389440,0.1362517867116523
389441,0.02621868677166168
389443,0.3582946363342505
389448,0.21136445231740172
389464,0.04358403406245241
389466,0.01755962275012626
389471,0.14508223842729945
389473,0.03028307383151386
389480,0.050148779027787624
389481,0.020311672626788436
389483,0.12952761492912637
389486,0.01761733713288035
389490,0.17408553960638992
389500,0.011895719547230652
389507,0.18084432756436297
389509,0.013074037558009807
389515,0.3006893265789894
389517,0.038167680947040976
389523,0.02219481845378269
389527,0.012781777334365346
389529,0.2657020342436546
389532,0.0548499615013755
389539,0.054675986068377425
389550,0.017825932302058728
389551,0.030625539780461758
389552,0.05608986088125538
389554,0.19020792383872123
389563,0.2769882473035677
389566,0.150060780149924
389572,0.015248408035379616
389573,0.04505583186608787
389585,0.10051483540642045
389587,0.022296935296364395
389589,0.03201879628302597
389592,0.010797309238747561
389601,0.2635919399370641
389603,0.017410698019480777
389604,0.042129645431740345
389617,0.056585830963708575
389618,0.10776669563137335
389619,0.027112251462508896
389622,0.02319001984343322
389623,0.025350635904821783
389627,0.027723662824302487
389644,0.3271955422044275
389667,0.012958663958951039
389678,0.22530204390136022
389694,0.020976812780544286
389700,0.05048120382999348
389707,0.010888070585281455
389714,0.009415808982337655
389717,0.05626775490273554
389732,0.03324145628401043
389737,0.07917346038750264
389741,0.04722774012420257
389755,0.10145830548173929
389756,0.12991395748169113
389763,0.1288846160550323
389772,0.22735939845040404
389777,0.014518585340826526
389778,0.06151344622602376
389796,0.04500077857617961
389798,0.01559388481624471
389805,0.0431401654861467
389807,0.09080409690074943
389815,0.030106802781459458
389818,0.10948103131457454
389823,0.016736540675990952
389824,0.01888428044735288
389831,0.010653323965033752
389856,0.235362013152867
389860,0.011797978581009443
389862,0.04808080080339745
389872,0.18855266271079613
389875,0.020132137608525544
389878,0.0653807473265079
389879,0.09389184506446982
389881,0.010117376112571009
389895,0.04156750621599893
389897,0.023525338594510937
389898,0.028316422541083908
389924,0.11980923058862922
389929,0.020570487617979066
389934,0.2579342757563189
389947,0.09046589266272387
389962,0.06221954233987605
389981,0.01073667150334726
390003,0.04863238311539902
390006,0.03963475342070455
390011,0.011551863384170939
390041,0.03943355364831289
390044,0.09115867010109878
390045,0.04308889519113836
390047,0.07675123669106473
390048,0.1567850708408844
390052,0.22721162603015466
390056,0.017890054813046882
390061,0.05669128736120308
390065,0.03476548763421986
390070,0.10191737345473995
390073,0.07648838879953505
390076,0.013770289430717769
390087,0.10544852394811507
390092,0.02702817138163257
390095,0.0847981180149797
390099,0.12499423391754214
390107,0.0748478282571898
390116,0.011049396296300553
390130,0.024081220551689236
390133,0.2517354578716673
390144,0.06769363834872912
390155,0.07827639605997229
390159,0.037841211971658295
390181,0.0761442066134203
390183,0.009415808982337655
390214,0.024148415316175804
390222,0.12951664763185072
390230,0.06030344685516118
390235,0.016567289228777905
390237,0.018125480775643202
390242,0.5306422979770775
390256,0.021276374990645202
390259,0.1630130821593128
390261,0.04225621222151705
390268,0.08762853105399586
390271,0.02983192769226608
390274,0.09612296696422588
390276,0.044223093839711666
390279,0.0479291997743942
390283,0.15337607485407415
390285,0.0267466761156273
390299,0.09513714138808936
390316,0.017122985490647745
390321,0.02798564259660912
390330,0.060167354016376316
390343,0.07853261747652297
390346,0.1807222674274827
390357,0.06644153359043573
390359,0.0790726980422376
390361,0.09748409140854083
390365,0.02029525793940711
390366,0.05868104008835544
390372,0.22077049317636063
390376,0.1259909849563611
390378,0.30033353597060775
390388,0.06377481604054534
390391,0.01809900880604215
390400,0.12934020713662267
390407,0.09533699579600646
390411,0.056612171533960656
390419,0.014990938287655317
390423,0.027446980482763596
390437,0.021499145128024266
390445,0.019350276494724865
390449,0.02550731549649405
390455,0.0601033459522753
390465,0.10341189253740087
390491,0.02121800984034424
390492,0.08961412385884639
390494,0.06202231802537785
390495,0.07310183461769554
390497,0.020075463274516044
390504,0.09367816651388751
390508,0.06196551982766043
390510,0.03705811416561036
390512,0.04091816396962583
390524,0.04981160538037039
390531,0.024984590593695198
390558,0.11815993121189569
390561,0.045850898502725695
390564,0.009424478660868886
390569,0.032074356356296276
390574,0.058019522602248776
390575,0.053173233174792035
390587,0.20694393086475524
390620,0.13708851811620223
390621,0.1043062186255251
390633,0.10381096305313542
390634,0.1609816724444444
390638,0.16101365278330193
390639,0.05966147521292455
390642,0.010536557494345218
390647,0.21123625721699968
390648,0.048427129070237246
390663,0.04402619347914916
390686,0.015165674423897279
390688,0.13759554334683505
390690,0.04041949819024389
390691,0.06168512583196898
390696,0.10576155071421371
390703,0.11854605326040484
390711,0.13273857809955514
390722,0.01547813566272103
390736,0.21450093831829467
390747,0.20808243269106969
390752,0.06247697219485214
390760,0.04790821922408436
390774,0.07171298311401758
390777,0.03411862137893403
390781,0.0245740938025382
390793,0.06770051192227022
390838,0.061202120467520146
390847,0.1955020088340033
390851,0.053446112013279215
390854,0.02261810399314091
390858,0.0328681996895999
390864,0.06705175644339981
390871,0.08704190851991442
390905,0.09388827776999004
390908,0.0633103393946424
390910,0.011739471415733206
390917,0.021006967767260958
390919,0.01586722834733352
390920,0.02951024141662052
390922,0.02309313720850597
390928,0.055677313889451664
390929,0.03080072210421571
390953,0.07213867520361651
390955,0.010356762882203345
390959,0.02501479971130353
390962,0.028247471708958832
390971,0.19204366733650502
390972,0.0874256138554238
390990,0.011416740575473252
390994,0.19790500714126466
390997,0.36959075934198604
391015,0.027902513474394312
391034,0.02791889736797023
391038,0.06658931407103959
391043,0.04148996166470868
391048,0.009443927319897185
391049,0.03885066622554875
391056,0.08122608210887329
391060,0.06828496952363716
391072,0.09716377518804216
391073,0.033074259325422024
391077,0.03106066643932323
391086,0.014954172307925381
391092,0.02482691632429803
391096,0.06778399728635087
391118,0.0859677420927835
391123,0.09475728952678197
391136,0.06250240790609285
391137,0.012887756033141707
391145,0.028539347595262148
391162,0.011337899127843654
391164,0.08957733793734282
391168,0.1846060507196587
391172,0.022866506014403907
391184,0.12296794308190195
391188,0.11567386414474042
391198,0.03615495101203546
391207,0.018980740712062065
391208,0.011950082785329077
391209,0.19332244616812086
391230,0.07903666660369747
391232,0.055150301269511
391236,0.05892921576005568
391237,0.19805754189709013
391245,0.04091987850199465
391269,0.030777129963286763
391274,0.037165227552890305
391275,0.17838743255738398
391276,0.037351483527995576
391279,0.11728375070956076
391285,0.040543244460457116
391306,0.01082557222065202
391310,0.04634472111876412
391321,0.009490385565058341
391327,0.048516425718901766
391341,0.2078152286594414
391350,0.025064692853183156
391353,0.011017957608151637
391354,0.016317696246296014
391357,0.03823522852601523
391367,0.3556559491923854
391371,0.05939014289209525
391384,0.07254146849453227
391387,0.023934076947243022
391388,0.11737715388932624
391392,0.021350727607142805
391408,0.011135026540931585
391433,0.017385203427484248
391439,0.05502303879050857
391443,0.11893416483518182
391445,0.01986162971624001
391449,0.08139998979711671
391450,0.054323590556037096
391461,0.124693477881982
391469,0.014316639257026257
391486,0.011352424715526567
391487,0.12928242864579195
391500,0.045501198514242044
391501,0.01831258143854294
391505,0.021594243147765986
391516,0.055473736732155346
391517,0.015386204031548514
391522,0.024029900732390815
391539,0.17428590388739176
391543,0.22894315659823264
391546,0.041708050428483426
391552,0.20305312623704186
391555,0.02710924215058504
391564,0.018426890485186368
391565,0.07034344625065087
391570,0.01794327096564424
391586,0.10030404737047002
391587,0.03818237934121096
391588,0.02033896588433812
391590,0.04143155910464548
391613,0.21333345372314075
391614,0.07374093171961457
391617,0.01054398365375623
391623,0.08948205062660924
391635,0.04867968203961785
391653,0.017053043541901743
391661,0.08454878623898854
391670,0.025735773132117057
391682,0.01544348284368601
391713,0.01114765696386643
391717,0.19910358376100745
391726,0.3014989211374828
391738,0.06357724564285445
391740,0.02537350311374339
391741,0.010249742568615137
391742,0.04352716988368409
391756,0.027557238394197086
391765,0.3625266068039065
391766,0.045497261172613435
391768,0.03441081424390712
391771,0.014257154931567723
391784,0.048594961648537834
391786,0.20424773549866973
391791,0.0437263513035411
391798,0.02924154088956979
391820,0.3153983027160193
391831,0.016145000309297018
391842,0.028425744574445085
391843,0.01504556058543347
391853,0.027080938108375707
391858,0.19125100706757978
391866,0.33388978508123
391867,0.015121740904185495
391870,0.07311974876583102
391879,0.09125999733564574
391903,0.04767543232732881
391915,0.07005523730533358
391920,0.009719723890755035
391929,0.12408203518813221
391935,0.03073553789157964
391944,0.009490385565058341
391945,0.1342658263061242
391947,0.09643197962042835
391957,0.046718302577628504
391960,0.10636839033928461
391966,0.08689735065468168
391977,0.014114113303414633
391983,0.03545692004796796
391990,0.07853114226033571
391999,0.022580966803276002
392010,0.012123410560927006
392011,0.016171367524195034
392012,0.03470974235812445
392013,0.013862448796248452
392015,0.015874608459135003
392027,0.11137187739215151
392029,0.05760939763503085
392031,0.028072304900209594
392035,0.013770289430717769
392042,0.009247823523567043
392049,0.028063846434906486
392050,0.07871459606888244
392062,0.04822293473973219
392068,0.07708653006374663
392071,0.04242328129314021
392079,0.02404115234552781
392087,0.022428039760451917
392106,0.11565067038386942
392111,0.01771368977166047
392123,0.056336000312221954
392127,0.19836809937218117
392132,0.09676578522848206
392149,0.12752189279474652
392151,0.03870266238014225
392175,0.2243847432785087
392186,0.13278824676478013
392190,0.21966923298368268
392196,0.1927747188061327
392202,0.04794389550119906
392212,0.08603352996345044
392221,0.06191973855809231
392224,0.21766179374344405
392230,0.02511706244449875
392232,0.026895972259332747
392234,0.21038266377387238
392239,0.05696943718443568
392240,0.12005007615116134
392241,0.009170029753869926
392243,0.24785531733986574
392250,0.02709261964350403
392253,0.025115934097302707
392258,0.03095916649163193
392260,0.050196709955429686
392270,0.2091119715440924
392280,0.0301988225869864
392283,0.019532649024431165
392293,0.026481206446520595
392311,0.07827969634933385
392316,0.04092369513647432
392317,0.08168287163522248
392319,0.11648686592536484
392328,0.04423024389936266
392363,0.05330364724579084
392369,0.03277505537456806
392371,0.04150525794374527
392372,0.06288776654712536
392386,0.05778785542451278
392389,0.11350766582869867
392390,0.11385539531767926
392391,0.312865841431076
392398,0.017065866682623245
392399,0.033424451302597094
392404,0.1892018155681879
392405,0.010515792982372662
392408,0.20187291707523575
392422,0.047751509130506374
392423,0.026848436771913183
392424,0.10433392386429571
392429,0.03920173399528211
392430,0.12164705327108723
392431,0.10132530246601383
392437,0.011395239988613717
392450,0.014280999837775121
392458,0.020596672941614685
392460,0.07421802369560351
392469,0.1055924656196094
392474,0.04124951114703153
392491,0.19143350347724047
392495,0.02238913069566421
392513,0.2858350488220229
392526,0.09144506773119433
392527,0.232607434265184
392534,0.041227249715937025
392540,0.2895266024912721
392554,0.12045619237242822
392571,0.03848602289172006
392578,0.10396921682986507
392583,0.016450562492286748
392588,0.19085771516984512
392594,0.07327233487443864
392604,0.010074772067511211
392610,0.2739699866692432
392613,0.031740943810587334
392619,0.038103094692327436
392622,0.15867371083837095
392624,0.018392903731112815
392629,0.3105964460119205
392634,0.06867450266949311
392639,0.016362131061433624
392649,0.031682058029022235
392671,0.1267484509867179
392680,0.20699700602607987
392682,0.009771006119392956
392684,0.03880554791914399
392685,0.12216432921658807
392686,0.22737564477362443
392699,0.010660677790620725
392704,0.014354084172339715
392709,0.060028242720626165
392714,0.2150926415817469
392717,0.0144957107688698
392727,0.04567233618678196
392730,0.060525821185131314
392741,0.03848497302151229
392754,0.010803617067832826
392762,0.06987060829241254
392774,0.017044849256241546
392775,0.043368742249717804
392793,0.052480282079589435
392800,0.06368484068439599
392809,0.11973000918269731
392812,0.021715739486841183
392814,0.048793418268638096
392820,0.08160350163903547
392825,0.015600535941993668
392847,0.08914161113458538
392849,0.21654443366604198
392861,0.1642663272858429
392868,0.14138581167346018
392880,0.24698954968189998
392882,0.05708862851241753
392888,0.10384042986028316
392905,0.02446533028208365
392909,0.21188645533824277
392915,0.11319204923078381
392925,0.027584714276472078
392931,0.01921961001420519
392933,0.027963437737939863
392935,0.06537657906284508
392939,0.05757138131094851
392951,0.02136502427542832
392960,0.012932041039384033
392962,0.06260014186453276
392964,0.05022480305944109
392970,0.01435146525628134
392980,0.046532208698137074
392981,0.09671663111235593
392985,0.022862280705881182
392990,0.02801001664156577
392992,0.21156648756194377
392998,0.07231721354334836
392999,0.06052370045897397
393007,0.01444835671415548
393009,0.06570742653640613
393012,0.07747260347728961
393014,0.02273141903078238
393015,0.05859920238847024
393035,0.11435325002629329
393055,0.012730336412919766
393056,0.08493898175262712
393075,0.021958339235830383
393078,0.0103775273941759
393094,0.037505285814040515
393111,0.06629357416650955
393115,0.03952594363853369
393117,0.13720021036155877
393118,0.041068667352635244
393128,0.20394037128355
393129,0.018868329284243042
393136,0.04458611861082017
393138,0.040797315148706784
393139,0.18005269292237716
393156,0.03406985627117523
393159,0.44648244005078874
393168,0.013627308885125597
393172,0.04295283045713842
393177,0.10218170860889082
393189,0.0090811715214811
393194,0.19605840526909854
393201,0.011164133388767119
393202,0.030968953939902667
393209,0.018405025619585087
393216,0.16760313495104706
393218,0.11944062738681671
393224,0.03995904412691176
393227,0.04645794317690644
393232,0.04706847310364913
393256,0.04722774012420257
393257,0.04662177372449675
393258,0.21754382179645684
393267,0.04254048387976784
393269,0.04816006461340647
393275,0.07442594407547591
393278,0.04667794051670349
393279,0.17428562221108676
393312,0.11083097176620509
393318,0.040055023838104234
393343,0.034120043123091796
393351,0.058115320132464766
393356,0.011339304806902241
393361,0.09250817756108806
393370,0.1023335320041043
393381,0.04146558210241479
393395,0.10859246929479324
393405,0.024504914610790823
393416,0.04446642524168605
393419,0.019226722567665215
393430,0.11596659056553973
393443,0.054809726854586405
393454,0.3666008240126736
393478,0.011186666174889576
393489,0.009267077464744653
393499,0.1093107856263091
393503,0.06421238015686563
393505,0.15062255203765607
393507,0.03134537197148777
393526,0.08585500971791397
393537,0.022814215788629206
393543,0.013285170263170415
393555,0.03573642069148752
393562,0.029515623451578703
393573,0.13062144473642562
393587,0.24841535994895536
393591,0.07274503445516678
393606,0.020653635931791137
393621,0.10784072677703656
393624,0.017167119018905844
393625,0.22994145456732099
393628,0.11181751517938063
393633,0.030654292143879824
393641,0.06140768871272291
393642,0.03499526350211438
393650,0.01605205339713018
393658,0.13396286615096514
393669,0.016295974844466158
393671,0.07926382144847681
393672,0.04112220642030144
393680,0.015826935409481605
393683,0.3998327593066429
393684,0.08332865897302896
393691,0.014830267123987675
393696,0.02146406486558085
393699,0.023100650265246152
393708,0.04494695361099892
393709,0.11976650041370922
393711,0.12061452701035351
393720,0.1478746053971392
393738,0.02490888775247621
393740,0.04391329088482722
393762,0.010471233742042101
393774,0.013922029071675812
393776,0.02892411939867175
393778,0.0627344058991896
393793,0.04393161898771109
393804,0.08937660588245908
393818,0.2468317194062383
393821,0.022451873843083052
393822,0.01445715596018422
393833,0.23126364210739264
393839,0.12706649688135385
393840,0.15220188953689087
393843,0.017463902878646312
393852,0.013282831852672075
393855,0.014474988487676047
393860,0.15657786048582004
393864,0.09680639666248413
393877,0.08587301698612224
393882,0.11224259126555373
393884,0.07432040176703772
393886,0.03151867896172722
393892,0.019265220026903875
393894,0.010930991033254029
393902,0.038317702675288945
393909,0.145751061701395
393910,0.010338998530798369
393911,0.018769725557967173
393934,0.017490921973825978
393936,0.19667213413640894
393939,0.1118039367992266
393940,0.024699045441565082
393943,0.022170569455633032
393946,0.1223285144226394
393950,0.017810260186314056
393953,0.04762289345809839
393959,0.3049157722444576
393974,0.18397109225024694
393980,0.13343271329551779
393983,0.029162376763106873
393985,0.04424124159399582
393992,0.01688579092171068
393995,0.09351670855905372
394008,0.24610375237818854
394010,0.09157187023856367
394022,0.019534468367595016
394062,0.02268589403090801
394063,0.05454326405204531
394066,0.04841726871461131
394069,0.07248194307445935
394071,0.03342425728173579
394082,0.016517819637361753
394087,0.09753281822057436
394095,0.015183510633622074
394097,0.1812762529164354
394106,0.05609735184489888
394113,0.3498591877942365
394115,0.13916352143384583
394125,0.03207521090891605
394131,0.03726271674075329
394132,0.0798412092562462
394141,0.10382378994993391
394145,0.21252721988760975
394153,0.34238929885131153
394159,0.0178747191975906
394180,0.01730273028975441
394186,0.04597249312971931
394200,0.08435051140514496
394203,0.024489595420666293
394210,0.02443536030098391
394214,0.15367710554615246
394218,0.12720063235833964
394231,0.05022869776607127
394240,0.13737956403275278
394248,0.10335954170937675
394249,0.012465256677694743
394254,0.0760105813717994
394264,0.036935709983174705
394267,0.04596584330198224
394269,0.14241046966192566
394275,0.048459490393594075
394289,0.01346137340715842
394295,0.026298674546771407
394305,0.1194004324096964
394308,0.045897465574120354
394317,0.01020573203736975
394323,0.1935905235060946
394332,0.02040613452191973
394336,0.06507968161617128
394345,0.3175794888207335
394346,0.04803514653125015
394347,0.013026420944324397
394351,0.06710695732148657
394355,0.2026955886838407
394360,0.012994470072966852
394372,0.10435818034992643
394373,0.10968173079739925
394374,0.024580969496693177
394382,0.14311537062421584
394385,0.08126650178989839
394409,0.21292678523805142
394415,0.02962499640130132
394433,0.03789079221745399
394445,0.03322636660719621
394448,0.06279731651321659
394451,0.1254715841149208
394467,0.054595134639189434
394471,0.023138268064336935
394473,0.12613120553298973
394474,0.04548752685976328
394476,0.08775377714100599
394492,0.011104940253131173
394502,0.027484650545237438
394506,0.10330437795227651
394510,0.021762227440342084
394515,0.014759750857489215
394535,0.05161787249266504
394537,0.2644024000730192
394539,0.09677023900483761
394541,0.05163367223332482
394564,0.0740941905805789
394567,0.039543450729429754
394568,0.03423553543322807
394571,0.08497642846786271
394576,0.01843828702869774
394579,0.14606020473241701
394585,0.03289229640192608
394588,0.013211628802044462
394606,0.029902189149642256
394623,0.013169335537483695
394632,0.07345893967839824
394635,0.12243916471206603
394642,0.01421157186214897
394653,0.04680398169133916
394689,0.016582918956873863
394695,0.057578277879884635
394699,0.04726398886355088
394706,0.11738715822518449
394712,0.12757573633315036
394721,0.4945250829810566
394722,0.11735745532647072
394739,0.015410129825491564
394742,0.2194597676819106
394761,0.10000091781716222
394775,0.05233159464250693
394777,0.26680582399800645
394783,0.055038408578508856
394800,0.0932984035909646
394803,0.023057177504126773
394804,0.3233662953451585
394815,0.024244971087729363
394835,0.1220760491249081
394843,0.24629159592456024
394845,0.11195349348171837
394847,0.016983120280797088
394848,0.09433490400886493
394850,0.04603252571623498
394857,0.03317679798589794
394873,0.15613455898048562
394892,0.07297681148877551
394898,0.016799756618984286
394904,0.05666994628405701
394918,0.15245075550912732
394920,0.11184591788393501
394926,0.008999451212433259
394927,0.02850451689073189
394940,0.027872271498725603
394942,0.015523063762382083
394943,0.1122814484898769
394959,0.043427405168469706
394977,0.12656019888224526
394991,0.12084506585523383
395014,0.3015469694043751
395027,0.02033896588433812
395042,0.1665995814573398
395062,0.11155868230300106
395063,0.2975722557397901
395064,0.02331979467379459
395076,0.07092732886369056
395085,0.10842534606212295
395095,0.03227473265900681
395100,0.05756283282351543
395105,0.15181656569789584
395108,0.021762227440342084
395110,0.113196284426062
395114,0.12510871537532883
395123,0.08096452733331166
395131,0.057968072344092826
395144,0.04145787963460914
395152,0.17330144955233867
395159,0.07297230588563117
395166,0.07820480849545858
395197,0.029209504648019552
395210,0.02745075507293742
395212,0.024961016577354844
395216,0.15507935204222412
395218,0.0646787333820665
395224,0.02575754989216167
395225,0.1918302997829199
395233,0.12282552439815549
395237,0.012074203081604585
395246,0.05873593600942658
395248,0.25330452770433776
395262,0.051194044597834866
395271,0.017020947048360806
395275,0.03959475969075592
395286,0.03703090528578304
395316,0.1009118100221829
395318,0.21938822346551023
395328,0.0935117049377713
395334,0.04230398613629593
395337,0.15982017855991848
395338,0.04090034713620413
395346,0.07702743617361144
395365,0.053412466724455196
395373,0.08172655202407947
395383,0.387098852313141
395387,0.032239127217916164
395391,0.009909395437624851
395401,0.1127629946111119
395432,0.013304938190848933
395443,0.011537456988177621
395447,0.022115543178223236
395448,0.11390851345836499
395450,0.01568480234627053
395456,0.03763962465891576
395459,0.13824066877665805
395462,0.0428817582318223
395488,0.20454521838933362
395492,0.02016921398217439
395495,0.040412420258676224
395504,0.09955466494209242
395507,0.029075997330351468
395508,0.12709449246185628
395509,0.04675048227629121
395513,0.09126793924195865
395515,0.08449087176398375
395517,0.2440056230138848
395520,0.1329956264426891
395524,0.0271896824821105
395525,0.017542702529677302
395533,0.029484038936488106
395538,0.027288538749749142
395545,0.017019500579193558
395553,0.04047012735530901
395576,0.15877826014139554
395585,0.03516368323654191
395590,0.02446709811236068
395593,0.039780684729332896
395595,0.02510023398521129
395603,0.04823910676389453
395604,0.09714670224718508
395611,0.16772215255245468
395612,0.040164474392198446
395617,0.013593234475944377
395624,0.010653323965033752
395653,0.16569923060187244
395665,0.048771061477423286
395668,0.0742080646741459
395672,0.12680947165402767
395677,0.045252168481951065
395692,0.011002496875999378
395693,0.11872489108169322
395694,0.04021556941088248
395696,0.0703242588253135
395699,0.020532364866242915
395703,0.032855521835239876
395712,0.03524045605176378
395731,0.022041135993677213
395732,0.027336903325261164
395735,0.027418371083459004
395736,0.024537856974848577
395744,0.13296214037430354
395763,0.028026322146418692
395771,0.01147568090119638
395774,0.019626870026818434
395784,0.052346669530105264
395790,0.05010625428421578
395792,0.48639531806162306
395796,0.04670591983611301
395808,0.0938693269721447
395810,0.1062807872770501
395814,0.18128172092050063
395831,0.07980478937218205
395836,0.022041135993677213
395837,0.019689335194381725
395852,0.06536597106785141
395854,0.010653323965033752
395856,0.028721161144555325
395857,0.051993034555062566
395860,0.02176287619652199
395862,0.017628620398665286
395875,0.031666222732131336
395880,0.019032191604119814
395893,0.15291623612501634
395900,0.01744187674248888
395908,0.07493851009312587
395921,0.3945173574895094
395922,0.012243223512779334
395926,0.07620201160077719
395933,0.014766360691505203
395936,0.03725773815587986
395940,0.03163821229495118
395951,0.11553561547024768
395964,0.013368406110491938
395969,0.026966785037931706
395971,0.0247659094389083
395973,0.04401471871975183
395975,0.1093672031300152
395984,0.2270140789351216
395993,0.011227234661729087
396012,0.13841269316434285
396033,0.18367186168977953
396035,0.06390206635358951
396036,0.09482617251973768
396041,0.050196653066901444
396048,0.078575580133955
396049,0.03947840533795953
396057,0.05506989493542226
396060,0.05791200213455222
396063,0.016607236284836645
396078,0.13723807203629731
396085,0.1392544541940178
396087,0.018512477754469105
396094,0.054078145835487576
396104,0.022252573687102123
396110,0.038066826412697714
396123,0.2121896338394428
396139,0.0491615736233698
396160,0.02654095190982562
396165,0.05267447664850985
396169,0.19096067812035855
396182,0.026038520941378717
396200,0.35040599569513087
396201,0.013057405712803172
396202,0.03186383905070637
396216,0.1064622583972131
396227,0.06015327845951986
396236,0.026024074800228687
396240,0.18542438142908096
396249,0.011025812768824302
396252,0.027188162046480408
396253,0.13731565385676506
396276,0.05258476405992655
396297,0.043255934523027666
396301,0.009594158045247346
396310,0.01130869938981634
396327,0.07324557612938648
396330,0.024292053934184443
396331,0.08277024038665513
396334,0.01258603610644011
396337,0.03003131300470755
396343,0.066670782322739
396346,0.04529194726888205
396350,0.2587828093308475
396368,0.02875962392736675
396375,0.26490780563634564
396378,0.0399251991158806
396380,0.09119132114317878
396393,0.01633242503818628
396397,0.04362093019692227
396403,0.030272262315816072
396404,0.24856429036461397
396408,0.03722521364699108
396414,0.057063181627695234
396418,0.38252222608727593
396420,0.02683305069215659
396426,0.05648976281041431
396428,0.03764559602757507
396434,0.18746000890149953
396435,0.023385308375849075
396437,0.012123838088690551
396442,0.019421898096330582
396444,0.017070344027544104
396449,0.015187675733637902
396453,0.09215896635921855
396464,0.046882677050768234
396474,0.03038609574168873
396483,0.02654095190982562
396496,0.0747731937255941
396501,0.04841017901940718
396505,0.031805474901217386
396506,0.011941320337935355
396512,0.009415808982337655
396513,0.2083649450068692
396518,0.021958339235830383
396530,0.10657313921105285
396542,0.09075165745775311
396549,0.013489182687031878
396553,0.03103364559459617
396555,0.23405939955868993
396557,0.01858514555395801
396562,0.1144380890940511
396566,0.029689683210415364
396588,0.14386457181230913
396589,0.07398675295436549
396590,0.1330369143165153
396597,0.011294056641100904
396602,0.011395239988613717
396609,0.2211566505107291
396614,0.27412558929614905
396617,0.10931351821503163
396620,0.11972266751671659
396625,0.38093650854631655
396638,0.04848924423409305
396640,0.0628002986547679
396646,0.06423682724422046
396648,0.04363835281419341
396653,0.046105060875354806
396663,0.06021381019153921
396668,0.0433996045319817
396670,0.10277220294627376
396678,0.021845024198188918
396681,0.025555398120699485
396698,0.017803127875820335
396699,0.12743401741111426
396710,0.06479622689768454
396713,0.11558699211951229
396729,0.055649675056111014
396732,0.1370199031182439
396735,0.14635415557969428
396752,0.1157541846540517
396754,0.03640865532252157
396761,0.009877665039502163
396769,0.08757612992975475
396777,0.016349807504393632
396789,0.1542133901698589
396790,0.0154558989017247
396792,0.03328614255253694
396824,0.1142773957563707
396829,0.013770289430717769
396830,0.013791206867737596
396844,0.06605975276325968
396849,0.027137646543783277
396855,0.29623384890551296
396864,0.1273541677821785
396865,0.07895314903443466
396866,0.020849747727279433
396883,0.03385476934682871
396889,0.15552906783841763
396893,0.02482894864809785
396900,0.09351670855905372
396904,0.09852521484974204
396912,0.022191429388106736
396916,0.011186666174889576
396922,0.010982591971332485
396926,0.04085827074180258
396928,0.04526047536935405
396931,0.12598087358496143
396944,0.04051651114543432
396949,0.07104372350132428
396952,0.14825177456869612
396979,0.13602810740884325
396984,0.009804177408203666
396986,0.019047282185968274
396992,0.012007935116333008
396995,0.5489823914919382
397014,0.04942642965527574
397025,0.022535307235294084
397046,0.22465175633103715
397047,0.03377756022590871
397051,0.036572905348692106
397052,0.04473860001591249
397058,0.03833955661894139
397071,0.015569094371464013
397081,0.04514076252128524
397084,0.01350452990581979
397086,0.2121846398580046
397088,0.0981202358065994
397090,0.20322515987870848
397093,0.09519842817816478
397106,0.015661696665588202
397109,0.28703460658787744
397110,0.0896525441892098
397118,0.011359175534579909
397119,0.05373529325539415
397120,0.013968862374669008
397127,0.04196407719718326
397128,0.024266031802485533
397129,0.055814479620461196
397132,0.04081945933215238
397138,0.016628295432308503
397139,0.109203461975136
397146,0.15089771355170864
397148,0.21517328873843602
397149,0.14079216082597915
397166,0.04227568769976385
397167,0.14837491548736106
397168,0.022719840483054577
397171,0.034271551992341207
397178,0.13868113016590167
397185,0.017483102152913342
397191,0.055748782231207904
397195,0.03746763214151034
397197,0.10587331686428123
397198,0.04118679683249306
397211,0.04578697288337093
397213,0.021958339235830383
397216,0.01986162971624001
397219,0.15602211616360653
397226,0.02817856986799369
397241,0.04200641609351028
397249,0.09399956324018269
397261,0.03150093604797849
397265,0.020856727174561877
397281,0.013561868542040903
397304,0.04017707512895841
397306,0.054647804615159765
397325,0.09950550969227002
397327,0.013118590369242358
397345,0.44612339260915634
397360,0.014608288104434245
397378,0.014600928798290983
397383,0.11061226578841861
397384,0.04300668659774211
397399,0.09554660008076302
397415,0.0208384161547705
397433,0.009145948881610244
397444,0.20104575984866488
397452,0.2656444572462407
397458,0.040320937060561786
397460,0.04383473723960306
397462,0.03915196403208319
397464,0.021976159357701246
397466,0.4651731463326011
397472,0.012768571868491322
397474,0.02682002630227053
397476,0.11535072876101171
397482,0.2924716747180168
397492,0.2614617972913199
397494,0.008894233183012074
397501,0.05863762420615119
397507,0.20281280963710233
397512,0.16987958738124406
397513,0.030733488215553162
397517,0.019059416569467715
397533,0.05949544809198226
397549,0.20299742620095426
397560,0.0424134191501898
397562,0.022824467323221298
397570,0.09934040706493326
397575,0.012111675830022648
397584,0.0973861080310952
397585,0.011185103973065687
397593,0.02104957225087873
397609,0.12446799455399589
397615,0.011352424715526567
397630,0.12652826705005374
397631,0.024333852709853932
397633,0.11859607409303967
397641,0.01734687570892913
397664,0.019265220026903875
397668,0.009443927319897185
397674,0.03786632616383688
397679,0.09224228087556094
397681,0.10384047025266366
397694,0.028740199501135412
397695,0.050599867834437165
397707,0.2001320447419776
397713,0.013736118628593507
397714,0.049128491274681024
397715,0.04726138629897384
397724,0.03263907153583167
397726,0.2551481277859959
397729,0.015391084425746025
397739,0.011523394966797596
397741,0.01166836875078741
397759,0.04407578174396384
397761,0.013692905319734952
397767,0.1192399011650495
397776,0.19945704659563127
397782,0.23375074024392722
397785,0.051781605454190395
397789,0.018505136470107632
397793,0.05107284004343684
397794,0.09990671492658601
397804,0.04397319159679337
397815,0.04442445324857519
397816,0.04244966397431954
397825,0.04066381546158865
397857,0.05186564288504778
397861,0.07075197877352171
397890,0.03681453167624733
397891,0.3661894528129245
397900,0.06161260995212135
397903,0.05812325718092219
397911,0.016307475577456418
397925,0.12064653764927938
397928,0.045198652273845744
397954,0.011086323965054363
397955,0.0095374027094465
397962,0.07508231290007954
397971,0.058967393282091204
397975,0.08545748525899945
397984,0.09054048895240359
397989,0.009804177408203666
397993,0.04131107239589754
398004,0.01762491365099433
398032,0.3376332057752172
398038,0.029419652259513013
398043,0.02247323990428863
398046,0.02856914738741287
398051,0.19838290513998275
398061,0.01328688699995544
398082,0.04352505878692637
398086,0.023513007332281212
398087,0.08360182918593537
398088,0.0467460286378023
398093,0.025817510161145037
398103,0.011452134888696282
398106,0.05770842349980654
398109,0.05766817614921861
398110,0.011750448864253466
398113,0.0448391396001135
398116,0.11352417594442148
398132,0.03932752952528716
398135,0.042347287768816994
398138,0.029165710072580082
398159,0.06214553173678526
398163,0.1899368077492883
398165,0.06505274516668007
398166,0.14027208500412497
398173,0.062363940656160154
398179,0.08094793042629081
398181,0.11314486639012811
398189,0.010838606697618674
398196,0.05924537492085806
398206,0.13795150868518355
398208,0.10511492224656531
398220,0.059019821601700516
398231,0.023571003966067074
398234,0.2791735770743236
398239,0.03271089221341168
398254,0.008894233183012074
398260,0.07310200908208032
398261,0.010933806552794419
398269,0.25522657895759415
398274,0.02745293225586302
398279,0.019972952221320735
398280,0.07329184190816765
398292,0.0825657610645379
398293,0.08941526084522508
398295,0.10201406154437687
398329,0.03721300593477569
398337,0.07768113370131144
398344,0.013835484697480726
398347,0.024192515432494354
398348,0.5025645910167982
398352,0.009275247783291111
398355,0.12151154440166348
398360,0.1493876851921714
398363,0.055293944444818596
398368,0.0590587922804926
398373,0.28563699968943973
398377,0.06525369807253019
398384,0.01966873923282348
398389,0.03844422422005238
398394,0.12240684775069269
398397,0.013283455311088214
398400,0.056992138052620156
398409,0.016682633014146284
398429,0.04970586432522535
398432,0.08868723140413994
398444,0.3745090624634212
398446,0.29070471020101796
398456,0.014102089535102402
398461,0.024911217386070394
398473,0.017455155396427717
398480,0.02498362217796794
398481,0.13510394692687272
398485,0.1821768191465576
398488,0.32162946726418495
398500,0.05436945152513659
398520,0.08861454407250277
398524,0.054252415625028624
398534,0.04529318567373629
398554,0.011279011814645395
398572,0.15612964010395844
398580,0.033421187956469686
398586,0.023706451682328895
398592,0.1827884495647794
398606,0.0762000979187223
398619,0.0602533196228372
398621,0.052157106175377964
398625,0.05803579582514888
398645,0.18963119651718371
398652,0.2987119308748988
398656,0.013806153935948326
398661,0.09499965635329646
398667,0.017856627187413616
398669,0.07421212234262621
398676,0.027519495795506277
398690,0.019427096907781292
398699,0.10517578406945796
398715,0.07983864293801929
398718,0.010720437045177096
398721,0.01771326494545284
398729,0.042923653466759075
398737,0.09855654914883868
398738,0.017503985387931468
398752,0.1136379892434664
398757,0.06922089105848128
398759,0.02801750656410367
398764,0.13510521684995758
398771,0.060459545736968726
398773,0.04331107598656202
398775,0.07494290613437174
398779,0.12419325758288624
398791,0.2031707770324258
398807,0.21481602736448072
398811,0.042464281340525524
398814,0.09214998606066052
398817,0.025944004431309613
398829,0.02215374085844037
398830,0.033673432625942266
398838,0.01783224143422371
398839,0.1506842112933297
398841,0.1016940572581222
398850,0.01900314949519858
398852,0.013551865606136563
398858,0.04344678857557807
398859,0.07966248308468613
398862,0.12185140794790536
398870,0.08620123233691403
398875,0.06902238186092702
398902,0.013252128453865853
398910,0.012403176395099861
398919,0.10868945973784767
398929,0.04984985395607337
398935,0.23074633932002805
398940,0.07693105068523164
398953,0.07893744450358438
398956,0.04583292839494621
398963,0.01604969245684497
398966,0.1144172368853827
398967,0.09160898399082194
398968,0.09295896825098873
398974,0.04550136636409751
398976,0.040976818133992884
398982,0.033819520934127
398993,0.0545645724089112
399011,0.08161930051540946
399016,0.1193872966377439
399017,0.05796081335620842
399020,0.05984459829382256
399047,0.17376901590854926
399053,0.47481304845515904
399056,0.013540951105021076
399061,0.07774581140848062
399066,0.213496530843379
399074,0.025542235354921655
399086,0.056462208032589854
399088,0.12334571833188399
399091,0.11231531292629357
399092,0.06411394961800036
399093,0.03521114979348449
399100,0.014071727389665712
399124,0.0393303406199432
399131,0.1358009008227092
399142,0.042455049866813484
399149,0.022932213583288313
399158,0.19810771228797375
399160,0.011271119692338207
399167,0.016820257646829755
399169,0.11458827095919433
399171,0.009275247783291111
399174,0.09071839459549637
399178,0.19905849417939053
399179,0.2725204094380845
399184,0.05978340941917883
399185,0.021438896415397556
399186,0.0765206525954485
399191,0.021762227440342084
399192,0.056661609342761134
399195,0.35645604709217765
399212,0.11352931456606952
399221,0.08277008392859506
399223,0.21127853016827175
399230,0.17566951875270953
399246,0.08815843361113848
399260,0.05919879627706577
399261,0.0808589542982624
399266,0.01819098537302794
399289,0.03340963226277238
399293,0.041887968238875355
399299,0.013979825999385876
399306,0.011329162130473408
399321,0.02534532393811404
399328,0.021136390027538678
399344,0.01495230071694106
399352,0.050417266757928125
399358,0.05193603273864047
399374,0.17727372567605118
399382,0.30376639474695344
399385,0.08148330474231719
399388,0.030448060943148003
399399,0.010054156515837779
399410,0.020879899476148565
399417,0.009415808982337655
399423,0.019418284867403064
399427,0.013676338565799553
399429,0.05285481670654677
399435,0.022366868470243207
399439,0.020323023640133615
399451,0.1340969183698783
399454,0.019255649605658277
399458,0.053778256115819344
399468,0.013304621104384235
399477,0.10095025004068711
399483,0.11395907267861424
399493,0.01782512400544068
399494,0.06034159470396337
399499,0.07801731126999101
399503,0.0683214582809962
399510,0.028346745846755637
399511,0.01914609913632685
399525,0.02042549648194237
399528,0.061428204211629
399533,0.047712417292687735
399538,0.10572539944110648
399551,0.0899562850577422
399568,0.1821656560481062
399571,0.044500739235868995
399585,0.010888070585281455
399589,0.12833216290219185
399595,0.01128735415050837
399598,0.017713493406823305
399605,0.048806111511445455
399616,0.07632740335178377
399617,0.010548105935612569
399622,0.017378907930448717
399627,0.14188358749755176
399635,0.08726165420135269
399639,0.3642712519133318
399641,0.07770934791106493
399643,0.09340989898206556
399659,0.020086117633714283
399667,0.07508081284197185
399683,0.06137063162579903
399702,0.09877735281203663
399706,0.29588313292167495
399720,0.026292523272504264
399727,0.03347723764283209
399730,0.19274142342658285
399734,0.034851225166239584
399751,0.03382518982422526
399754,0.26804792133275523
399759,0.1073033808387887
399768,0.052922200114060014
399770,0.1839645191834879
399781,0.19040577647030557
399786,0.10187696347456306
399799,0.05490757862125578
399811,0.018280297626706937
399813,0.02681721116091749
399820,0.11276862405976465
399832,0.02118100112845085
399851,0.15942059773752537
399853,0.021624367002104312
399855,0.022929881416347296
399860,0.12198732971142001
399876,0.15991945887637907
399877,0.02745075507293742
399881,0.010339422444898057
399882,0.02772626521994263
399903,0.050648853625195965
399906,0.11969946155528022
399912,0.3014757609408977
399915,0.13202899029244988
399921,0.022888016461816523
399935,0.06894514823278955
399936,0.1926812557530492
399938,0.052026132262379995
399939,0.019574864021506298
399940,0.01921345006482455
399949,0.10270464409332025
399953,0.00899671800403247
399959,0.14322368160623375
399968,0.02198234219368097
399969,0.020295741815516292
399972,0.045360197437212466
399974,0.01580725117691343
399976,0.05316797424795476
399979,0.046937034596252855
399988,0.0937927726389233
399994,0.2350036830000335
399996,0.20490442072331425
399997,0.04900825606221705
400000,0.0402354725714202
400004,0.026435120805494382
400011,0.05605512722791994
400014,0.28972913512101733
400015,0.027610338218176912
400017,0.042325575483411364
400046,0.03725206596426791
400063,0.16194270677173062
400065,0.0385837254653
400069,0.025915612328123016
400075,0.022826180403285316
400088,0.013423743996516874
400091,0.02226694117379053
400105,0.024107305310906692
400108,0.23797015184098416
400113,0.04100269995157161
400119,0.01798160240372619
400123,0.09332116359116013
400127,0.02310747327147698
400136,0.03040859358751531
400137,0.20798738021122176
400138,0.10364634086739175
400158,0.055036297294455784
400172,0.04491122852630298
400174,0.030273027901961357
400224,0.06910226221478535
400229,0.09050643206897466
400236,0.3117232011575225
400240,0.012728069251409166
400249,0.0125513554312669
400258,0.12617557470983012
400268,0.1531584629654795
400272,0.010431339464924031
400284,0.04208961741536789
400292,0.014954088784481411
400295,0.07622821067474957
400308,0.08369886788176553
400314,0.04301427641230959
400315,0.012944340670325164
400331,0.29624147137623663
400332,0.029791885455258217
400339,0.02684630009153698
400342,0.04554910424801421
400361,0.08907014314557138
400363,0.1046321908731515
400365,0.01846783167161341
400374,0.048324867056514106
400379,0.0333923611241154
400382,0.01439157538861359
400416,0.041261326807824496
400422,0.029261352250306495
400436,0.024552253057871697
400460,0.061831126645192115
400462,0.2613141001666042
400468,0.13795336784501527
400482,0.08235287072982253
400489,0.037165227552890305
400490,0.09716756771189869
400501,0.03220204939228351
400519,0.060874466395044416
400525,0.40735478531956265
400526,0.009319807023621675
400529,0.18773704905336983
400540,0.04640165041802642
400543,0.09365233318862412
400545,0.05361450028222155
400556,0.07098045148647715
400572,0.07499467983661567
400584,0.01688780014961274
400589,0.041815480270602993
400593,0.25384704414982284
400597,0.04408427379511008
400616,0.040165962554633096
400642,0.0860257689960993
400643,0.07190022201770838
400649,0.012771423206264825
400672,0.0815020332012662
400685,0.022251965141719825
400693,0.12041066277727985
400695,0.1386048325414318
400701,0.019837391733427568
400720,0.037279214259935974
400741,0.04794389550119906
400745,0.12426563880430982
400750,0.01663992775248766
400779,0.12966759405671516
400784,0.04022025924559987
400792,0.11363542330512225
400800,0.036518149759633925
400811,0.029235447082243647
400813,0.3287736907705438
400820,0.010110983653735618
400830,0.02002729133885319
400833,0.026977947336129942
400834,0.042557779440200234
400841,0.02918087944998553
400855,0.2291352052509968
400856,0.059088756114703156
400860,0.010812354065203072
400866,0.05103572739002179
400869,0.06614318141353255
400870,0.12060409965946535
400880,0.03745257734254343
400882,0.020856177658918916
400915,0.06818012406454114
400921,0.15140899036149258
400923,0.12226845716039961
400925,0.02234358783139066
400936,0.055150301269511
400943,0.20985075968140765
400962,0.015294801334549598
400963,0.07286657680445793
400967,0.03605569404154776
400970,0.0855748274912006
400975,0.017714438736607857
400981,0.2259091409314488
400983,0.22589263154229688
400987,0.042108052165744134
400988,0.009918602160236366
400994,0.11306907595567903
400998,0.19010868892413607
401002,0.02189927254487902
401003,0.12888634317596376
401005,0.05670238198985533
401007,0.02034065145619039
401022,0.21767539682849293
401029,0.25290750871220785
401035,0.03415130922125201
401036,0.1929018816334041
401040,0.01076589582004191
401045,0.04193627311071475
401053,0.03156321355206531
401065,0.02299093135897893
401067,0.07656632517995297
401069,0.03373964134056283
401073,0.1367368565312695
401074,0.12535200744903569
401078,0.06451326590240994
401082,0.287872744845824
401086,0.058476789726977854
401092,0.0758814963857942
401097,0.040550360140536576
401098,0.02338841944381499
401099,0.12271888007371139
401100,0.11732156392205569
401107,0.08886226001282517
401119,0.23145805927481505
401120,0.03230795525424642
401137,0.22511359072488837
401142,0.23187709131426443
401162,0.04483214426569112
401163,0.11896408629689341
401172,0.03598962855848446
401179,0.10823449430756707
401182,0.04603252571623498
401184,0.12208903732048168
401190,0.03865095327383429
401207,0.01631224014149418
401210,0.012975705454614355
401220,0.025493129245592078
401225,0.027165838175899078
401230,0.1790703341424423
401240,0.012154990337301797
401246,0.06914283908900967
401256,0.2967372121306175
401273,0.020627367744251876
401274,0.05508699265990089
401287,0.021897595473646305
401292,0.07917113712007227
401305,0.16730794044787178
401310,0.010386780224593469
401311,0.08148330474231719
401321,0.052668535584726596
401332,0.04383504258563083
401338,0.01529000622627583
401345,0.042871954932748174
401368,0.11110299901948686
401375,0.5195086739470527
401378,0.013852652532349963
401379,0.012826559340214344
401395,0.03819833497689866
401403,0.06588794837309464
401406,0.009254483271318555
401415,0.10188920996723275
401424,0.037875011783088504
401425,0.018606556063400673
401428,0.09593447561334464
401430,0.07090961007694115
401436,0.03328539820173164
401440,0.03758639279205024
401443,0.11457981715061953
401447,0.012862505736143944
401448,0.011303760599292213
401450,0.012765552646890724
401459,0.046061789387604295
401462,0.045138771457788565
401470,0.4000251136804992
401479,0.056919239000905765
401481,0.009574839082506972
401486,0.0926814603705237
401496,0.021762227440342084
401497,0.05451578082398153
401502,0.06129313081701247
401508,0.04643394718345728
401513,0.056706984985273524
401517,0.4099426604995588
401519,0.1785035366045867
401533,0.2444767541697681
401536,0.23869385987946182
401547,0.014007577129993103
401581,0.03595194340524388
401582,0.049199571317962494
401586,0.04608219329834894
401593,0.24708294219360752
401603,0.042735061764556055
401621,0.05962452172365307
401625,0.0724088910722035
401635,0.3440997109059567
401646,0.04293366494906699
401649,0.046929333349690364
401660,0.038686626497599665
401668,0.16683357368776944
401686,0.011094415510225705
401706,0.11948818045624057
401712,0.07066224120464765
401721,0.042383203984766346
401725,0.11241119668020236
401730,0.27729438477264734
401741,0.011147473230892536
401743,0.020512196515275624
401748,0.04218777384462551
401751,0.010463673722984885
401770,0.04500826669248537
401791,0.02621868677166168
401792,0.11840183667225439
401808,0.20269078990066808
401816,0.01835478097937666
401820,0.1107593525026308
401821,0.021194133803390386
401828,0.01678363864282083
401830,0.15904271550231913
401832,0.017208290906262982
401839,0.04758370874089328
401852,0.009551965930275613
401868,0.02742734506962194
401876,0.027243826408689192
401879,0.1982871261713977
401882,0.009052825685630383
401894,0.03939212011572083
401899,0.18945626448671637
401901,0.24648183930642187
401913,0.019420839207901528
401919,0.010547743853730208
401920,0.027534989684327372
401923,0.01196448651198955
401924,0.18249815140685216
401932,0.14093272979671145
401942,0.22044041544317788
401949,0.0452048702862575
401950,0.08692502026958202
401951,0.018047186527192983
401952,0.03819386486088139
401971,0.21708182093610479
401972,0.026747730571538685
401973,0.027044548567401478
401974,0.07300710512866397
401983,0.08620896545801449
401984,0.03599038267858653
401988,0.011043701618801822
401989,0.039170342184600325
401990,0.011745587713732582
402024,0.07958157800859808
402029,0.07284627042847482
402030,0.14416073383822586
402041,0.04288257196645913
402042,0.09930942447162075
402043,0.027044548567401478
402052,0.14545881983610384
402053,0.010373138579891007
402054,0.0228556971276061
402057,0.03903337652224749
402067,0.03947347850008346
402068,0.014106353832727786
402069,0.12538935038017926
402070,0.10314797765875887
402071,0.021431319959040677
402073,0.010910869604031724
402074,0.027487055343148187
402075,0.09249503204298029
402076,0.038450962632224424
402077,0.028696483870985
402078,0.323935285741616
402079,0.14069119221899773
402080,0.03174626862951245
402081,0.009254483271318555
402082,0.04947840485090094
402089,0.12348419695571215
402090,0.05394296017941673
402091,0.15137408180277914
402092,0.050257806151631404
402094,0.05449083307053561
402095,0.009660200262418012
402096,0.042284387432410434
402109,0.11420129452670102
402151,0.04545654101992385
402152,0.03274218303702313
402153,0.02827680577322502
402155,0.02313227815787881
402201,0.016227207008765097
402210,0.06195540359669536
402212,0.047161756286123416
402218,0.017691535846835416
402227,0.13900774593112478
402234,0.06713432683129555
402236,0.016800516740477688
402242,0.05122532709466342
402243,0.022987433317426177
402244,0.5027991820725166
402245,0.013826785491064378
402250,0.024935059326257884
402251,0.0604692665142982
402254,0.2085024952387164
402255,0.14598593306953572
402256,0.08889501737509166
402257,0.28680770706838615
402258,0.134090488013896
402259,0.04216004836192052
402260,0.021732312771304597
402261,0.16616147978996
402262,0.012828988603294669
402263,0.06848511145044105
402264,0.015585522503405174
402265,0.035940270875242715
402266,0.1875664521255396
402267,0.06019918810548562
402268,0.011142380366518557
402270,0.02051839594425346
402271,0.009918602160236366
402272,0.08062824254562359
402273,0.051677542284170555
402274,0.027306592491484344
402275,0.03771878213820312
402276,0.04076852800596996
402277,0.050141557868377415
402278,0.020761860746615686
402279,0.06363787296630934
402280,0.011269557490514316
402362,0.0732885261051626
402363,0.014938312073549492
402364,0.022546166765941143
402370,0.01194172206311329
402376,0.01402460822799824
402381,0.18072688608769166
402384,0.07438519058622416
402389,0.03298221380827311
402414,0.04379643634244582
402416,0.010812354065203072
402417,0.017282049607285035
402420,0.04308889519113836
402426,0.011551863384170939
402436,0.2950812011421821
402444,0.02409716544876033
402447,0.07678123778005405
402449,0.0447638719920118
402454,0.2270965018210324
402458,0.12013424611087224
402460,0.03171638004799194
402466,0.022577588055542296
402475,0.05639303626080584
402498,0.15168012692688101
402502,0.044413948410866516
402505,0.06834024192598762
402509,0.07101178287792889
402513,0.1214094545843792
402517,0.019361126020804968
402519,0.025480660106480802
402522,0.12247253649967893
402523,0.014995504316805661
402525,0.06178876676326901
402528,0.13127270056132392
402534,0.12239145905270332
402536,0.04688328431756918
402542,0.02165859643998343
402548,0.21154333366790726
402552,0.07231762426583127
402559,0.08676977280407035
402563,0.017635144918520352
402568,0.03761432860877659
402573,0.09468645961800534
402574,0.02222247422568559
402575,0.049668434987922686
402577,0.12558822919135032
402602,0.0414117084081371
402603,0.14765547668172435
402604,0.04036226587814873
402614,0.10475050555615986
402615,0.03464352347979144
402616,0.012728069251409166
402617,0.2213152221262505
402618,0.12131562496701528
402619,0.023505380186202428
402639,0.04455857403478335
402640,0.022090980260746705
402641,0.4026710817165095
402642,0.010776544726775007
402643,0.012371665872447623
402644,0.04600066225871707
402645,0.03875164153027306
402649,0.029374985305077976
402650,0.17664960193904383
402653,0.027964439136477538
402654,0.010720354191230835
402655,0.22808538975089304
402656,0.12221577175727372
402657,0.029486208850860902
402658,0.013867621780587855
402659,0.04109395425353461
402662,0.022864985711721485
402696,0.011922674400307878
402705,0.04356744851470422
402707,0.1248969912038312
402708,0.07548492323230893
402709,0.03028403200543455
402729,0.16720368468620467
402730,0.07043142138766116
402732,0.05822175313310146
402739,0.07175642792465156
402740,0.12131177556821748
402741,0.05954115310208685
402744,0.4650899749279108
402745,0.18238966912263063
402746,0.018695737861092347
402772,0.14020918412470157
402773,0.04933224490223633
402774,0.030259311836539366
402780,0.05541023599277656
402781,0.05009455427286158
402782,0.21472021362064897
402790,0.02115452171349244
402803,0.13854662161343895
402808,0.13189209115138473
402809,0.00929904251164912
402810,0.1136940375349901
402811,0.04368010485737257
402815,0.08001363290611505
402820,0.07229456954121627
402821,0.11363854526893905
402822,0.028229632778956786
402824,0.06057575980412251
402825,0.02014749029160742
402870,0.023773204200049726
402875,0.009415808982337655
402924,0.22931571476170984
402925,0.023143226669140753
402926,0.009415808982337655
402927,0.059099132413375534
402928,0.05156388315496505
402929,0.0635637652267236
402930,0.05919112262459366
402931,0.01281437974359526
402932,0.04767303245577066
402933,0.1513830159934671
402940,0.056089818565439
402953,0.02152731971595757
402954,0.06876638963281748
402955,0.02151703950034798
402956,0.05847712187171503
402957,0.026559202970923262
402970,0.010971857043499234
402973,0.16589016896522893
402974,0.1011968604655723
402975,0.060655076458200584
402976,0.13164248885578572
402977,0.016118218927678975
402978,0.06295164773020254
402979,0.17789719987756905
402980,0.2011803440046409
402981,0.06381654365977142
402982,0.06157041148823136
402993,0.11690498892473589
402994,0.056898229815542635
403099,0.025843071709179943
403137,0.011198754242287199
403138,0.049322730882321544
403165,0.024847003862701823
403192,0.2510460239134761
403214,0.04753109629960396
403223,0.020942659691889187
403238,0.03103834693698579
403244,0.12819465196998187
403246,0.02867665898434647
403252,0.12008914873333047
403254,0.11617015083883471
403255,0.01420306060287597
403259,0.09112913939956854
403262,0.03305613224480551
403277,0.03560419333052789
403280,0.1825695281454963
403281,0.1066616486425096
403287,0.01819702253182083
403315,0.13669236820266623
403318,0.10972057779978357
403319,0.012703870103810308
403327,0.021101327746970776
403331,0.01838119398980842
403342,0.18740207417241478
403349,0.03892612486955603
403353,0.0732316507529615
403364,0.03797801844671499
403369,0.015456201576178913
403373,0.19526301548664934
403376,0.02760775336064187
403378,0.019221789663123323
403384,0.04088967810658757
403385,0.014240054355317397
403386,0.028072304900209594
403388,0.05935571709465907
403396,0.018105786806690432
403398,0.11337884508830635
403404,0.09305421403908327
403410,0.039298697841162425
403414,0.06292236366219549
403417,0.09033993654206564
403422,0.02970316868800509
403424,0.07835165379625711
403438,0.03154773954724671
403451,0.014456579898973212
403452,0.04483769254691314
403453,0.06052332643383969
403454,0.09150982953233763
403455,0.05374449067890833
403464,0.031058075407354425
403465,0.0420835937860204
403466,0.011662246987530293
403500,0.05659331952356589
403501,0.07097147527593542
403524,0.24866736516262816
403525,0.17132194698445552
403526,0.009359701300739742
403527,0.03451427493229987
403542,0.1337248772499054
403543,0.024008650528180915
403549,0.022806868602154855
403550,0.022422450891706202
403551,0.16107774691591822
403552,0.09682122192193345
403553,0.02544668169286233
403554,0.042572847419640195
403558,0.009307274592629342
403559,0.01993505781231148
403560,0.5845886815257316
403561,0.21656555019530419
403562,0.1103938992175724
403564,0.08543591231863892
403565,0.05378246627285406
403566,0.010272309364754716
403600,0.06873366477195737
403602,0.10788419344619862
403603,0.05093586046769587
403662,0.013835484697480726
403685,0.039811431205807594
403686,0.008894233183012074
403687,0.010063564041822876
403688,0.12829274958080844
403689,0.519850697039725
403690,0.45331014028308464
403691,0.05435137508867781
403692,0.042740773352433176
403696,0.03238154744278314
403697,0.20953855705708477
403698,0.01349083116917163
403699,0.19642763119527473
403701,0.11395443524908908
403702,0.08070427184354487
403703,0.11700773471310791
403704,0.06466988943595123
403705,0.02127488695357855
403712,0.02251105257118627
403713,0.02359590162948485
403714,0.20831312559401635
403715,0.03924432698996398
403718,0.02201932564123462
403722,0.18288147674589558
403723,0.02777048095318015
403724,0.10003914925224548
403725,0.023811471944338043
403726,0.019413217694530575
403764,0.0457020328215791
403765,0.027003524051614703
403766,0.11053020639868327
403770,0.22734285147868719
403771,0.03859019326864983
403772,0.14057077780402366
403795,0.12801060343807757
403799,0.023621122604120803
403800,0.01857436249556931
403801,0.00899671800403247
403802,0.11258966415490997
403803,0.2726531387170338
403811,0.03292814426791781
403814,0.01843623314378811
403815,0.01166809155813926
403816,0.014085044028807062
403817,0.03966115925966435
403818,0.040944120870523563
403820,0.04080667130792376
403821,0.048162072347511034
403822,0.10832230954421249
403823,0.018223621448787773
403824,0.08383697635971737
403825,0.008975953492059914
403826,0.01090422504366722
403828,0.029549450921082417
403834,0.032282379761343453
403836,0.14088787207897202
403837,0.08572127764856083
403838,0.05750605089589263
403839,0.04592231282693563
403873,0.04797796365090627
403876,0.05059550636916742
403902,0.03934250227847035
403918,0.01941312798579184
403922,0.0362165848788044
403928,0.15814777161132823
403929,0.1227131277840253
403931,0.014691532094048176
403932,0.017890054813046882
403933,0.023557506462836147
403935,0.015166827001920027
403936,0.2629420956339822
403937,0.040763719424512124
403938,0.026337401735720467
403943,0.05467743490636708
403944,0.03583033743887716
403945,0.044661513609877204
403946,0.20265788962172246
403948,0.08961455617615378
403951,0.09731672863629122
403955,0.06797470274733966
403956,0.05092460025500597
403957,0.0981197511073772
403958,0.03973960362761084
403960,0.29041893126351254
403961,0.04034394305420637
403962,0.16745715835774333
403963,0.033895963204465876
403964,0.248393953476584
403965,0.10609984184725343
403966,0.19065913173144436
403967,0.06784819095327994
403968,0.26001192576046
403969,0.0735294453735936
403970,0.0951562654688978
403971,0.11573646413062477
403972,0.34240017041124643
403973,0.08290885233732083
403974,0.3019711297484091
403975,0.020532364866242915
403976,0.009490385565058341
403977,0.11637701937888831
403978,0.08436540356604606
403979,0.011560725849187062
403980,0.2869393936109162
403981,0.03955768732550167
403982,0.010632559453061198
404062,0.06480478060012144
404067,0.027532332865480052
404070,0.030153631259585135
404079,0.025265988638126922
404084,0.02806841266576688
404108,0.12047822306989167
404112,0.044264048768823866
404118,0.10835310439533363
404121,0.02765805877235683
404122,0.10761395696270686
404126,0.0893563112945043
404140,0.01995989724559575
404152,0.21657502765161635
404156,0.30493800609794597
404158,0.04910147614552497
404160,0.03587873806078828
404172,0.010360186956870611
404174,0.02907121456670811
404180,0.07483315613802001
404186,0.02661082260560698
404190,0.08167075684962154
404192,0.02737269288410394
404206,0.016982462024474787
404207,0.3209394814526124
404213,0.12488452223357163
404216,0.10708829045441004
404220,0.07928366110233
404227,0.04402132806905695
404235,0.023878273106822608
404247,0.1740565046396358
404259,0.009137279203079014
404266,0.06470635861045618
404267,0.08504351458930057
404274,0.3368648217816648
404276,0.09770763273446284
404277,0.011865629267880446
404278,0.07492979571927533
404279,0.03235264846959497
404280,0.09144817090051637
404287,0.12828121535562445
404288,0.12384236638273272
404289,0.010471706046995922
404290,0.31153958593578834
404291,0.010471233742042101
404293,0.07670001238082925
404302,0.054744339007789376
404303,0.03327089389696734
404304,0.05828790916649779
404307,0.03568098436553733
404308,0.05317142124213388
404309,0.1595400794140778
404310,0.10111782197769074
404311,0.38503394093214605
404312,0.1198258431034583
404323,0.014361467028058555
404324,0.04207602073351288
404325,0.064804447371315
404326,0.041328979927102036
404327,0.19793332191002272
404328,0.010018697364854274
404329,0.01611634904522808
404330,0.09324915939336337
404331,0.020163091512411475
404335,0.11328090029873868
404336,0.09721273429994118
404337,0.22756538179601554
404364,0.19060667721126043
404379,0.04125651396103634
404380,0.4203275379538363
404381,0.23613820652102765
404382,0.046911205031368634
404385,0.035036103593435654
404390,0.02701112781351946
404391,0.020168676762251446
404392,0.17570178504922773
404393,0.03762695327989114
404396,0.166139915559767
404400,0.024229230059612205
404401,0.010548105935612569
404402,0.02254301297663968
404403,0.23313111311221468
404404,0.09092879365934613
404405,0.19401897278624025
404406,0.010615219015755909
404437,0.13159716758490694
404439,0.1330281604350989
404461,0.22646042153508644
404462,0.08842947848633895
404464,0.01213109153762158
404468,0.07977114447994715
404469,0.04407339737440013
404470,0.048129749481251545
404471,0.013211628802044462
404472,0.12491901010759365
404473,0.021143424636160573
404474,0.029398343403139467
404475,0.060874777052576254
404477,0.0286862927476322
404478,0.06105820619021838
404554,0.04412748797438657
404555,0.012560088082038099
404556,0.019296995418493425
404557,0.02640296371560378
404569,0.11620980802488605
404571,0.026820693644430023
404585,0.07685724627959792
404586,0.012432003652905522
404592,0.17164874355650192
404595,0.010615219015755909
404596,0.1314412783936497
404597,0.07850978890480298
404603,0.21458954994715063
404606,0.05597873192346934
404607,0.1861757889320054
404608,0.0452890586840275
404609,0.04201959786586356
404620,0.1541069188403345
404689,0.020295741815516292
404708,0.040477404736279275
404734,0.14753408223971595
404771,0.03183463188697583
404806,0.019726099099882613
404818,0.04044813164520531
404850,0.015082123314246756
404870,0.07382178074400667
404923,0.013239808195482941
404934,0.2130077356072065
404938,0.045828608738861985
404954,0.011865629267880446
404957,0.09534968302418365
404963,0.09469531865055617
404964,0.014363072681953979
404969,0.2263462410449036
404970,0.11202829735176405
404979,0.027686089375384176
404997,0.020720821573159628
404998,0.0416570264299501
405009,0.11606661476259272
405016,0.029910030048838583
405018,0.01162191050562625
405035,0.10897345426378113
405036,0.030614400282327182
405038,0.12595317810999257
405047,0.020554815574222028
405055,0.021762227440342084
405060,0.10374889806108253
405066,0.029325598342880278
405081,0.044614783203836744
405084,0.27309218727130513
405089,0.21005016661881348
405098,0.04031852344058059
405100,0.08715791703840248
405114,0.014751755638102363
405118,0.047401471618081094
405119,0.12887095138823074
405120,0.05751419738853779
405121,0.10511214187860889
405124,0.019405155053881927
405125,0.10338800700987849
405132,0.02357159066162267
405179,0.016000921017112788
405193,0.07605668997923484
405194,0.2167288582370733
405195,0.01768703376931427
405206,0.01640888606831883
405207,0.014939455555951938
405211,0.009521027011758842
405215,0.009086497812547943
405217,0.24529613843286105
405219,0.07393339482261989
405220,0.11467203458319024
405231,0.05224262524501526
405232,0.0626226910504578
405291,0.026482440492784698
405316,0.06491376930760313
405317,0.048076621541625675
405318,0.024400934165718487
405319,0.021845024198188918
405320,0.05014076360056541
405325,0.009137279203079014
405326,0.010791589553230514
405333,0.039807535601373005
405334,0.13518935723261732
405349,0.3345575165452362
405351,0.08196741973916902
405353,0.029623864101664954
405354,0.34696265791848313
405361,0.05455114200516363
405362,0.01325681219830025
405363,0.180709684091239
405364,0.22891623769726227
405365,0.11582667481318061
405366,0.07571508416015901
405372,0.12102822905775626
405397,0.013968525047009614
405402,0.07239013163482297
405409,0.06441167052212952
405410,0.40759273390447665
405411,0.027391353347801694
405412,0.023870468578132336
405435,0.025690408790142987
405436,0.030944243810889845
405438,0.019361358269905808
405442,0.034009329372629946
405443,0.2937720734145354
405444,0.052779397642480894
405445,0.03886679177900359
405446,0.024430756107883034
405468,0.022041135993677213
405489,0.14033654415224692
405490,0.15740232971317433
405498,0.011950082785329077
405509,0.02087587426684091
405510,0.009170029753869926
405511,0.11736285257928591
405512,0.014296555755118154
405517,0.025964963917202315
405518,0.06205734180652891
405523,0.024474184268342823
405544,0.04038301596378318
405546,0.05844633888666351
405552,0.23322893526819738
405583,0.021153937365070576
405592,0.037301424991649554
405599,0.021540599031383632
405602,0.025903520344010937
405607,0.009052825685630383
405613,0.13755270193966374
405620,0.2671275519157442
405624,0.1318926376314446
405625,0.04723515944477638
405626,0.019491171913080578
405632,0.04203990387964081
405633,0.0415449903445537
405637,0.20575312094051243
405640,0.11692172466722131
405642,0.12112177233429573
405646,0.01917882919260185
405647,0.021867683415026835
405650,0.40818133057725453
405653,0.057364837513383934
405654,0.05014076360056541
405660,0.03705584377031796
405666,0.06811111823954796
405667,0.08744602424992377
405668,0.014958826955055043
405669,0.09997176319475307
405671,0.05378058402842856
405672,0.009877665039502163
405673,0.07507384297725762
405674,0.10278760583578508
405675,0.024577354867162664
405676,0.047804518048636134
405677,0.01921345006482455
405679,0.025181635799599283
405680,0.1998472074409334
405682,0.05834644062248767
405683,0.02819758167989101
405684,0.0404131116916778
405685,0.16146118865326592
405687,0.02740594929003131
405689,0.01083712066191937
405690,0.013397290267572647
405691,0.20123910573030762
405692,0.12251144632299663
405693,0.07329271509911617
405695,0.054308822347754734
405696,0.043034460229192974
405697,0.026034847670094164
405698,0.11018430136950444
405699,0.025531982901852084
405700,0.18381157259654488
405701,0.2189365693779124
405702,0.18514841792457257
405761,0.05781353668307164
405765,0.03452839623553997
405769,0.033773389796558015
405784,0.0955036330284679
405811,0.013745512313879249
405814,0.023295535582865966
405816,0.11788511881373125
405818,0.07374086497936554
405821,0.03806359227868705
405822,0.009490385565058341
405838,0.021762227440342084
405841,0.01784255679020395
405846,0.04625577510666977
405855,0.0564595953188574
405857,0.02545678946343307
405858,0.14592468611861129
405860,0.047074396993832784
405861,0.08013729247820213
405871,0.04199723638161007
405879,0.01668113202693306
405880,0.027303969327990008
405886,0.04175278059086842
405901,0.021030951255496595
405904,0.06764174195778183
405905,0.024414537897724093
405906,0.0395601490703372
405927,0.012216508930057145
405930,0.07806905239142384
405944,0.09404538750450635
405946,0.010632559453061198
405954,0.1667267213341088
405963,0.03717082000057002
405964,0.009275747143275882
405965,0.011803373907474836
405966,0.10739055794482948
405970,0.014850331979073825
405971,0.07043142138766116
405992,0.07469205141712335
405996,0.015534680167428806
405999,0.015896270456254753
406002,0.04674029755357795
406003,0.03916440639641238
406004,0.019429693669191166
406005,0.02701205040331365
406006,0.09877117422555398
406007,0.287880167695094
406008,0.21401855029523284
406028,0.011773482087446883
406029,0.07795595986470615
406043,0.04830162310901031
406044,0.013319868310675428
406045,0.19951880489243595
406046,0.11487329591613657
406048,0.01146997191888597
406050,0.03972684506686945
406051,0.03592496037366349
406052,0.28077434673363266
406053,0.13112971548629548
406077,0.0666848549387675
406082,0.12352046390215976
406083,0.3554479532806046
406084,0.04955787585622914
406098,0.016323922971052264
406099,0.054290243381907854
406100,0.2402889809564463
406113,0.2007685166821891
406114,0.044741411319837374
406115,0.06968871784915175
406116,0.028811963192922396
406117,0.01325681219830025
406127,0.049442729844604814
406128,0.06001813650040251
406129,0.050509232718731104
406132,0.020442811996526374
406133,0.019145746957159974
406134,0.04185788740525309
406135,0.26596940867720553
406136,0.04308889519113836
406137,0.13864100538919955
406138,0.08578785045655757
406139,0.11724041601676312
406142,0.05587369079274677
406143,0.25396394343902096
406175,0.07002217710308228
406176,0.032342682370467515
406177,0.022162299491212657
406194,0.025158118615457296
406195,0.02721272454616343
406208,0.04058313328826315
406210,0.039124744855710256
406216,0.16796579273847687
406217,0.22882051763004516
406227,0.032399170456888525
406228,0.027221777272697117
406253,0.04721070634974899
406254,0.010982591971332485
406260,0.0519914586264781
406267,0.12640807123982406
406269,0.014515643379783469
406276,0.21930948068815836
406277,0.024148415316175804
406279,0.010745131308069356
406288,0.014304003152098985
406297,0.1389117807792576
406308,0.18254996587041897
406310,0.1740208620573148
406320,0.03871076824222563
406336,0.018481229602718828
406352,0.010877373941911298
406365,0.027018698516245304
406369,0.05115463567921047
406371,0.08929124878579206
406401,0.0895008431000759
406408,0.10758225158551812
406409,0.010841889532768444
406475,0.3089620322358093
406492,0.053074021190694896
406510,0.21567313142284744
406519,0.06446589798457725
406565,0.18866941457734082
406584,0.0816861795453594
406596,0.034668990315475885
406598,0.015454463593930346
406605,0.12452800410474626
406609,0.038121590879800646
406610,0.08264868791656521
406611,0.021875181877548045
406654,0.06322288317052795
406670,0.0661949794813719
406675,0.13098102269718875
406681,0.06221369898817256
406682,0.011189393770579802
406695,0.01811080383057296
406697,0.051396228434690716
406712,0.13196978321088265
406719,0.04186292903645603
406725,0.17815204775632631
406734,0.021361658447759984
406743,0.07693663093356795
406778,0.06195052395900909
406784,0.10680839665087327
406786,0.03494322478573677
406791,0.037747655687727116
406792,0.027240357995638797
406803,0.11798397144816501
406812,0.03767986447195792
406813,0.024784883560538467
406814,0.05531247106608741
406841,0.03498061469729552
406842,0.07909979558747464
406843,0.024430756107883034
406848,0.13489340175681847
406861,0.022394379503311614
406862,0.16924135757187048
406863,0.009145948881610244
406864,0.013178723441242355
406865,0.12812507956222235
406871,0.0957917417055266
406872,0.0730655189964449
406873,0.1782264976105507
406893,0.07424254313323395
406919,0.05482751825817005
406920,0.03419140113623009
406921,0.12370087695339974
406923,0.20933016223096867
406924,0.14097053990985117
406925,0.013244987577022208
406926,0.03435823865135807
406927,0.16154320516190065
406936,0.014294477419868177
406937,0.17709370655101114
406938,0.009642805589378516
406939,0.03962113388809797
406940,0.04348339123627227
406941,0.029984798721674977
406952,0.04361138866085685
406953,0.06255899182246719
406954,0.0718017129330278
406962,0.07863572701026493
406963,0.28130883362884324
406964,0.03465719207582801
406965,0.28315203406681866
406966,0.07164347853687969
406967,0.029276469362186114
406968,0.14741612052542924
406969,0.060442316548224254
406970,0.02629151469431189
406971,0.07720698574446766
406972,0.11745328877662124
406973,0.03308816082707372
406974,0.08993078549023459
406975,0.037699509839981944
406976,0.01693616246650826
406977,0.04584761613472413
406985,0.017994555907227587
406987,0.038654198870482014
407025,0.10704807967368775
407031,0.04101331720986524
407033,0.21241183697014615
407039,0.11683110158788199
407041,0.06389410077602646
407044,0.12022261962649221
407046,0.06250478567888178
407053,0.023699925668392647
407061,0.013207300878712757
407069,0.018876692802088223
407070,0.18520530930042806
407072,0.017525025126678098
407073,0.04944176694710735
407081,0.1490235116441069
407082,0.05530760697471156
407088,0.01957418608071431
407091,0.13480707448223497
407097,0.00943657349431021
407104,0.20501918700839555
407105,0.4729938461501342
407106,0.021197462390215
407121,0.022041135993677213
407128,0.01957283971797566
407137,0.03182591488189922
407144,0.20541501859483957
407145,0.15735435269895953
407154,0.09027040141722444
407162,0.02816471896864306
407164,0.10726476208343516
407168,0.2433311788476722
407203,0.05369969236006598
407210,0.19114340740629748
407215,0.07704498461516729
407218,0.11388224465610661
407228,0.022455953001384518
407262,0.048686353125039696
407274,0.21071322812475338
407280,0.2241985114926195
407288,0.019293367373285467
407298,0.013388673340509399
407299,0.3618722671611571
407302,0.12088102744781823
407303,0.10357593140747526
407305,0.21975832349376798
407306,0.13137871392883466
407307,0.04485625700967906
407313,0.011359175534579909
407314,0.012175754849274351
407315,0.021958339235830383
407316,0.03875091250872624
407322,0.19943797261446894
407323,0.04612896874869075
407324,0.03610999748739784
407325,0.03080072210421571
407329,0.1541561010320351
407330,0.13255091423418197
407332,0.08592152583362486
407333,0.09107388752391422
407334,0.029776426506317906
407335,0.14592828087710882
407336,0.09284298819949813
407337,0.1807358093965814
407338,0.06462763291892423
407339,0.009415446900455296
407340,0.021378524099241552
407341,0.09393261148236037
407342,0.01400227743371928
407343,0.07680095812811726
407344,0.028909850087365362
407345,0.014185463409844584
407346,0.153967216534161
407353,0.056646675514519816
407364,0.029202839809864062
407365,0.06229665508750465
407366,0.013661775562553944
407370,0.049518028286574006
407373,0.22193377994665067
407376,0.132758617676866
407386,0.022451873843083052
407388,0.02358709379776251
407391,0.010881762756196194
407393,0.04566264505090433
407427,0.04748437203680199
407452,0.05494904894163459
407454,0.018480508641625416
407457,0.024086270389302583
407462,0.015244540922523708
407463,0.017895859490637073
407468,0.10411066302095195
407469,0.13030499884631538
407478,0.029016021261219643
407482,0.039824787660587675
407487,0.09836144863904364
407489,0.1934911479489393
407498,0.3590557972514348
407516,0.15940196339961396
407519,0.03573642069148752
407528,0.15932905261063984
407532,0.2413100987574687
407534,0.16609838208023275
407543,0.04154278408518967
407546,0.21698283750349248
407550,0.022718431779019343
407555,0.03364991850639453
407558,0.07635390269362459
407587,0.028647867156639355
407588,0.010737777482482381
407594,0.2146430420153574
407596,0.045032861851540956
407598,0.020742592628894517
407602,0.060899449879726286
407605,0.15629951813816562
407613,0.05782721592332707
407619,0.13963809751336914
407625,0.03254443170737628
407627,0.017969917575772536
407629,0.09571435855574836
407631,0.02033896588433812
407633,0.02511236798014025
407636,0.12342620888211257
407645,0.2818762584542115
407648,0.08503316811445291
407669,0.012769552168442166
407674,0.009680057111928157
407675,0.1022553209013988
407676,0.027408956793038425
407677,0.14173623092731102
407678,0.31715392526185493
407679,0.06764712965984765
407680,0.13502490724827557
407681,0.036978717215722434
407682,0.0476364246599246
407684,0.18571577300036315
407692,0.042808242731993844
407693,0.2540360171693852
407694,0.05285286869397755
407695,0.016706883739301216
407696,0.06815898197469102
407697,0.12477509303109464
407698,0.04837304329962498
407699,0.08525091809133094
407702,0.023245084079984372
407703,0.04930309086781444
407725,0.12774315626044058
407726,0.10242531109200967
407729,0.13270005668187318
407731,0.012529302446988303
407745,0.07807649657593088
407749,0.043957860461274804
407750,0.021647086367643658
407751,0.07955533197463498
407752,0.27640859211510815
407753,0.12511467077484206
407754,0.07815773759460058
407755,0.12103644561180196
407756,0.026420190929113224
407765,0.01923496849170725
407766,0.03230129267521708
407767,0.040871118044154255
407768,0.026652818561010927
407773,0.0911596663862069
407774,0.0535458953208995
407778,0.08849422340680459
407779,0.05989067445924352
407780,0.31045284899843406
407781,0.06087430561753408
407782,0.01256895054705422
407783,0.08442203415719232
407784,0.058385099356488154
407825,0.08989949694026621
407826,0.01162448372017829
407828,0.038891183141226957
407829,0.021452906857498937
407830,0.10917629874408148
407831,0.03263907153583167
407832,0.02828852838100541
407838,0.022271593873003488
407839,0.1242871518092619
407840,0.013867621780587855
407841,0.11896999499901936
407842,0.05250202202741526
407855,0.0981086872352935
407857,0.053656846521992506
407881,0.05484887330748074
407882,0.18302647484335416
407885,0.01720199540922745
407915,0.012043493592744798
407916,0.017164379094162453
407918,0.11238096240042447
407919,0.18687548933558007
407920,0.015326797752560167
407921,0.07800604605234798
407922,0.016060801236524144
407927,0.024263426052276084
407934,0.022115470949976485
407941,0.07664105162981862
407942,0.045973791527883626
407943,0.022670710051342063
407944,0.022282391511538113
407946,0.04338777004857191
407947,0.01570705308879716
407952,0.01015402658867667
407955,0.049556719826945594
407978,0.06249496456265965
407986,0.04463632232790875
408003,0.08255116362762213
408006,0.02012131776349109
408008,0.011595705870913691
408015,0.03969931766261062
408016,0.056853090005692976
408028,0.1740512901885714
408035,0.022798880173172924
408042,0.04405687564713468
408044,0.31616284908859216
408052,0.009254483271318555
408053,0.051978734231470966
408056,0.04833834163697155
408068,0.017621042079386112
408071,0.04287172894477917
408074,0.06696135547447342
408085,0.14796019351024486
408089,0.015601947814420461
408091,0.03915256537567571
408098,0.015159668971976964
408106,0.030579827056038213
408108,0.3098573827724425
408116,0.16729642426109267
408126,0.02178004756221295
408130,0.09575099513524375
408135,0.015731695472582553
408148,0.025891639287748052
408168,0.11166895270762374
408170,0.11480094733950859
408172,0.07606870673446173
408176,0.01952142771502948
408181,0.059803113467680954
408191,0.010776544726775007
408194,0.05497582769601922
408213,0.04135846934758898
408248,0.037061287336009954
408249,0.020761860746615686
408250,0.06780965893535423
408256,0.2926554919014074
408261,0.07234721676080494
408262,0.15428122582328396
408268,0.09888035615713939
408269,0.021569976787973393
408273,0.037205272319708285
408280,0.047606193533086746
408286,0.09801123906472084
408347,0.05863887743534736
408349,0.011041692390899764
408350,0.022349852653928665
408351,0.03376331734618703
408352,0.027370495590139675
408355,0.040303648832748236
408356,0.02071072971761599
408357,0.053741891113018206
408384,0.10317005999253841
408385,0.03260058814455532
408386,0.08560767990918618
408387,0.011429222656035219
408388,0.022652723917852564
408389,0.05684967874489906
408390,0.09127777768450576
408391,0.10746179036191808
408392,0.12601797383417873
408393,0.03347723764283209
408398,0.03275189784675009
408399,0.011814155267048106
408400,0.028257433694753968
408405,0.053043429813320456
408406,0.011436236171447556
408437,0.009490385565058341
408459,0.01580725117691343
408460,0.04612444046411967
408463,0.10546633247375739
408467,0.03683055332410691
408468,0.10589869374691332
408471,0.05015827519498437
408477,0.16016030405193438
408478,0.02497813966748149
408479,0.014954172307925381
408481,0.016180947744114507
408482,0.013366785408560563
408483,0.036318161097685535
408484,0.037097458927584245
408485,0.03055403212704081
408486,0.01742858764919672
408489,0.07795765956563368
408490,0.016206103663471576
408504,0.014206888117714572
408506,0.09462885201770815
408508,0.08171479641692399
408514,0.014870581455259133
408515,0.041608435718827955
408516,0.08145600084002459
408517,0.20949838773314164
408518,0.06805193433053645
408523,0.11397137710821029
408524,0.021025504805892797
408525,0.018833355907396154
408526,0.16981766286340602
408531,0.05239220044021291
408579,0.012975705454614355
408580,0.04693324952416765
408581,0.015282537397995751
408599,0.06987360515570668
408615,0.10792188006715409
408616,0.015446975460816623
408617,0.11440167002240524
408619,0.011798714655896426
408622,0.09095158932022183
408624,0.06762187363721203
408625,0.025655526364559266
408626,0.015599884175438509
408627,0.08399016885342914
408651,0.02096774653330405
408658,0.023366502520857767
408659,0.19937455604564794
408660,0.07725575468054804
408661,0.014113131941800949
408662,0.0739274174086622
408688,0.04132809274830097
408689,0.28769446420409023
408690,0.04076845874701232
408695,0.03338314267071429
408696,0.04514470240127781
408701,0.0379434414875464
408702,0.028770736483351232
408705,0.04658640665028359
408728,0.1357635542083731
408742,0.019161346887915882
408759,0.04337107403114336
408766,0.11225346285760485
408768,0.14090477658291123
408774,0.03651881344441578
408775,0.2521937680244699
408780,0.014359780599864175
408790,0.12391787260962317
408791,0.01100827972704654
408792,0.0443463171525194
408794,0.07570065245604876
408797,0.05432570968881095
408808,0.1093754006825121
408830,0.08072200104238329
408857,0.010632559453061198
408863,0.04805604564125942
408874,0.3923651152535834
408880,0.06101874008204121
408885,0.06367735629576744
408890,0.05228032694610537
408898,0.060829620698377974
408902,0.029894833509731607
408903,0.019374790312212502
408905,0.0451452508016158
408908,0.014855552802059028
408911,0.012975705454614355
408921,0.19277755605193164
408932,0.040299474463724255
408933,0.07838237855242963
408935,0.24278869027171357
408960,0.0972235078735058
408968,0.021040265676124874
408985,0.009584604704345488
408986,0.0293343417983087
408990,0.06854855415304331
408993,0.04448226024929657
409001,0.04993901096020919
409003,0.011705372766241926
409008,0.0406491097688123
409010,0.057817114527394076
409015,0.013010469869786248
409017,0.10077677201087684
409028,0.009415808982337655
409034,0.016857759978130507
409035,0.018334859003244004
409041,0.0261125430569355
409054,0.04303095458777899
409057,0.03357632316564753
409064,0.08370858871415125
409065,0.47314542760341605
409066,0.021442057331418834
409068,0.09586435173419715
409076,0.041489495595086856
409080,0.027457426648012585
409083,0.0502653611047255
409084,0.10008246319395508
409085,0.06393644418059373
409088,0.01865751315726371
409105,0.12447251559477066
409121,0.013697903743492204
409123,0.2816310724182345
409133,0.08159947135889561
409153,0.04941883283443199
409156,0.013334234826390118
409157,0.43177291733890255
409158,0.037307004298675596
409163,0.18356842440954213
409167,0.08827332322782402
409168,0.13352462977235696
409169,0.02147489046391645
409172,0.1372824489492292
409173,0.011395239988613717
409174,0.009158043715051568
409175,0.010774797757446051
409192,0.37921409850100996
409193,0.09737995896897801
409197,0.03249526166552695
409204,0.014127771053570489
409206,0.017490921973825978
409208,0.06483864213469799
409209,0.056427140560175136
409212,0.11128635801378725
409213,0.026636536643447496
409214,0.12014037869779741
409217,0.0250311130710059
409218,0.038777058999539316
409220,0.03492603759546582
409221,0.07070355386806974
409227,0.014458468895478613
409228,0.012233541326923596
409229,0.07893359233255927
409230,0.1204136140260815
409259,0.041733230707794305
409261,0.025648287066564922
409269,0.21545982932291138
409277,0.014425392273314639
409278,0.009864428007605876
409285,0.21651427964481557
409286,0.024529858714968593
409287,0.11553076937958917
409293,0.04216526109304331
409297,0.013365062390756372
409298,0.015259778384307717
409299,0.03444718620434783
409340,0.039560296094482784
409377,0.09079442054862859
409383,0.024590528257026192
409384,0.021642782103205943
409409,0.028065744422195078
409412,0.02119170302042612
409413,0.07487418570868223
409414,0.13112971548629548
409415,0.04461719758453202
409423,0.08009259904449109
409428,0.12209440894947188
409429,0.0103775273941759
409430,0.04155345452975458
409431,0.02021180953801056
409432,0.21207925044486223
409433,0.019977682704189315
409434,0.14582811894165645
409442,0.2976331095981527
409443,0.2837520641394896
409446,0.02191968538001371
409463,0.02751438156994555
409482,0.018786542420333403
409507,0.17198441132577844
409508,0.04605072611195969
409509,0.015110664146913127
409514,0.045538792338291285
409535,0.10087247191911404
409536,0.06483901370111703
409537,0.025775912512906417
409538,0.04658390626114823
409541,0.05776131496314456
409542,0.027534989684327372
409543,0.03092414575162797
409545,0.06146086602306226
409550,0.015643108319652384
409551,0.01823191487544961
409552,0.1053302952563572
409553,0.3314843801947064
409558,0.04369146599248269
409563,0.01810800854240826
409574,0.027226984866948516
409607,0.08689876691371867
409608,0.3589705333290122
409628,0.010471233742042101
409632,0.18833079657159596
409633,0.12736063885011556
409636,0.1289323096382435
409676,0.028729110017701426
409691,0.056393846716911764
409694,0.0751678342293043
409707,0.029456832512290983
409723,0.015368601114878342
409741,0.020124146699952876
409743,0.10588578499677885
409747,0.07998839916697428
409773,0.09190195220979475
409777,0.21186308334377327
409778,0.10090320791017801
409804,0.06777504822320572
409805,0.010117376112571009
409812,0.03925342678796241
409817,0.015410559871153296
409836,0.04546660791348713
409846,0.1461937505945449
409850,0.13364801157845618
409852,0.01854062154879635
409861,0.4520614504500745
409864,0.14939914401967044
409871,0.08417107165766662
409891,0.037954673151057834
409896,0.011273199654264373
409917,0.10126669706646818
409918,0.030897112771497193
409923,0.05871029925119196
409941,0.015485016498403243
409949,0.04375841056728886
409953,0.016582918956873863
409958,0.014234347531570471
409972,0.07708653006374663
409979,0.1983870406977896
409983,0.10123779946238229
409984,0.05915586693091861
409985,0.013811838688099418
409986,0.12391131582959802
409994,0.13217893799628028
409999,0.02621868677166168
410019,0.0673324662357386
410024,0.03797718503690881
410025,0.027811513922777302
410039,0.02599919537955328
410044,0.07805403539354407
410045,0.04253035181545889
410046,0.0476122516557792
410047,0.01454597758272295
410048,0.02560764743074815
410065,0.03754622372283935
410066,0.11084982747050842
410073,0.013229778511419082
410087,0.03959196292032268
410089,0.09476160966235325
410092,0.041673911077970104
410093,0.17787088915226928
410094,0.045845047482863305
410095,0.0503121033507961
410096,0.047798886276097366
410101,0.08778544733316992
410102,0.05575977771406162
410103,0.020376890435134055
410107,0.011165901662917022
410110,0.07493029622628103
410111,0.044956948186629264
410112,0.16490029291244035
410142,0.016029015422584152
410143,0.01644386058462404
410161,0.08365108719046307
410162,0.10704386926249868
410165,0.043008615333275886
410166,0.1592718058791816
410167,0.12440589978741665
410184,0.09836612806980455
410185,0.017644488262557385
410186,0.012236598640007429
410187,0.05419651450380999
410223,0.030482678912077316
410256,0.3089085403690011
410257,0.10353177791014043
410258,0.012028190721804315
410259,0.010692091209326378
410269,0.20075070333714512
410270,0.04329732065275217
410273,0.07656760028603202
410274,0.045647908730553396
410275,0.01597130501330184
410276,0.2965902178357231
410277,0.033917339620668056
410295,0.02211669630825571
410296,0.01662364832837519
410297,0.2109642264164034
410298,0.044378999161767706
410300,0.08805349979603644
410301,0.03494913073079053
410302,0.09324389996959012
410303,0.04829238321238027
410304,0.027811513922777302
410305,0.019367266729142876
410306,0.14550586372902866
410307,0.05495942746066916
410308,0.10250141042110317
410309,0.03156019117473212
410316,0.01753325920712479
410317,0.06358243219967608
410358,0.14604267056553516
410359,0.021654196891721832
410360,0.02698794338666848
410368,0.24316868598454633
410369,0.07831729573965074
410370,0.01893005945624602
410372,0.014389226645985917
410373,0.010653323965033752
410378,0.34822428628335067
410379,0.046751038956501983
410380,0.14186195900289567
410387,0.27448429183979806
410388,0.3960583739788258
410389,0.039871836004675504
410390,0.02016872253621515
410405,0.026263540936880547
410411,0.01598561159798027
410416,0.020074732662202173
410418,0.131352060505895
410424,0.12743901425985873
410429,0.06487527177253104
410438,0.02595944429592436
410442,0.0388902812817103
410448,0.012841214023504776
410456,0.04537485421078895
410464,0.03836139291849823
410467,0.08626900811967916
410473,0.20773713917044367
410476,0.023701742088401916
410479,0.20379021626409705
410499,0.08556543128022498
410526,0.12205943733842017
410528,0.061151174493166295
410546,0.21764065955891213
410564,0.017969917575772536
410567,0.04652972560002301
410571,0.09966197186523224
410572,0.27912914951817547
410573,0.07541008473650643
410577,0.029756327368035358
410581,0.051133073156572006
410587,0.1045798358826934
410588,0.044222426552428175
410595,0.04461366089012779
410602,0.010491998254014655
410606,0.03452839623553997
410616,0.016883820768128326
410624,0.19164944001808312
410626,0.09603945942422201
410637,0.031739872999162415
410660,0.0252173615548534
410661,0.026870541369652123
410663,0.043394856170493795
410664,0.11739620977158946
410669,0.04951244927401534
410675,0.06860391161467329
410679,0.15895554587484
410684,0.019132529852422902
410689,0.01444835671415548
410693,0.011568420569342715
410697,0.01737396427688135
410698,0.014308923349556921
410699,0.010615219015755909
410706,0.024004104386843927
410710,0.12113883697535291
410712,0.015582426621418058
410716,0.030764669896784714
410725,0.04600215463826044
410735,0.11240912478376808
410742,0.02617354822621834
410745,0.014943254465339345
410746,0.01743880909314865
410751,0.05759976724629089
410753,0.025468122068328942
410759,0.059850343929571656
410761,0.32352253243361206
410770,0.015889887285785505
410778,0.08486557780636435
410784,0.04278328633882888
410786,0.051922960277120636
410789,0.017644244861298338
410800,0.058601961710614416
410811,0.020513918738932567
410813,0.032708395141187306
410821,0.2108983941399088
410822,0.027618931051699373
410879,0.04636762608569664
410880,0.07677443883352321
410900,0.04241365703331516
410901,0.1431570690489855
410908,0.03536172230226916
410909,0.011346583807524603
410910,0.02346071678111138
410911,0.17526360388954804
410912,0.03613322035918979
410913,0.029424110176033184
410914,0.10912182452005956
410915,0.01959081874758898
410916,0.009086497812547943
410917,0.03157654028188624
410918,0.04173617150358273
410919,0.021691024472361452
410922,0.0889432487701978
410923,0.03607781450225239
410940,0.017208290906262982
410955,0.0854979274946517
410956,0.38239175069009407
410959,0.3477817916366394
410960,0.08456490950260843
410961,0.15105805449586635
410962,0.04667102951860296
410963,0.13409749292410716
410964,0.016928055869745752
410968,0.03599710386579943
410970,0.013579427026602253
410971,0.04184353429750886
410972,0.08494929412722466
410975,0.10786931239497166
410994,0.18155280666630774
410999,0.10119006373950831
411011,0.25445398094252614
411012,0.07107995263252995
411014,0.16422816459491024
411021,0.0297265955272051
411022,0.2135614332136441
411023,0.09141572319283357
411024,0.08386267677382848
411025,0.022266148549193197
411026,0.44024467091483255
411027,0.10196480383133535
411028,0.019116337236960275
411030,0.1395719361745723
411031,0.06562415138203367
411032,0.048244820865267816
411033,0.04692819442883619
411049,0.022635635021172513
411050,0.046179082758739345
411051,0.21156411272367426
411052,0.10159426255880004
411073,0.0512053762067069
411074,0.027336160114273998
411076,0.029172123268830112
411080,0.029502364921538383
411081,0.017890054813046882
411082,0.010615691320709731
411093,0.06256728849420215
411094,0.0845142759140855
411095,0.07585395072486477
411099,0.02451325739750303
411102,0.023770432993848102
411103,0.1505017097666582
411112,0.035336258641173936
411114,0.09885216417466654
411115,0.03941674515007968
411116,0.08312954412033312
411168,0.058598529801079144
411169,0.32476082038609033
411170,0.051511516633435527
411189,0.02013949243875444
411190,0.02732775231033071
411195,0.0564595953188574
411196,0.1145337731654579
411197,0.028686132988220203
411205,0.0095889158964013
411206,0.12097940909216916
411215,0.06913159307863387
411216,0.022775216443014706
411217,0.04528216311364567
411218,0.07346718653802944
411222,0.017428463219537373
411238,0.010548105935612569
411239,0.015476141493695559
411240,0.08287800546320927
411248,0.011135026540931585
411274,0.08208140341784396
411275,0.05210639409516008
411293,0.013563035932163871
411299,0.10599701247770363
411300,0.01018792136263565
411301,0.05330256152086967
411302,0.10851432963292382
411305,0.10545250147671233
411309,0.09695088199715446
411334,0.037118896505861934
411343,0.0477526425544994
411349,0.016590172680572352
411360,0.06840670959773845
411363,0.013649672442464558
411364,0.016343219476023765
411384,0.09586345033503926
411402,0.05305529074174573
411424,0.04155838979792827
411425,0.1425500938168413
411430,0.20513799452190282
411432,0.051344777526012964
411434,0.23441090347385946
411447,0.02503720716075266
411450,0.009052825685630383
411452,0.13070193927650436
411463,0.11716909236395381
411467,0.11555881377818326
411474,0.02999841452210227
411478,0.00929904251164912
411480,0.06101718287991411
411481,0.1124284400233962
411502,0.12020623174783991
411509,0.025878923517939478
411511,0.230748909259005
411515,0.04063560741833791
411516,0.13047270375466388
411532,0.022169076473896647
411565,0.009700580745115605
411570,0.10032489544852483
411600,0.17691130115316792
411608,0.06960917348475035
411613,0.03472317768281966
411614,0.010857523092009564
411620,0.07695113927449827
411634,0.020313140755230146
411639,0.014918495532168622
411645,0.10232595975559318
411648,0.015425629686871084
411660,0.02809162589977173
411668,0.009170029753869926
411672,0.11522024152528354
411673,0.013023831447163042
411674,0.22867234152581947
411675,0.022355086417189245
411676,0.009415808982337655
411677,0.1382493965308633
411715,0.02549723886500064
411718,0.023335202233984696
411719,0.12771170444114943
411720,0.10013741048968798
411730,0.021466182580273892
411731,0.09005544158528409
411740,0.08267754593673629
411746,0.02888718130622971
411748,0.013416082025780207
411749,0.02139767687980292
411752,0.06308446664235415
411753,0.014058419333254923
411754,0.017812179705477382
411755,0.015208638260841813
411767,0.02025441402162833
411768,0.07876065564580478
411819,0.1008928317907218
411826,0.12361679772434683
411827,0.04147497450705048
411841,0.0103775273941759
411842,0.5064769778732983
411843,0.05002209725155031
411844,0.07827079991338051
411845,0.04860239002174298
411846,0.20421702285746188
411850,0.24232624752094695
411852,0.13468591495753365
411853,0.08057541008096585
411854,0.021940583297265552
411855,0.033319858557605525
411856,0.06940726482938167
411860,0.06819260656575636
411883,0.011708937237626919
411938,0.05011297107899445
411939,0.18280716897432325
411940,0.045022216363343553
411957,0.25448868894025634
411958,0.0853814707807768
411959,0.0773122294282009
411963,0.00929391968684584
411969,0.02126323170840007
411970,0.03850883588620204
411971,0.02037561743288786
411972,0.05539319248360754
411973,0.021527131838456986
411974,0.02223192796496362
411975,0.03492932509798115
411977,0.03991499207448694
411978,0.3189354059564157
411979,0.17662748065722286
412004,0.055700845600869665
412008,0.016414573765054237
412009,0.04653714669526024
412010,0.011392572179929557
412030,0.042419867713242174
412031,0.030909527784472597
412032,0.0237104659249613
412036,0.021684537879016367
412038,0.036553215724245455
412047,0.039906420996418564
412049,0.34294412302209154
412082,0.028960824422846206
412092,0.11386929848612123
412098,0.09961393137796347
412101,0.1027029761623595
412108,0.3279804398876384
412111,0.04851186645503444
412119,0.07879611179739987
412128,0.018130940632646485
412139,0.0961965697130514
412152,0.10132589135599923
412154,0.024407657791913128
412178,0.2153418682789549
412180,0.048892900462519616
412193,0.03894435878440401
412199,0.026530363854364615
412204,0.05675566523745601
412206,0.05954917064151046
412207,0.02118100112845085
412211,0.06864093096553026
412220,0.015303534862135057
412221,0.02281655641299658
412229,0.10260981688866713
412234,0.012371665872447623
412235,0.042182868492120724
412236,0.1648819579044074
412251,0.05562571842796452
412262,0.10333458567877343
412270,0.14595486715695005
412280,0.0460059151521004
412289,0.2119036858251521
412305,0.0416282165089812
412310,0.050941939798814694
412345,0.05490399435911475
412348,0.065046436267051
412361,0.09262578666513119
412367,0.1953500373421238
412368,0.02696509064409496
412370,0.31099135544887335
412372,0.2277543011502042
412377,0.12397636139739836
412380,0.01786394629053554
412382,0.010548105935612569
412391,0.023952303520687508
412393,0.019265220026903875
412411,0.16894215418677128
412412,0.07250453360558871
412415,0.08093912792561316
412416,0.21120925661214476
412422,0.13395998934253642
412428,0.05692881067719692
412430,0.019657708973246316
412436,0.05087922658385101
412447,0.028346745846755637
412451,0.009703464378469138
412456,0.019291773464684015
412470,0.17235077891665715
412472,0.025307033439120392
412478,0.009854980505585805
412487,0.07498363254348205
412490,0.21456499972453433
412494,0.09050708603134303
412516,0.09373120693576317
412519,0.01920636756861879
412525,0.12613069410146144
412527,0.13167098996354182
412528,0.039365269753272175
412551,0.11304158610711423
412552,0.02765814178617982
412557,0.019355188031196395
412558,0.014914405234133394
412559,0.08587515334157356
412561,0.018716026522496213
412563,0.010471233742042101
412564,0.019143988703918112
412565,0.057578277879884635
412593,0.05771374084189582
412598,0.2849273856893206
412602,0.04437864495851259
412610,0.08135645214043004
412611,0.1113607299209324
412612,0.018623694882432894
412613,0.12455519986326187
412621,0.08650380532477436
412622,0.010386780224593469
412623,0.05804623274469346
412624,0.20186171632172215
412637,0.038838252557698315
412638,0.12480100248934822
412639,0.2637211083935414
412640,0.015189187151423856
412641,0.02796055365225536
412642,0.05093382648368394
412643,0.03928970078257882
412644,0.11545330553187536
412651,0.09926264777307238
412667,0.02034409668953021
412669,0.14592420682992108
412686,0.11873324403445887
412712,0.010888070585281455
412713,0.12423598400751137
412714,0.01835914036872726
412715,0.01365051297708032
412720,0.04670517548606349
412728,0.04316008597577343
412738,0.022208692207369186
412739,0.01895146597155491
412740,0.11971730385692014
412741,0.07521448456872588
412753,0.02099147832651082
412754,0.0268071748892711
412762,0.034360220256778026
412764,0.042049978874406174
412765,0.08999441062197806
412775,0.02751939786986632
412776,0.044807009637688605
412777,0.011308798941911637
412778,0.30384394074655663
412800,0.014043418192891465
412801,0.013781319004063064
412802,0.10079389722525611
412829,0.04896715987727902
412854,0.06938301167780385
412855,0.035318514847775255
412861,0.09267775045890078
412862,0.045785767476973285
412863,0.021530510113491174
412883,0.04137004457061368
412884,0.0184287292186481
412886,0.2759933882060215
412898,0.07285309021743244
412899,0.010910869604031724
412900,0.011498470488781453
412922,0.14745975271528008
412941,0.08091425876513149
412959,0.05997269015978187
412967,0.04378842721183309
412980,0.08283312295738336
412997,0.023020598162944918
413016,0.03293750251243942
413017,0.19848455095192946
413027,0.027201089368757342
413034,0.1222098393291384
413038,0.12143653371616596
413054,0.1013123416417491
413059,0.030543294410506645
413065,0.053308748741399695
413073,0.05629277264419332
413075,0.23622307424285588
413081,0.07597945195028682
413089,0.21112973671014804
413091,0.12275792021322404
413094,0.02626504410220082
413104,0.07177468652858224
413107,0.14416245803249267
413110,0.058807262570094734
413113,0.2092449938974364
413117,0.05327024071635069
413124,0.021936319423210605
413126,0.07710511806867798
413137,0.04432219706666299
413145,0.05235854200548814
413146,0.02401890751168831
413147,0.08069089468025722
413150,0.009753188145416663
413159,0.14513720279900585
413160,0.03717172639243602
413172,0.2296838625873096
413179,0.017969917575772536
413181,0.01489293338266448
413185,0.042383022925937604
413188,0.2225453516723736
413197,0.028984150820231497
413208,0.21241000397116233
413215,0.047602280387155076
413216,0.08676950023493837
413219,0.012889252043545666
413232,0.030491009630246646
413237,0.045251471714986315
413243,0.4360224805619858
413249,0.06851021577891647
413262,0.0419229616229717
413263,0.09678512700833283
413271,0.09425309649365138
413274,0.04933936783352908
413280,0.04823910676389453
413296,0.13241686273004666
413299,0.23723414965261594
413303,0.033155257596029344
413320,0.08170305086057277
413324,0.03047809934608195
413325,0.05261057168723715
413335,0.10604336630619096
413341,0.13731868527806768
413342,0.028091740926253356
413351,0.1036762505565576
413352,0.02230450644985102
413359,0.025079299964149777
413373,0.11052645562010788
413374,0.082596142545989
413375,0.021958339235830383
413376,0.03844144567593217
413377,0.07944067902639515
413383,0.05733690819253921
413384,0.11561291322756288
413392,0.061554365359044905
413393,0.12721591660117673
413395,0.07496293372963304
413424,0.052847664303914375
413425,0.03576606187138763
413457,0.012953859042260974
413458,0.05050764258480774
413459,0.048850462669950474
413460,0.008700156921202063
413465,0.0393533181868893
413466,0.16166109858181113
413467,0.03953995100906153
413468,0.01730020847928665
413475,0.07918068475121452
413476,0.09041389990245173
413477,0.3001152231377388
413478,0.012609314414381984
413479,0.011150225511436844
413489,0.13024362612602708
413491,0.04427248815719968
413492,0.1158985234367724
413493,0.07584901515818113
413494,0.07043142138766116
413495,0.058935699320888844
413498,0.08789092344974156
413499,0.1120584876983719
413545,0.1101324287301417
413549,0.01704296432500897
413550,0.07491776546251822
413551,0.04594336656547542
413552,0.2893021492075496
413553,0.03881912925259624
413554,0.02637654524604376
413558,0.13134474448996936
413559,0.2207863428493891
413562,0.0550401365149872
413563,0.06283728442778973
413564,0.011337899127843654
413592,0.04735466594046346
413593,0.02522484544081628
413594,0.02700063167821238
413595,0.03008633175496685
413596,0.14286927663805693
413597,0.040318199553330304
413604,0.017001265861668606
413605,0.0676645594099603
413606,0.02145300025813786
413607,0.0136454203514769
413616,0.3308982749633977
413617,0.07171298311401758
413618,0.13536906341638816
413625,0.05385934986584614
413626,0.18707395242637195
413627,0.03408248712428757
413628,0.04638166717445489
413629,0.018748419668597253
413630,0.1398806785684094
413631,0.06381629053239504
413632,0.09490352715913612
413633,0.1907327331543337
413634,0.12359303026715099
413635,0.21596160465555436
413636,0.07224254615223605
413644,0.01637478814110139
413645,0.011476272331738431
413646,0.018876084441933727
413683,0.01839606697125277
413685,0.03306782188646547
413686,0.1783697587497407
413690,0.03285676905755132
413691,0.0090811715214811
413692,0.028346745846755637
413693,0.06411222034574884
413694,0.21605783939342463
413695,0.012537802409662124
413696,0.13542366857456897
413702,0.06840670959773845
413707,0.040825582219246634
413708,0.324174857888761
413709,0.11560860107365603
413730,0.023143226669140753
413731,0.09501931707663269
413732,0.037924843472791375
413733,0.015422863126991976
413734,0.10400518677347408
413736,0.023789809045710382
413748,0.030438816442574956
413749,0.11752364939089552
413751,0.15303447496282702
413752,0.3178959899217768
413754,0.03975266033886239
413755,0.25395595089182793
413756,0.2012880867991446
413757,0.06747762954632161
413758,0.13383837127250275
413759,0.08452958650825271
413760,0.038691946526302354
413764,0.01664561043977711
413765,0.036545465369389185
413766,0.04046840634746084
413767,0.06329582573462723
413768,0.060703838476708946
413769,0.02830295704062799
413770,0.011660548150556364
413776,0.02260770692438475
413777,0.019332895401960697
413778,0.013446762648945185
413797,0.10196052269906819
413824,0.022345243002605087
413828,0.14211980390421783
413831,0.10731562088055475
413834,0.01448624992623602
413841,0.017100003264264203
413848,0.01959019963696258
413850,0.029768225261519753
413851,0.15554720910935346
413857,0.008720921433174617
413860,0.014801471297242874
413867,0.06371276064361717
413868,0.09064339231435872
413871,0.07149822710442065
413878,0.019955385090532966
413882,0.042545283353706706
413885,0.009158043715051568
413886,0.067469438586954
413892,0.04413752535592539
413896,0.20680550675272147
413897,0.04915511086928519
413917,0.18381157259654488
413921,0.015800869561141996
413934,0.23784593944571925
413941,0.021392093706069624
413953,0.012291742193300079
413958,0.05984425645703183
413967,0.036970719661149024
413971,0.01972446905124702
413975,0.10139370742609226
413978,0.0758814963857942
413983,0.1295009532926525
413984,0.011294056641100904
413989,0.03835942322377957
413992,0.02487491618140953
414001,0.04806708239786704
414002,0.01497936789184696
414003,0.08416524174557413
414007,0.22017300546433213
414008,0.07337525377245821
414016,0.20148311212369469
414022,0.01211294541929641
414026,0.1063648326074301
414041,0.06576924902887119
414042,0.2586005375327278
414045,0.0395594055750865
414047,0.08228020596015925
414050,0.3686240087516383
414061,0.00929904251164912
414068,0.0725526825429587
414076,0.08352359035536547
414093,0.043492521722897824
414102,0.014593545942572141
414109,0.04621174601145393
414117,0.07175218320720501
414144,0.01262658238871384
414149,0.022434596022224952
414160,0.025843699265840014
414166,0.488182914174667
414171,0.20770005100997957
414172,0.06719594223742638
414183,0.06186128897175238
414186,0.032287116501942
414192,0.031181892645790653
414194,0.13185049342445004
414203,0.3023119480159842
414206,0.012801458268936148
414207,0.04423513198596054
414229,0.042190424171226995
414231,0.05828902935247645
414248,0.022041135993677213
414251,0.059745129875715695
414252,0.025109564080247098
414253,0.3406452265076121
414254,0.08457378371563103
414255,0.1611491839955848
414262,0.04850427289362247
414265,0.14561018642698959
414266,0.3193328397627122
414267,0.027976928472522887
414269,0.059858370676034535
414270,0.023534462321719418
414271,0.04528822516686017
414272,0.11580547856397674
414273,0.030606342592983293
414275,0.010491998254014655
414323,0.5481500849298278
414324,0.028879750961149746
414328,0.02970316868800509
414329,0.05268994451746434
414333,0.01653583490406715
414341,0.012371665872447623
414357,0.0734580441892286
414358,0.011873047729858411
414359,0.043957952933864494
414362,0.05835015192964878
414363,0.032488389127675786
414368,0.02901283281393473
414372,0.03528276464113962
414375,0.025633385526239904
414376,0.009140012411479801
414382,0.14572565502688634
414383,0.12215430473987751
414480,0.01967140637265153
414481,0.061538813909079705
414484,0.3130055993918747
414485,0.017070252443702798
414486,0.01719297161302074
414487,0.0708429945102184
414488,0.13228584972201318
414489,0.037199372910042335
414492,0.009158043715051568
414493,0.16628201250236468
414497,0.018927837590116015
414501,0.04594999983318535
414543,0.22002534370486287
414544,0.08285667279268526
414559,0.038654198870482014
414560,0.07925532572944657
414561,0.011455507819765877
414573,0.08450043773096716
414574,0.03936669635883725
414575,0.1858913171081596
414577,0.03894435878440401
414584,0.36278972243401547
414585,0.013324810113686272
414586,0.1712030323995802
414590,0.012521364359292655
414591,0.0549325786205479
414593,0.15534378440589416
414597,0.019693996975812773
414598,0.19717608809533338
414621,0.08730426117550064
414635,0.13756194020121632
414639,0.024135274709235283
414640,0.01195904007529617
414648,0.04652688995550063
414656,0.014668343231289582
414659,0.04870306417375829
414660,0.018258457495928325
414663,0.03920504195871592
414683,0.028310277962374043
414691,0.12970775449976144
414700,0.11140271140262026
414705,0.009205245709950554
414708,0.058083871302582066
414711,0.043163991976127955
414712,0.019780434978696255
414716,0.057821554836339425
414720,0.019693996975812773
414733,0.010835380209969674
414740,0.03390320714739859
414748,0.03387101563831381
414767,0.2065139633469284
414771,0.12432362697079773
414779,0.051920724875374066
414785,0.0905860672745348
414787,0.10321048410583815
414793,0.009862434001520648
414816,0.04907386558658182
414830,0.11130581224272156
414831,0.4274537062857471
414859,0.04121178555202927
414864,0.024884987084879757
414867,0.025624490097402048
414871,0.024116092905275232
414879,0.050952347200230085
414892,0.2113345477775745
414895,0.04921823033816385
414911,0.18945626448671637
414915,0.09352592222699507
414922,0.04665807172654023
414939,0.014006356105939343
414945,0.07032228788704323
414960,0.023784956257694678
414969,0.028939821668788935
414973,0.011645292762913182
414979,0.03158489625818945
414985,0.042220501305706974
414992,0.012512767497069022
414996,0.046481824994837884
415000,0.010820728762858745
415001,0.11514117924323934
415005,0.026848436771913183
415024,0.03908729323663463
415038,0.07687131986921
415041,0.1367630398232477
415049,0.057081771217866326
415055,0.061095525146177596
415061,0.04474512981979702
415064,0.12945509869312125
415069,0.15047232782836112
415070,0.04659028213328502
415071,0.010635983527728463
415072,0.04344122323202032
415074,0.03324145628401043
415078,0.11274166997071393
415079,0.021320564360567573
415080,0.12577984013602622
415081,0.22569711484639293
415082,0.13664302777825788
415085,0.061390419744132806
415086,0.022133739381741964
415089,0.0436120540309939
415090,0.05885322306463762
415091,0.07049994809733735
415092,0.054520878798898886
415095,0.039774596556502784
415100,0.1123649441015551
415101,0.011823554951987166
415102,0.13087342057394313
415103,0.028919865613091685
415104,0.041554544840169086
415106,0.0340977182797763
415107,0.04679705014645362
415108,0.20403362589215543
415109,0.250394467058636
415110,0.045610206267597715
415111,0.01053076549830728
415113,0.027776374505708475
415114,0.022041135993677213
415115,0.04196665447430352
415116,0.02633202584674758
415117,0.015485208485791924
415118,0.19638196895089916
415119,0.43945026011948923
415120,0.02544296670027201
415121,0.05995477370446228
415122,0.1382699018245698
415123,0.028729749810128206
415124,0.3087921746775714
415126,0.12993711749083608
415152,0.014837713650297494
415205,0.06600338157961202
415209,0.02178004756221295
415326,0.06401638616392219
415409,0.029991751846339017
415414,0.012487494916583124
415430,0.055523627935663455
415466,0.06854157631045396
415467,0.18652502033463175
415473,0.05479821700104119
415474,0.009978569062464885
415479,0.015966496778714135
415480,0.09850580464100095
415486,0.025248210448354756
415488,0.09644673925774784
415489,0.06164775239115265
415490,0.035538124077373334
415493,0.02453899981074976
415494,0.042383022925937604
415497,0.03367881814590159
415498,0.05958650743437758
415499,0.021958339235830383
415505,0.018333017378051913
415506,0.047088665474586046
415509,0.031973287338718605
415511,0.061634623781305575
415514,0.06679800143462497
415517,0.05727110290862909
415519,0.10559574068362051
415521,0.2853907098485689
415522,0.011856866820486723
415523,0.02513388002356501
415525,0.021642782103205943
415527,0.033591161050441645
415529,0.018804223104815415
415531,0.030349362391365847
415533,0.05936286558744103
415534,0.052204345546656886
415536,0.031196828553604762
415537,0.1387234822417874
415539,0.04250042819233278
415540,0.02020766383639953
415541,0.2193934650951491
415542,0.06684339929512191
415543,0.020643268575225443
415544,0.05724995104580279
415545,0.08403292917424855
415546,0.19940719289530406
415547,0.021336333619716992
415548,0.019361126020804968
415549,0.10358759926820363
415550,0.09763698533271825
415652,0.030354082678666305
415654,0.014914893141322744
415686,0.0906978153109097
415687,0.1143888196907195
415695,0.10614385024253392
415698,0.07102695240728907
415701,0.20822995058344698
415705,0.20651011477410508
415707,0.028108584546912584
415709,0.0506942911036944
415712,0.04185721937870258
415718,0.04154684509043535
415724,0.011167570931287925
415729,0.03989554119874826
415730,0.37399403660726477
415731,0.0593776992802138
415733,0.019925732544189452
415736,0.0250838368815137
415737,0.012824623452122885
415738,0.22295183418303996
415741,0.011600474698838507
415742,0.3113994892079929
415743,0.07168875684220269
415744,0.019523606529171223
415745,0.010837877725587074
415746,0.03597255351931129
415747,0.07531210274553345
415749,0.06156650311515943
415750,0.03558341672179307
415751,0.13538483235417276
415752,0.012032712233171528
415753,0.24294410875218797
415754,0.028087535560042502
415755,0.05601244273108774
415756,0.16693490797525765
415757,0.0976919732952372
415850,0.1672943450031532
415874,0.04466351267372224
415930,0.10867600831290329
415962,0.31313304797617014
415994,0.22009490498104353
415995,0.07996021069215814
416088,0.15288526806243077
416129,0.15469246592543917
416228,0.03138878446270115
416229,0.022070532497854463
416239,0.15065942372760793
416243,0.04732525785400142
416245,0.0900857679952796
416253,0.09841336385807427
416263,0.041561938398263026
416264,0.1429553168602717
416265,0.06315555961888002
416269,0.3160365696000244
416272,0.02928239339436355
416273,0.04386407781787631
416274,0.06224177890460646
416275,0.03982726215033816
416276,0.06280588487687658
416277,0.06369564561013062
416278,0.05436125180499849
416280,0.04303767520145392
416283,0.0629061005941296
416287,0.0680422644219448
416288,0.05319788894288012
416291,0.028401358674715403
416292,0.09523695886912532
416294,0.21259521262625403
416295,0.2899426759592199
416296,0.01825820315382737
416300,0.047858546495714846
416301,0.03708728912393959
416302,0.03609028737656747
416303,0.08253528980960426
416305,0.09510494640379294
416306,0.07748911393580783
416307,0.0992703831427719
416309,0.027663011469195826
416310,0.2719857948546534
416311,0.10896481300090573
416312,0.019476069185597543
416313,0.503596131564592
416314,0.017157373023854686
416315,0.07393431756999674
416316,0.11050591135117689
416426,0.009837641662865292
416435,0.011165901662917022
416444,0.028938912462113185
416477,0.14719399803233374
416484,0.04430358616144765
416488,0.15486663155395303
416502,0.02310126334000375
416542,0.16719424964541965
416582,0.017195223717931533
416647,0.01597989799650631
416658,0.022349852653928665
416659,0.02259553170711987
416675,0.018400671254110802
416676,0.19913477304503668
416696,0.46998921303682917
416721,0.015446693818026722
416729,0.026890164545029748
416743,0.07809045157313836
416744,0.114480789631311
416761,0.048827255419501545
416793,0.14545881983610384
416826,0.011140207929728417
416848,0.10615982750226693
416850,0.04732225916710578
416860,0.2253938410603825
416861,0.13761330227729657
416862,0.05743645330646926
416865,0.04158112336698876
416870,0.13916708440316888
416871,0.1862119170362394
416872,0.02698141491072621
416874,0.15701601409417004
416877,0.03285880250427547
416879,0.013151594168879063
416881,0.04200119243442348
416882,0.021462584280053494
416883,0.02214913120711679
416884,0.01966594443130455
416885,0.0320283456360182
416886,0.08691402904040998
416887,0.07794820519264944
416888,0.10247144804422556
416890,0.04628565902106337
416893,0.10235624800328953
416894,0.035430548000895026
416895,0.07024213137252669
416896,0.01647077786253315
416897,0.06116073966033866
416899,0.05917081413103029
416900,0.012362476222329081
416901,0.012123410560927006
416902,0.010491998254014655
416903,0.0832896134075021
417043,0.015385036641425546
417159,0.015444823058124516
417182,0.05002209725155031
417183,0.05173649546644088
417187,0.03078274318067332
417209,0.021814229405328962
417226,0.3855965155625668
417228,0.22882051763004516
417232,0.015757283062601397
417234,0.01784338974243063
417241,0.045708381458178675
417245,0.020982456128873762
417246,0.055683255693902256
417247,0.12248237700726354
417250,0.3084410372448906
417251,0.011142380366518557
417253,0.009359701300739742
417254,0.03914871843543545
417255,0.060297648080953795
417256,0.08574286826692977
417257,0.07269196341785338
417258,0.12306738507074089
417259,0.009521027011758842
417260,0.19738087094164608
417261,0.011332895779319448
417263,0.13006948083805359
417264,0.018914655808586353
417265,0.029250674501554375
417266,0.058076183080011626
417267,0.043981168072397575
417268,0.019209643663664257
417338,0.027178091168678326
417342,0.13145468484622636
417349,0.023378917672802528
417382,0.09305421403908327
417388,0.08502785475415206
417389,0.12519228927490605
417393,0.09697748555833174
417395,0.10704637955913902
417397,0.016582918956873863
417398,0.010457592097339636
417401,0.04409930661017409
417403,0.19125100706757978
417406,0.06386133316652662
417407,0.30437518406751013
417408,0.1473479851340384
417409,0.026344735917648226
417411,0.026751681136951432
417412,0.04374830185223541
417414,0.0550806712561094
417416,0.19243695621330534
417417,0.045742326633323685
417420,0.11272583013793358
417421,0.1428794602377856
417422,0.45232379142605783
417423,0.017870855538779852
417426,0.016623218100559157
417427,0.09620569893091786
417428,0.05350733740858996
417429,0.024746752055465643
417430,0.11914867845910888
417431,0.021376044924330585
417432,0.014700880904830859
417433,0.08198577359310834
417435,0.10310199523618442
417436,0.04012810579336448
417438,0.02033896588433812
417439,0.04925438903226602
417440,0.05189415189979631
417441,0.0687098020565368
417442,0.25548111432736803
417443,0.11643549838250093
417444,0.09621302416165296
417445,0.13011173393516923
417446,0.03980286698608679
417447,0.17812440644998667
417448,0.07691197614156368
417449,0.05161063353708685
417450,0.04075809568141199
417451,0.10953764286644689
417452,0.0844971741614311
417453,0.056288632339282066
417454,0.08584936911709952
417455,0.3049554158868973
417456,0.02665392687261147
417457,0.019020059976397996
417513,0.009971212789356493
417544,0.4638867659334611
417555,0.0723161816944324
417567,0.05116534931214667
417612,0.03634176707914548
417625,0.06866459939057884
417626,0.0233453605917388
417627,0.19616661726256962
417648,0.04574309428940578
417735,0.051928310277194946
417736,0.19571407534209007
417749,0.0556705318550401
417778,0.01314387826140973
417863,0.024132477129714718
417893,0.0144957107688698
417895,0.025396409903593035
417903,0.03850749207309659
417910,0.041561440532442054
417915,0.19240742962061105
417925,0.04980404940929807
417927,0.018463524734455693
417940,0.1470631132046301
417949,0.044076410335292616
417950,0.018031850911736706
417952,0.025414811887651306
417956,0.052295648507476124
417969,0.04893658383950458
417970,0.019453966572638932
417974,0.07609172479608325
417975,0.011575770675642569
417976,0.02463720938303387
417980,0.02140937722914951
417982,0.12354726265132247
417983,0.010413937195401415
417987,0.024473229130912398
417988,0.06605564986320936
417989,0.03174854360060024
417990,0.6147393612383214
417993,0.0630873869148595
417994,0.033028847790441004
417995,0.014666101484446109
417996,0.04350216882894845
417997,0.019817784308076413
417998,0.28819730097146923
417999,0.05534455045006538
418000,0.0847378423326255
418001,0.0998003842053801
418002,0.03148974628753431
418003,0.12715767143126222
418004,0.10395411209111698
418005,0.16384853187994897
418006,0.021815215870973646
418009,0.1215609335500721
418011,0.16295917050060005
418012,0.014308923349556921
418013,0.09695663910356823
418014,0.19917033473683912
418015,0.07784757072440873
418029,0.13315849275853894
418030,0.041351933173094144
418132,0.04177649487869555
418217,0.10200979706283471
418222,0.011003013750074033
418237,0.02871122037783646
418272,0.08483543518943194
418343,0.22396716034611294
418344,0.10304031264977091
418345,0.1884167914978682
418386,0.03717434951224306
418387,0.04305282179747746
418402,0.011037274407828281
418436,0.011070160808273107
418456,0.18906065524847163
418458,0.10282699447820146
418460,0.09937364103068516
418487,0.049473666284637716
418514,0.05371441502576901
418519,0.02700521028074342
418532,0.011575922133221296
418539,0.01765649748938185
418549,0.04242683907690993
418555,0.013850730343300435
418556,0.24012520874132104
418558,0.06410593682908095
418559,0.01728981268789407
418562,0.02212109845542589
418568,0.3841764721534355
418576,0.02510023398521129
418578,0.1637265304237478
418580,0.05682285685258191
418581,0.12415004472001176
418582,0.01314387826140973
418584,0.03288654867300901
418585,0.04159185225376673
418587,0.03867594791373909
418591,0.019814510251452085
418592,0.029458854600787655
418593,0.0273527080722539
418595,0.03315510236121382
418596,0.06387463833366476
418597,0.016602714024442432
418598,0.06555832939404825
418599,0.016459025351428676
418600,0.06840089286730452
418601,0.06776339712266266
418602,0.16543455779020602
418603,0.19628499407064218
418604,0.023655362339840374
418606,0.15710747598194916
418607,0.020041911513755988
418608,0.06850873074780231
418609,0.07190559502307595
418610,0.06780974806574999
418611,0.15043519088346008
418612,0.06019851963238611
418613,0.04989417418027518
418614,0.13060012607309124
418615,0.03311359833614975
418616,0.04147011217966544
418618,0.33277394968805607
418651,0.04120942900535353
418652,0.024372425555297568
418653,0.06424510836027111
418658,0.12288000622026067
418692,0.15434848255052322
418749,0.2000814252291614
418820,0.06530657688715409
418843,0.06517881701042083
418863,0.029070912237687395
418915,0.04220694073955635
418938,0.12499089406545724
418957,0.11606686866731424
419024,0.22389578946358032
419061,0.018408181884756965
419063,0.043692231443117444
419076,0.027060573816007637
419093,0.014168984429584978
419131,0.04578448822520636
419132,0.016164041600755394
419138,0.01725691842838985
419139,0.08213490326027664
419141,0.046738492779642045
419142,0.01631520502316828
419143,0.026341983332435426
419145,0.01442185728644744
419149,0.016376920240965702
419151,0.0140672229628312
419152,0.02338275934305268
419153,0.07167791883647165
419154,0.056524692196700976
419155,0.04030111686225188
419156,0.05230776138686042
419157,0.0138527648448486
419158,0.49945786913319806
419159,0.22695909836727973
419162,0.011814155267048106
419163,0.04331091771950364
419165,0.28507273709387604
419168,0.16715142681549477
419169,0.04769440386155484
419170,0.11903056034429231
419171,0.21306743040420115
419172,0.09284077055368176
419173,0.02762766192148472
419174,0.025275173634145297
419175,0.016761007929889583
419176,0.07708474088368815
419177,0.17548230782678154
419178,0.07298815931187355
419270,0.32839517674962965
419305,0.11784202106309263
419330,0.04615426579033626
419485,0.0227917257615128
419491,0.06001813650040251
419499,0.11147293596398507
419513,0.22094058975502623
419514,0.04504387369417982
419535,0.07194877187298819
419538,0.03164805964421122
419582,0.30310587035595493
419601,0.009516638197473946
419611,0.12155008109056638
419644,0.18704226415455713
419648,0.057742713195199226
419649,0.04384537429479039
419656,0.028425744574445085
419671,0.013201102611274657
419677,0.0946108210213583
419685,0.21506530018012682
419688,0.10603588033197815
419689,0.10602274914031033
419690,0.045666592267519665
419691,0.06840432228258099
419698,0.191648206365748
419699,0.015012225491192827
419701,0.20872763737857256
419703,0.2764724314338027
419704,0.057626892260074246
419705,0.22765365395427253
419746,0.31419479156650393
419750,0.009307274592629342
419767,0.01365406125674945
419775,0.04939092484625669
419783,0.049561571118645426
419787,0.191447473319907
419788,0.08708443961306438
419790,0.01471733318709716
419791,0.026022574976173385
419792,0.042181025899892075
419794,0.12562585895241024
419795,0.11973197497587304
419797,0.04209395347263428
419798,0.034850101325588675
419799,0.01519131614057424
419804,0.1519095390122663
419805,0.2055831798849131
419806,0.06232020324139914
419808,0.022893819879342255
419810,0.05537089319288124
419811,0.021024833708281156
419812,0.2277164413842268
419815,0.11368855611920145
419816,0.04767974641691637
419817,0.05532763616623102
419818,0.11668971443857352
419820,0.03068754358227636
419821,0.11441048267586873
419824,0.13549032943496342
419825,0.07796241324106168
419826,0.04407403082275418
419827,0.009170029753869926
419828,0.011438753232442568
419829,0.026652818561010927
419830,0.36616320362496085
419831,0.03676110193212495
419832,0.06099695789907918
419833,0.060243929045892555
419834,0.031441796172213037
419835,0.010943095755008257
419836,0.056717137613538006
419837,0.11475223840772744
419838,0.024133286032935623
419839,0.08667122759148936
419840,0.04805413602931259
419841,0.19484941336239198
419842,0.2146856733849706
419843,0.14468559725601124
419913,0.28335812447296027
419916,0.15427655134525914
419955,0.01113240002332205
419956,0.039988626834045526
419992,0.010936474361478578
420150,0.05576279965647786
420160,0.17035300939645398
420190,0.04222640230862161
420195,0.043762016100391814
420204,0.10860180741623023
420207,0.16739423510312895
420210,0.0351290931744702
420214,0.12313789519344683
420218,0.02096415783657372
420219,0.04225621222151705
420220,0.05579308920045876
420242,0.025548176745225394
420249,0.009287841976717207
420254,0.02731272967329637
420255,0.01682869326068029
420258,0.21601718853131407
420260,0.009359701300739742
420263,0.125198881782141
420265,0.016382655011990516
420271,0.022696494142628833
420273,0.10745170633224929
420274,0.04492466842580648
420275,0.02562742955379179
420277,0.011965669627791917
420278,0.0763966292827942
420279,0.029003508455872205
420280,0.0499392730395582
420281,0.04917047490843664
420283,0.11193972777084601
420284,0.0636401491866842
420285,0.015487499637731874
420286,0.05827549265192813
420287,0.06763212886385828
420288,0.010912325287234053
420290,0.024693988478753422
420291,0.04481805474387711
420293,0.04650421789388873
420294,0.01051585661780121
420295,0.0808933533104759
420296,0.009796461500734334
420297,0.05579666423767031
420298,0.03266429334339458
420299,0.09792488085014753
420300,0.05617711936899707
420344,0.028721000870550427
420345,0.2180236504474733
420347,0.0214919919948639
420348,0.11497414305289344
420349,0.04366109019358165
420350,0.011020927878927207
420351,0.013283452722065886
420352,0.01176023592770576
420353,0.013819798868425335
420354,0.12802449138886185
420355,0.05588559815780246
420356,0.06433746893800027
420357,0.026525017745223818
420358,0.20607299690495884
420359,0.023055471306490105
420360,0.01139074537019857
420361,0.009918602160236366
420362,0.049019021986022634
420363,0.1406624918955924
420364,0.12905545842848345
420365,0.023687732632433504
420366,0.06586954343704605
420383,0.034304916839400026
420436,0.1737527594847198
420446,0.05150448196389701
420554,0.06105875403615165
420565,0.039792814341363794
420569,0.08246603388350052
420573,0.033351002150766355
420574,0.15203364230822697
420587,0.1198711605710936
420589,0.156687967926849
420593,0.028346745846755637
420594,0.05764595849800793
420595,0.06103475857823014
420598,0.011950082785329077
420601,0.05863978525382182
420602,0.19570796609458768
420603,0.07419786967592393
420607,0.025224743669033056
420611,0.011897707076484102
420613,0.03715822454516823
420614,0.04554363386884176
420615,0.21862144747865858
420616,0.012456016610163701
420617,0.08770455779379341
420618,0.0154504580258087
420619,0.055420910519582436
420620,0.03452839623553997
420621,0.17302508017869145
420622,0.058770270197844685
420623,0.10681275665457998
420624,0.031942526863840866
420625,0.01626164815041089
420626,0.16495657957974424
420627,0.17130299130321064
420628,0.01927869090898786
420629,0.012530469837111272
420631,0.02248194978893426
420633,0.10582324527840278
420634,0.021291442756047795
420635,0.0473569614534423
420636,0.023863840471946007
420637,0.04456399548877911
420662,0.026008937482001743
420727,0.040955832139507896
420728,0.1443625009663605
420733,0.2732039305569519
420787,0.021203079562749257
420789,0.011029446429628042
420792,0.029591683887144067
420797,0.0874308146838388
420814,0.015208706217543656
420833,0.2125439757144382
420839,0.023185783939947628
420841,0.1308746881585618
420843,0.029795310312904007
420844,0.10590208065904269
420847,0.20248528689329065
420849,0.011426631343970296
420851,0.05975745840658577
420853,0.03515495723742916
420854,0.06371319116575112
420855,0.0454803251784489
420856,0.0144957107688698
420857,0.05297334507739687
420858,0.011390537673151842
420859,0.012698812825580783
420860,0.40728821068728704
420861,0.14367098811765383
420862,0.04741768527141525
420863,0.048560281398826365
420864,0.06100500911079106
420866,0.4510751415624691
420867,0.015145571636006702
420868,0.03196788212239631
420869,0.05221996355936083
420870,0.010339422444898057
420871,0.04630655685038171
420872,0.0730968443426197
420873,0.009412067822255694
420874,0.10032696777345976
420875,0.16213968129950568
420876,0.03073162324891998
420878,0.01599260052805724
420879,0.06348534698363098
420880,0.010633967617360034
420881,0.02739494378262816
420882,0.018261253266104005
420883,0.2003460356214602
420884,0.10025928881029926
420885,0.03519456108697677
420886,0.06829258518347026
420887,0.09458140408446038
420888,0.030614400282327182
420905,0.029035135016487974
421015,0.04722774012420257
421200,0.2594256731822165
421269,0.12207374629096172
421272,0.022461371047230477
421290,0.28008200226568447
421323,0.2392205249119243
421342,0.011700879482194082
421349,0.046186017177832425
421355,0.026320350821422374
421356,0.04048840838766156
421363,0.15759839118238256
421365,0.1911657027894606
421381,0.0574538156686623
421383,0.026897852100135226
421386,0.3155925847417295
421394,0.008978686700460705
421395,0.08537412583728056
421399,0.05857752893806397
421431,0.35367417703031334
421467,0.07360072565961963
421554,0.12951557767750788
421557,0.05093321526480381
421558,0.09642401759516392
421562,0.013995855916782993
421614,0.3018595566846326
421690,0.009137279203079014
421758,0.22990100452876344
421776,0.1254905816456512
421827,0.19512174520153164
421828,0.061038298702879044
421829,0.048764248277578706
421848,0.014545396394539773
421862,0.01993902093528797
421863,0.010906532718023094
421868,0.008615703403753432
421884,0.047936231235748014
421921,0.06834528691096373
421924,0.24751324426133242
421958,0.07709550811470416
421961,0.025284472867921248
421964,0.013594400716453065
421968,0.051465031074382925
421974,0.19334272502026456
421975,0.008891499974611285
421977,0.11246265669687346
421978,0.26200437094591755
421979,0.009979110524374247
421980,0.038295531966728115
421982,0.05010608626534559
421985,0.08996545265020928
421986,0.05346173782539598
421987,0.03698306010497813
421988,0.020783754253440777
421989,0.11972973211301954
421990,0.09566754137696218
421991,0.021624539043414985
421993,0.04660058617234157
421994,0.05031317580096326
421996,0.45502600373601565
421997,0.015244540922523708
421998,0.07750599905218471
421999,0.15096084649469757
422000,0.20605304390067794
422001,0.028453283903048097
422002,0.11943124119617288
422004,0.08723960037559983
422005,0.19556124452729481
422007,0.12243275639501154
422008,0.03421361571648453
422010,0.029971727406759224
422011,0.024805069027235522
422012,0.0421095157542508
422014,0.070856883118844
422015,0.23372048074458912
422016,0.04638655777725685
422017,0.014510338163471814
422018,0.027982458072505396
422019,0.1205552626216256
422039,0.009086497812547943
422041,0.02666828624035587
422042,0.03368369377833442
422043,0.0548499615013755
422044,0.03722169753634167
422045,0.06011489691112191
422047,0.11600820128946672
422048,0.023233454187128418
422049,0.025590275483707115
422050,0.08301983402310861
422051,0.11562202269172712
422053,0.06900832887084804
422054,0.07525491039380457
422055,0.019368044769189206
422056,0.05393477601187676
422057,0.1211535561361464
422058,0.08032528901884682
422059,0.05295378362296316
422060,0.01891077811982095
422063,0.11963489463946311
422064,0.014366542611924184
422065,0.054110271239123285
422066,0.02447551795390355
422067,0.019226050513441277
422068,0.01405854466938484
422069,0.10688912400566389
422070,0.04594016275835418
422071,0.014267345029169093
422072,0.05227386857916899
422074,0.04935471095586673
422152,0.009517285851676879
422210,0.038347127206799926
422227,0.19484109709321878
422308,0.06881465189915421
422339,0.03552616123046505
422368,0.04282743723318376
422391,0.024812959584493588
422407,0.030521140948889074
422485,0.022500986723859105
422491,0.09476599022938534
422506,0.06715608044398456
422508,0.13900044537220552
422512,0.08709882708409047
422513,0.02554167909250534
422514,0.024407657791913128
422518,0.02954922694293257
422519,0.02662489327719763
422523,0.022765947654630036
422524,0.0640106899495641
422525,0.027536975648914275
422526,0.016168803803107208
422527,0.052769818772189205
422531,0.4130296661297611
422533,0.010471233742042101
422534,0.03360133931933789
422536,0.030745887257480547
422537,0.03953165318941512
422538,0.22811794158812676
422540,0.20245760343855723
422541,0.3132075137166738
422543,0.07153028318518494
422544,0.24841518914937782
422545,0.03217274283051287
422546,0.021762227440342084
422547,0.23489008419546695
422548,0.10751002388229633
422549,0.1827961182110171
422550,0.03338365787158088
422551,0.049740997226254066
422552,0.012924106242375647
422553,0.0540245997530175
422554,0.09974983976890363
422555,0.19353296102505227
422556,0.020954437663988655
422639,0.014964627787114479
422667,0.07455276205586743
422734,0.07920520626828084
422748,0.09584887106981602
422749,0.11900391557825407
422796,0.04823140970169813
422810,0.021962987643562755
422839,0.05200091545705399
422850,0.18041329171391007
422891,0.039741299892415816
422940,0.114945000968007
422962,0.014633786397636853
422964,0.06423795696566931
423009,0.15190233736691833
423022,0.019501542443307034
423041,0.2596100428868723
423046,0.12826518590094277
423052,0.06511856715466549
423055,0.02438158213918352
423061,0.13853435225946362
423075,0.038387687844434776
423076,0.07341953890230739
423077,0.12595639026801236
423081,0.12010216740364861
423083,0.0732601371541158
423087,0.05954179894806265
423089,0.01946367180362067
423091,0.015142401049567229
423098,0.09773235979683305
423105,0.02721272454616343
423106,0.10408650263710284
423107,0.11559342092947034
423114,0.12047453595866726
423116,0.01732133027580048
423120,0.06661821776174467
423121,0.05357121039264884
423125,0.02819781777815757
423132,0.023907554223916373
423133,0.02204796674853054
423134,0.2645762918289406
423135,0.04766312331236857
423137,0.02282685556075318
423138,0.01474167475181456
423139,0.02689229518846497
423140,0.041658654128946065
423141,0.10390424236512263
423143,0.026901260823047068
423144,0.026931723121602868
423145,0.016533701057017503
423146,0.10225468232075537
423147,0.057490847059198526
423148,0.04378691785542802
423149,0.01430106283807622
423150,0.11080397501178427
423151,0.036997663622063984
423152,0.01647649456910036
423153,0.3694647287968795
423154,0.013693743895890051
423155,0.05439142687030309
423156,0.015394161450015015
423157,0.02076857889284585
423158,0.022609679548100687
423159,0.07643709237963436
423228,0.06461485795732236
423237,0.14525768333276654
423386,0.17355225547700662
423416,0.27528642004935505
423417,0.1157700814363309
423489,0.16108359804204142
423503,0.19285504494047057
423522,0.05177056338142825
423571,0.04912466845848775
423574,0.021351932614695812
423580,0.017878670216711568
423621,0.23684668107312595
423622,0.1927133963669061
423624,0.03461070765116979
423629,0.01901892711394546
423631,0.11900175200506417
423648,0.028124571037734254
423651,0.04276057897013753
423652,0.042764225556594
423658,0.20621441878134475
423663,0.011186666174889576
423664,0.015401116939931875
423665,0.13754343460787183
423668,0.08367544791026484
423670,0.04432539597358435
423671,0.16961031593462242
423672,0.031274754021761775
423679,0.013626236446010607
423681,0.11456210799953617
423687,0.08807171048369582
423688,0.057260778351955734
423690,0.029112844989564336
423691,0.030658157009724057
423693,0.021987937311509838
423696,0.14109655038556312
423698,0.09934175950938777
423699,0.13226339514806082
423700,0.036912939951463934
423701,0.07736562783824304
423702,0.08970020183810329
423703,0.02716554666563322
423704,0.027576522373712782
423706,0.03281212634995129
423707,0.03943550156043425
423708,0.008999451212433259
423709,0.18595150918503353
423710,0.18323651010805062
423711,0.018662645165173134
423712,0.10685739423623664
423713,0.04701950213037224
423714,0.5227516144467191
423715,0.01853749672416743
423717,0.12266758610328232
423718,0.03083422709213025
423719,0.11501487995888242
423720,0.029343530358375884
423721,0.06244134207847585
423722,0.029096062415799467
423723,0.10644190760307497
423724,0.040006921791517075
423726,0.014735787361737637
423730,0.013015939324855855
423734,0.01616349030374261
423735,0.0351558713522915
423736,0.043481685060832234
423737,0.009170029753869926
423738,0.05440485716794345
423739,0.0584559849112959
423740,0.027256296240143287
423741,0.021762227440342084
423742,0.09769224341217561
423743,0.03243740113469906
423746,0.02576560844096069
423747,0.010517123853604817
423748,0.11793618359346462
423749,0.057423979346892494
423750,0.2943890005339441
423751,0.03961381000126487
423752,0.022896004013005605
423753,0.21264605482348461
423754,0.038812781233783795
423755,0.02398239541920912
423756,0.14385841536833482
423800,0.021958339235830383
423894,0.024113090322909002
423938,0.13582412613847003
423939,0.04518572381997077
423940,0.045913876608774606
423947,0.017410698019480777
423957,0.2297701708745817
423959,0.05380177824614398
423966,0.249107962035656
423968,0.043560987644713375
423972,0.025523249340107183
423978,0.12488850101535039
423979,0.016754515491338055
423982,0.13327856231735535
423983,0.10110242208855051
423986,0.02311832279755708
423990,0.04302028672032151
423993,0.01407779940299354
423994,0.03157822100231593
423996,0.019298274529737997
423998,0.03205534995834809
423999,0.05154038954472119
424000,0.020274520259852147
424001,0.06891834718406926
424002,0.0095889158964013
424003,0.21873533072793966
424004,0.039735144622073316
424005,0.11090965673796678
424006,0.10118549451994223
424007,0.08148688509658362
424008,0.06556346161721265
424009,0.08118339469345302
424010,0.13076347918586975
424011,0.051528264846318894
424012,0.010675794950900274
424013,0.0686876136736621
424014,0.04424241378811237
424015,0.04326304845011704
424016,0.11014763243209857
424161,0.1272932951432743
424189,0.13416006844798306
424192,0.04436072812187531
424198,0.01755802252917136
424202,0.025808001691620286
424203,0.012870487425193176
424207,0.09579711554053792
424208,0.05485133604539011
424211,0.021530114746600056
424214,0.09820637297346888
424215,0.06079127444041561
424216,0.04361141908470369
424220,0.044731211478223995
424222,0.05128111509353124
424223,0.04259837259864283
424232,0.058632620139109935
424234,0.01145657298742578
424235,0.01940207083591288
424236,0.021845024198188918
424241,0.016180095619678793
424244,0.02747779033256643
424245,0.07417758355282758
424246,0.02388229749082029
424248,0.24698021119783853
424249,0.0684216856174216
424251,0.04464647201723706
424252,0.022590696569050488
424253,0.031616627575735946
424254,0.05207694441760748
424255,0.014738509099045536
424256,0.12182233186519782
424257,0.01612378771217311
424258,0.11726457724608316
424259,0.05992854974253405
424260,0.02329992111653814
424261,0.02889811886689131
424262,0.02727598801358112
424264,0.04368287431947769
424265,0.06829851984441469
424266,0.30519424149181595
424267,0.01794246423350198
424268,0.01600770561866343
424270,0.1466008580624506
424271,0.09633402052929155
424272,0.01448758007078953
424273,0.040590125552404314
424274,0.09262920373220349
424275,0.04330951653062864
424320,0.108007777640616
424354,0.05209583416500443
424359,0.044863650662619554
424360,0.052681430645100134
424361,0.15446132846591734
424362,0.043999914503808704
424363,0.024725017830782355
424364,0.04529287396358633
424365,0.017327227574466315
424491,0.19021868806678088
424576,0.11135150562257405
424639,0.056815708924936384
424640,0.013042937306216671
424653,0.050410380598165216
424672,0.16335124858065247
424708,0.010908835097254009
424724,0.0367362878070394
424725,0.08879200222167165
424734,0.23552441847602096
424755,0.03628137341274062
424758,0.1707231817616483
424765,0.015624562581393706
424770,0.12291127011228134
424773,0.11111156919140716
424780,0.05602592934879837
424784,0.01137984102978169
424791,0.037934569559123256
424797,0.11545711975198884
424800,0.023796719129048946
424807,0.008894233183012074
424809,0.0870329259886263
424812,0.0830907110201464
424813,0.1076580690837066
424816,0.027853976608439322
424817,0.02251105257118627
424820,0.03386267980450634
424822,0.06879098996253127
424823,0.05776595369284686
424825,0.04514618496613338
424826,0.10721822712262155
424827,0.01109466630091734
424828,0.05412900946589635
424830,0.05614040275303482
424831,0.021414784105762787
424832,0.2170831080446567
424833,0.02398730197640222
424834,0.10755272609875502
424835,0.2200441363650893
424836,0.08297111240833864
424837,0.18158085687488207
424838,0.12618519586444116
424839,0.02510877839652654
424840,0.06820184938577603
424841,0.21036731618695734
424843,0.009191715841969128
424845,0.26301306781714184
424846,0.02399059857757026
424847,0.01823169098181624
424848,0.0646412814092964
424849,0.22510591471282165
424850,0.3470070338079766
424851,0.024894401496724162
424852,0.02421919294982844
424853,0.01685306763487748
424854,0.03866687704365188
424856,0.009474445036562546
424857,0.027198738951313882
424947,0.16800823846324092
425037,0.12798727695204742
425039,0.2289889043833277
425096,0.027288538749749142
425107,0.026025485084276566
425156,0.051258345449152184
425191,0.01977710519316179
425192,0.045312114086066654
425230,0.015495356503690568
425231,0.08421042737133957
425237,0.015930383352206517
425281,0.07334546320177524
425301,0.02130089553730611
425306,0.1718079585582483
425312,0.03205632330588554
425313,0.01099670592098877
425317,0.02363215918013432
425326,0.04431116024320661
425330,0.023682762781306134
425336,0.22113108548462274
425338,0.11720820096636309
425343,0.029497393820977807
425345,0.019257045690531296
425360,0.11883018609539812
425364,0.11649003740439712
425368,0.0361065218445629
425369,0.008999451212433259
425371,0.12153603615062689
425372,0.010742161037293783
425373,0.19169669955987062
425374,0.09492956741819289
425376,0.11937509601134952
425379,0.024719467781235578
425380,0.008975953492059914
425381,0.021866833065436676
425382,0.03188985803436839
425383,0.0192368458984142
425384,0.043006655510598096
425385,0.017396992772077617
425388,0.18945641198815905
425389,0.019730702509779922
425390,0.020606582061079952
425391,0.09310285123046438
425392,0.0780654112802093
425394,0.09716629473303648
425395,0.10796555250700768
425396,0.03274476141330464
425397,0.011186666174889576
425398,0.055492867141104366
425399,0.042025265081167135
425400,0.022329254630574818
425403,0.03706521654147269
425404,0.06070999281653709
425405,0.04129417142406967
425406,0.07119407662068579
425407,0.2499618534725284
425408,0.019332895401960697
425409,0.021845024198188918
425411,0.025387997870383632
425412,0.05669175308941583
425413,0.20715895960130762
425414,0.11432800458624766
425415,0.11680114892743607
425416,0.10938621270647608
425418,0.026365036377542506
425419,0.014190404685657323
425423,0.06493038781880858
425424,0.05600755483283926
425425,0.39952248407544855
425426,0.02523805869072312
425429,0.09619842015953736
425430,0.010085173056583633
425431,0.07918089478376876
425432,0.010780104747391713
425433,0.09567544973822827
425434,0.032986620014461863
425435,0.13486956925628713
425437,0.021117167169044236
425438,0.010178034901661632
425439,0.05164251507335206
425440,0.03933403139612977
425441,0.07188658292780523
425442,0.199213277403042
425444,0.13747018974831993
425446,0.013008556469137015
425447,0.07029295155673276
425448,0.19952034703549387
425449,0.10867555690863373
425450,0.10862369805173937
425451,0.011101368791509874
425453,0.12575973575664148
425454,0.16351214138854758
425455,0.04435245107347509
425456,0.16744962330239033
425457,0.10670458189454149
425458,0.08229969410869943
425459,0.22119037222050517
425460,0.009137279203079014
425461,0.036795342934084777
425462,0.009909271707589717
425511,0.05939099020138899
425601,0.018313177523645686
425810,0.03776205800244721
425824,0.052265030514322144
425830,0.17630445320130653
425835,0.09225377011373877
425838,0.03653747980561748
425865,0.039211835837838264
425877,0.08263306246227002
425904,0.0533710525259952
425905,0.01053076549830728
425906,0.0445161453502267
425909,0.10034075017860304
425911,0.21596491012070143
425913,0.0854842317415292
425923,0.029104744922781645
425932,0.10162536393946793
425938,0.01064893515074886
425939,0.06396502646441012
425943,0.0643424290364262
425944,0.013588423295963815
425945,0.009145948881610244
425946,0.014918495532168622
425948,0.04778643929371311
425950,0.04497443568552929
425952,0.10376444881595007
425954,0.15455092061893413
425955,0.019461270633665817
425957,0.1255060025729008
425958,0.014325315920516937
425959,0.13287103025771038
425960,0.18948028167419412
425961,0.12043619497485869
425962,0.012979549815717048
425964,0.05905853062298726
425965,0.039682608962960095
425966,0.14895589743239304
425967,0.03138921666930371
425968,0.09918238755723967
425969,0.042806920844421587
425970,0.05413846115417993
425971,0.11180712455867237
425972,0.009523620094424893
425976,0.06714750856552466
426050,0.014241996121125111
426051,0.2211821799342375
426052,0.01899811849548786
426053,0.019825582798962595
426124,0.043406704466336474
426132,0.13231448179758307
426154,0.12916208660338216
426192,0.03975332381516544
426235,0.03146402999651241
426297,0.1463233714202122
426387,0.04953625604689607
426396,0.015599884175438509
426436,0.07017797461130183
426437,0.03514534584008787
426460,0.04419013511601267
426466,0.055652762642079655
426469,0.03162840695769577
426510,0.12111864720581555
426617,0.079800505861893
426630,0.047399476878898304
426631,0.012371665872447623
426650,0.04274242123818756
426688,0.05059092862064661
426691,0.010653323965033752
426855,0.18691091794618536
426873,0.22715500542486064
426890,0.0697446207434664
426891,0.06539107120149311
426895,0.009516638197473946
426928,0.28707246395234143
426929,0.03873708118671242
426955,0.12210975288351796
426957,0.02320111955540391
427007,0.09378933856044905
427009,0.024115768114075332
427021,0.18886967644582073
427023,0.02698028217239609
427032,0.03398410932503283
427036,0.012974581360755081
427040,0.058861625201762566
427041,0.05770969527204974
427042,0.03795237755707407
427044,0.014896673511205816
427048,0.12242026592810233
427050,0.05744685532795102
427054,0.013934951889062666
427057,0.07290546636480766
427058,0.024898891701818925
427059,0.058673524314906036
427060,0.11970372453518588
427062,0.03389152796431614
427063,0.0808906435921473
427064,0.0372421918606073
427065,0.035707220761748884
427067,0.21897062004409235
427069,0.023152123682807325
427070,0.02907193250660406
427071,0.11319411484045938
427072,0.017871833726578586
427073,0.04104259604157111
427074,0.044464759816020515
427075,0.015613191195233847
427076,0.03373777657947484
427077,0.07451459104058657
427078,0.06113096272732617
427079,0.04839521403673683
427080,0.0155883040002531
427081,0.11254237610575005
427082,0.07979923155828415
427088,0.05317970725245891
427109,0.015470830048883583
427110,0.19979311329325375
427111,0.01805313917844703
427114,0.04790557883198435
427115,0.16560096591779783
427120,0.010776544726775007
427121,0.011049396296300553
427122,0.2996146218408786
427125,0.0474008487150233
427126,0.020730255385279398
427127,0.03676103275249591
427128,0.014251805732390465
427129,0.020468761098070394
427130,0.2871735570936831
427131,0.021958339235830383
427132,0.0117070012454512
427133,0.02214913120711679
427134,0.03089139009414859
427135,0.019048834773334015
427137,0.13908120023910955
427138,0.02018740001880806
427139,0.010777697210325312
427140,0.11810686156438233
427142,0.05406421195469813
427143,0.042622161684869465
427144,0.2123482667979338
427145,0.021762227440342084
427146,0.0630110956706172
427147,0.04060846126779246
427148,0.0265409900452857
427149,0.11903946203251584
427150,0.11414308378445923
427151,0.011836522420044916
427152,0.013934792713273992
427153,0.010705309364775328
427154,0.33454098541361954
427155,0.043507050446283925
427156,0.018581991495885342
427157,0.11905118958846053
427158,0.10690217852397052
427159,0.038663169685545
427160,0.011850986519165007
427161,0.02856914738741287
427162,0.39329931921402056
427163,0.15833590173042514
427164,0.033260224527205326
427165,0.010692091209326378
427254,0.019103756590015685
427263,0.0331665902009252
427324,0.12188291743685317
427330,0.2405182446586819
427379,0.019132510042093827
427465,0.04242170438278982
427485,0.17787171517333378
427489,0.011783586067693936
427505,0.150412596612807
427567,0.12707540537166087
427575,0.24261403586083344
427578,0.1553603916748623
427589,0.5425312540228384
427612,0.11703963512626207
427615,0.018926141143511918
427618,0.02223192796496362
427620,0.11683150824407965
427622,0.009145948881610244
427627,0.06544154664523213
427628,0.04329427999400318
427632,0.04019742732734998
427634,0.013076534669750648
427635,0.137362524072502
427637,0.07805097915074755
427639,0.16519434079120862
427640,0.07484261907260135
427641,0.0103775273941759
427642,0.17529431418984207
427643,0.08320946199603829
427645,0.03864472110271748
427646,0.027023518368528204
427647,0.0476640851715848
427649,0.010576451771463284
427650,0.10075387947314926
427652,0.19041896245802548
427653,0.1447740812246078
427654,0.013105211622652543
427655,0.2484960340559693
427656,0.03792675393851228
427657,0.07197669550052667
427658,0.10654946855656178
427659,0.04018876277520188
427660,0.04199188468621615
427661,0.044279773709660755
427662,0.011310786471165084
427663,0.050393098434926786
427664,0.15294729098206172
427665,0.00976710371204284
427666,0.01508190931739615
427667,0.028023214349128606
427668,0.17713502672088183
427669,0.15174037457000078
427671,0.23189589873913602
427672,0.14998181413137737
427673,0.020942659691889187
427676,0.044987565461294364
427677,0.010653323965033752
427703,0.11504409018483266
427738,0.022516151431648125
427809,0.07747506872543711
427881,0.0568211490880116
427949,0.03930617554485018
427985,0.2932702483062039
428047,0.1252583580675333
428054,0.5429271944206957
428080,0.21160238718531232
428143,0.22134478915142575
428162,0.21314261723431613
428166,0.011430380772633267
428187,0.022255517377806816
428188,0.04143638037821641
428189,0.020919903760474194
428195,0.0146889026607985
428196,0.10110832563149588
428198,0.05258622376981488
428200,0.021810088262259546
428201,0.04147011217966544
428204,0.2093155143927011
428206,0.02888511683958066
428207,0.15424249382561486
428208,0.0985599964031974
428210,0.01521224120441085
428211,0.034129144358904226
428212,0.2383831647860663
428213,0.05324564343831974
428215,0.011470552646221384
428217,0.06231904411220255
428218,0.0429717427310911
428219,0.07821487813223707
428220,0.019332895401960697
428222,0.22997308799301325
428223,0.04982904115686822
428224,0.046865522004018376
428225,0.03925686182768175
428227,0.026383559390304588
428228,0.12790684752650758
428229,0.10794099753518827
428230,0.19097875923271695
428231,0.017834094679061115
428232,0.06402530629994115
428233,0.030416553289887766
428234,0.03131297025911543
428235,0.2434250112790481
428236,0.04176114828748468
428237,0.10511227389090887
428238,0.03392485361135704
428240,0.01220062296592404
428241,0.052485039953128365
428242,0.01981284731726015
428243,0.1982375774204729
428244,0.22440286946500207
428311,0.09917340423525065
428312,0.10053345522542592
428313,0.07625073897497267
428314,0.04457703758787264
428409,0.011104810762925518
428416,0.01644716409505289
428423,0.032598362412265866
428424,0.101395194737336
428463,0.16878022791315428
428485,0.236626754776233
428517,0.030254060815838008
428518,0.19978866889507774
428561,0.04155081040144395
428565,0.037787573885515256
428590,0.03440910396430148
428597,0.012942151490793096
428614,0.04215106937917966
428616,0.18084366756532197
428621,0.014900649290133813
428626,0.07861352281407682
428629,0.009901587531218482
428636,0.10511492224656531
428647,0.03587861633527709
428654,0.021328333938664838
428659,0.027571607562770245
428686,0.012826731840100783
428690,0.013336896365715431
428701,0.0463636970666754
428708,0.08423649134492045
428714,0.04566994828814955
428722,0.03373777657947484
428729,0.034902824765411074
428745,0.0290248390897276
428751,0.04773739350035789
428757,0.03635467045283678
428764,0.05117304583534177
428774,0.06803229957411305
428778,0.03479873336853409
428783,0.047712417292687735
428789,0.01421157186214897
428797,0.03978592710290657
428799,0.053173233174792035
428801,0.5299465292271176
428804,0.029559491734727154
428806,0.03433332246455877
428813,0.02766438515495683
428816,0.021351932614695812
428821,0.08383080184101153
428832,0.06722549165605843
428839,0.05685613996577711
428842,0.0684040330984432
428850,0.13711486910194845
428859,0.10644190760307497
428871,0.07723954906757335
428907,0.18176229871693417
428913,0.03691761934388614
428920,0.3028248298313766
428924,0.04972811388197208
428928,0.08006940506796192
428930,0.03844858996557083
428933,0.10506735471866673
428938,0.03925559219163655
428944,0.11308677282179849
428948,0.08033854221983096
428963,0.04098006362661057
428975,0.11561898428077841
428979,0.015555535202700633
428982,0.31837781665873005
428984,0.021828523152730178
428987,0.03419140113623009
429015,0.012819366999661111
429018,0.05332312135980216
429028,0.010803617067832826
429035,0.2759356554666852
429037,0.03131665621936966
429042,0.009574839082506972
429055,0.031596025280284365
429066,0.0554851141872729
429067,0.23791306212685853
429069,0.012768571868491322
429077,0.10908421752458615
429078,0.1264567421630719
429083,0.02537900279534457
429091,0.11913253475147592
429093,0.012259804945334714
429094,0.05913348251022373
429103,0.045863739835456496
429109,0.07022013062038243
429121,0.13549513919061845
429129,0.009521027011758842
429134,0.019545349920667913
429138,0.1025270128150341
429164,0.055767426448463074
429173,0.11748905974123633
429182,0.011897707076484102
429190,0.02063479569335084
429199,0.010653323965033752
429219,0.21767645638944866
429224,0.012507709955455646
429226,0.2937496091371887
429230,0.022507292090067847
429239,0.012709161714174074
429243,0.048853710078581615
429256,0.04332008739840744
429266,0.05929344635258706
429269,0.10227336806606206
429294,0.009415808982337655
429295,0.08268694939932467
429297,0.20097576799074277
429299,0.010791589553230514
429302,0.07408071593440196
429305,0.09353498316482858
429308,0.009680057111928157
429314,0.07462492696780991
429318,0.026038520941378717
429348,0.04145787963460914
429356,0.5678167776093794
429359,0.1658732390047344
429372,0.07775312699509548
429373,0.03988463886243436
429384,0.10241188545316995
429385,0.08651739949021534
429398,0.0245610609269007
429405,0.08759570376136194
429407,0.013162623742224358
429408,0.1259667376199503
429412,0.07616411838628064
429414,0.11307668645023743
429415,0.10552277370302869
429421,0.09714606353998055
429422,0.010641219243279525
429430,0.06105468492416739
429432,0.028098667798646764
429440,0.210599179668288
429442,0.38521490378220685
429451,0.334586318022977
429459,0.04551920056435343
429469,0.045177778386868095
429471,0.00988783944604638
429482,0.01178855381353131
429483,0.06899534336955758
429491,0.15149060345221937
429493,0.05832847638277905
429496,0.1369450070701482
429498,0.021912892799123625
429501,0.043141341317189635
429502,0.04683360925921968
429508,0.09239971769219801
429509,0.026118068971886
429511,0.2953141155161685
429528,0.017580825281413453
429531,0.2294105648114233
429539,0.20607330746429975
429549,0.12622023559237633
429555,0.05748478353372553
429557,0.07356310187027743
429567,0.09951591931259827
429570,0.051859129051769245
429576,0.02661790138991459
429590,0.027865099907765693
429591,0.17690614256820836
429597,0.11327456741191493
429600,0.20787784090494915
429602,0.02193124730477198
429604,0.07542650001753265
429623,0.023902782708073667
429625,0.010908835097254009
429626,0.03422842658232464
429628,0.010737777482482381
429634,0.0286748901634581
429637,0.011950082785329077
429666,0.0629180743036254
429667,0.11349006067461194
429670,0.02551849636507585
429673,0.011438753232442568
429678,0.042206135135281916
429693,0.01547807998383228
429702,0.018366715766789533
429708,0.047429035736012336
429737,0.024397976343457556
429739,0.01166809155813926
429740,0.021762227440342084
429750,0.09027605990650815
429770,0.11021803910295162
429774,0.06112701401983038
429777,0.11075869291813409
429780,0.025663350043838157
429809,0.05798386997054119
429810,0.00899671800403247
429831,0.03598041087383518
429835,0.12972470675892395
429838,0.10941270040696187
429846,0.05708530722042422
429851,0.07807461408139578
429852,0.02721272454616343
429856,0.019448447134652633
429857,0.08418430093810857
429866,0.20650592791340472
429871,0.038811127424226655
429873,0.17065243118107012
429879,0.29737087056928835
429882,0.028055515683236353
429885,0.019202699283554128
429890,0.09625531615346578
429897,0.012266447843026438
429933,0.0747433980772779
429936,0.011117686103626297
429948,0.041999457838248024
429952,0.11682692158247114
429967,0.009885863477700527
429982,0.013875507460138955
429989,0.0762044521537131
430000,0.020678587051678264
430003,0.027378743758926665
430011,0.06675601186911786
430019,0.057496131920396695
430035,0.014830267123987675
430042,0.2970622422829827
430047,0.02757626116897109
430048,0.03595724216147132
430059,0.02082200460770479
430060,0.10432244538053859
430077,0.043609885090733776
430080,0.08222948804525937
430083,0.20796648762034559
430086,0.05462777460742566
430090,0.11199734467194151
430103,0.021029223006209883
430107,0.10281230077631953
430114,0.029308842630020558
430116,0.037220934920007685
430124,0.0478908865830693
430129,0.07719594040629588
430132,0.08021430053474927
430146,0.041647161580439025
430155,0.07297230588563117
430156,0.0145647318483394
430160,0.08729032295653068
430168,0.04059577044958101
430170,0.046212721703418315
430176,0.09623749311268018
430177,0.42864635111303573
430186,0.26668412453748463
430187,0.05824180142552943
430195,0.107066159879491
430198,0.2303049389006903
430204,0.07498363254348205
430210,0.054897822842049436
430211,0.3155450071892865
430213,0.030722074044716108
430216,0.29512011277006217
430217,0.09321368911794506
430227,0.020042694003442576
430253,0.03285952832395025
430266,0.1286467937447288
430274,0.10816564647021362
430280,0.011976691752214896
430300,0.010570742789152874
430301,0.017180167678850045
430309,0.11452219376206785
430313,0.022282391511538113
430316,0.07889395382614692
430319,0.06865714719710239
430332,0.04844590546853898
430346,0.040287738493988486
430357,0.08242978030145016
430359,0.07346850399093251
430368,0.02685378838508091
430376,0.021210935428260393
430383,0.06663693563022441
430389,0.04628565902106337
430393,0.2264659187014731
430394,0.02826419692219408
430404,0.05591369909312458
430405,0.025377864470007245
430407,0.15491313982069882
430433,0.0712788063667081
430445,0.015557797735742557
430446,0.07432359456571996
430451,0.03756944329589256
430452,0.017661547285783247
430459,0.0144957107688698
430466,0.046105918458994075
430467,0.01089010509205917
430473,0.1313991669394664
430477,0.02314298025716021
430483,0.1412418256593442
430512,0.01622315651444699
430521,0.009446747900854426
430524,0.013923633452687639
430529,0.11011271458381569
430533,0.01127279622169613
430536,0.026802348263286667
430538,0.02240640128683009
430540,0.13908447697816056
430548,0.05138513032868601
430549,0.017659332757240347
430550,0.024099642045352726
430566,0.12617642451219277
430574,0.03315038978703506
430576,0.06210835153407348
430582,0.0874556474292281
430585,0.05266948399190775
430625,0.011165901662917022
430627,0.026410559925079596
430629,0.019909627030849336
430637,0.08234511209921123
430639,0.011705372766241926
430641,0.05077692739516565
430656,0.04441231510371707
430659,0.009951836689602919
430661,0.009909395437624851
430671,0.0880435976760455
430672,0.06167428447638438
430673,0.07152888372919144
430674,0.028418958692873936
430676,0.0228556971276061
430691,0.014449788683546821
430698,0.040840314549688464
430699,0.12914957323911305
430708,0.08408788115710668
430719,0.035549373242114615
430726,0.024239481813151175
430728,0.2959791331763467
430730,0.21401293290198678
430731,0.17871109139728883
430732,0.037712214812260274
430738,0.08331734240863078
430770,0.16548746447676269
430782,0.13950024589501814
430785,0.05092049072672243
430786,0.02637154236246636
430806,0.23243226524421584
430818,0.21530157225457977
430819,0.026297841051239074
430820,0.021025057340457693
430835,0.04382432438846063
430836,0.04178053554621849
430837,0.05255408320412922
430838,0.021645296044981423
430839,0.0388190830219713
430847,0.23878135659451974
430853,0.05187482418252476
430856,0.009902238330803777
430876,0.015390973056613591
430886,0.01122548908778538
430887,0.014296555755118154
430889,0.03391947513715608
430927,0.0103775273941759
430931,0.10523169326656898
430939,0.018224776080593367
430942,0.010691394936255864
430949,0.035203979733448326
430957,0.012452377517647778
430960,0.011311522546052066
430961,0.01249491934545147
430962,0.11048388360456174
430973,0.027699131001647576
430975,0.011415054432324
430976,0.04261101164336624
430981,0.017245731391492776
430992,0.028310277962374043
431007,0.18743292974692186
431010,0.12735659432017626
431013,0.04081299709493578
431023,0.01000822020430196
431027,0.046798285946550014
431044,0.04086678848372254
431056,0.009254483271318555
431058,0.010178034901661632
431065,0.021414784105762787
431077,0.11078430331760798
431080,0.13530930167843738
431082,0.019269890631836938
431088,0.262111216158136
431095,0.22777647797994033
431100,0.043567207261457866
431106,0.060007515541429204
431107,0.06404393384180836
431110,0.05009353838497808
431114,0.13122736444185018
431138,0.08409582051860724
431144,0.011394483778497125
431162,0.05946598422911442
431170,0.30367538720944875
431171,0.02883489359531268
431176,0.09641171315341825
431203,0.08145600084002459
431211,0.04490082703683421
431212,0.02368312325795094
431215,0.026746203602653885
431238,0.45047207932840994
431241,0.07403812543765316
431244,0.10857296118610152
431254,0.02889729170411533
431263,0.03164889050873698
431278,0.020315183633646615
431285,0.13518238160803311
431286,0.1069023684088614
431298,0.01997704669864477
431305,0.023043371451888665
431315,0.37470942936081236
431323,0.04663652613801771
431325,0.010754011940652548
431334,0.02348328765608807
431358,0.24906548630839026
431372,0.12522196594283916
431373,0.010986331252847332
431374,0.33017494064353314
431377,0.07746844772819941
431386,0.11292407091321059
431388,0.20946399138033853
431395,0.010720909350130918
431396,0.10885560532745456
431413,0.01591156200931446
431416,0.08762624561761681
431418,0.10686504656868827
431431,0.0851522035121123
431444,0.07000464825042904
431449,0.4048290589117111
431467,0.13578331954000117
431469,0.010253158515354245
431479,0.02599965855450433
431480,0.020256407169057175
431481,0.019299693554218705
431488,0.029716381673538506
431492,0.2272795835868615
431496,0.11840180588725616
431497,0.008891499974611285
431508,0.11878349167702182
431511,0.02821058293101611
431517,0.031379436724361866
431520,0.08337620957009009
431538,0.1010959994509886
431540,0.010881762756196194
431543,0.38113764895241226
431545,0.018803155239178276
431560,0.029165710072580082
431561,0.05096964253723133
431584,0.3038640492444174
431591,0.21481654623645635
431593,0.08201350269828359
431625,0.16761069983578253
431630,0.19427326418954802
431633,0.11324283655391591
431635,0.07311936421225797
431649,0.09580520751858687
431650,0.11341079920045469
431651,0.02034687272189386
431652,0.017007725952066028
431667,0.1688472327294288
431668,0.3710982432722298
431672,0.01876121562084789
431675,0.2584316979196154
431680,0.20569430731359675
431682,0.017128330914933453
431683,0.010364762137539068
431693,0.04156499500124371
431697,0.02596763867769818
431726,0.23822973046609444
431731,0.06263035551008032
431732,0.05618547769832771
431744,0.009254483271318555
431750,0.017637049667834657
431755,0.07587961583715427
431756,0.08204619151732365
431757,0.047757624092445466
431765,0.04825597251035525
431766,0.04184342315627419
431768,0.08860521714660083
431770,0.012886795750868877
431773,0.028149123131505454
431775,0.034201626538080024
431777,0.19911457118825845
431778,0.2681032401164491
431801,0.049728126693143006
431807,0.016799649870661508
431810,0.009443927319897185
431815,0.06839821300172719
431816,0.06467187333477788
431823,0.09229981467783516
431831,0.04419899497713048
431837,0.0454565740541881
431841,0.04414906490950617
431845,0.011039611186654497
431854,0.1424241990739869
431857,0.10548477409174381
431865,0.04962535787388862
431866,0.06517065760260601
431867,0.022590696569050488
431869,0.048256483665255076
431889,0.03290702754773778
431899,0.021241090470325366
431903,0.11885010342407303
431909,0.03622214618016957
431914,0.08108649576084313
431916,0.016281432968704157
431918,0.19495588036626427
431931,0.03371099587480331
431940,0.03142017151677026
431948,0.19384111124879935
431962,0.0424018111660107
431965,0.029711001647518685
431974,0.01123438658254844
431976,0.014672189889781601
431987,0.06828072204879229
431988,0.01984588716805588
431995,0.18299800009776385
431999,0.11743322846240126
432003,0.009771006119392956
432005,0.18818877412436139
432009,0.025540211446790723
432011,0.014860183404187387
432022,0.13284184178860436
432028,0.07611207407147548
432030,0.01921406596593208
432037,0.055274895214863465
432065,0.03421379671335605
432070,0.01128735415050837
432075,0.08573261110991423
432078,0.09629763680019951
432080,0.05714911537817262
432085,0.03672323388636915
432092,0.061366250308126716
432111,0.1285455531576788
432112,0.012407549467647836
432115,0.026022574976173385
432117,0.10931351821503163
432118,0.07402712714882757
432129,0.13022937429105136
432132,0.0892018168967577
432133,0.029339483650466725
432145,0.09202401277409879
432146,0.012897527002070258
432148,0.05374276603047519
432156,0.07444080409393414
432167,0.06331545906525185
432169,0.010521512667889709
432188,0.025676829268220524
432192,0.20438732698738932
432221,0.01973200572511907
432226,0.12110654504261782
432231,0.011987170604360452
432247,0.025056679320317143
432252,0.020338874591275407
432254,0.02781153280020588
432263,0.049069873478250856
432265,0.03622932116875983
432271,0.12124706662293108
432280,0.0171730973890404
432282,0.04347971452426884
432284,0.011516692476205063
432291,0.40594162710132586
432296,0.11049531310543499
432298,0.07443398680816309
432301,0.015566968411654872
432309,0.05906954090508948
432312,0.11398103706570831
432320,0.011804528274003849
432324,0.010881762756196194
432330,0.04119170495196468
432339,0.02074745981210918
432356,0.04476895252272031
432357,0.01109466630091734
432362,0.0445909488748491
432365,0.021762227440342084
432366,0.09062390276011387
432370,0.09633414863602732
432377,0.08106810971714165
432384,0.026449286681726587
432391,0.04618983941443429
432405,0.023043371451888665
432406,0.11518568871248351
432414,0.23352312083336738
432415,0.010568935962914689
432417,0.0119033368852973
432419,0.0271781750038873
432424,0.027120213126799474
432425,0.09259447961504619
432432,0.16327225738029877
432438,0.032657125337951384
432441,0.09337806360459186
432444,0.39360727382335653
432446,0.48202254153394203
432452,0.08611565783953416
432454,0.06007824295665696
432473,0.195757080356246
432482,0.12665946199000924
432489,0.04847847080882211
432492,0.20842921253369426
432495,0.021142149521210782
432501,0.2208261435615559
432507,0.013551980678366372
432509,0.4324534358772937
432510,0.029587793257649896
432522,0.011950082785329077
432525,0.0699999463311765
432526,0.04482499769149582
432527,0.32510463733187095
432532,0.01732980590151717
432535,0.0464425618175041
432544,0.009412492622050527
432547,0.052253164782235226
432551,0.04412748797438657
432553,0.025390964735285137
432555,0.024325793934810387
432560,0.022987457870579917
432569,0.08853070433010386
432577,0.04923181718911816
432585,0.07042602620376312
432590,0.022508241657278723
432591,0.06984505622957382
432594,0.017147990368461506
432607,0.016214949923676964
432608,0.2529266507415888
432609,0.11706901548374564
432612,0.21301409229202414
432613,0.019988584035256426
432616,0.013363901683657425
432618,0.5004718826852229
432622,0.01804068427105738
432626,0.020714288205512268
432639,0.013540951105021076
432640,0.022086279716049817
432642,0.12176301146970067
432648,0.01802468347276941
432653,0.06333655461285094
432661,0.09082262740238806
432668,0.03188985803436839
432682,0.1440597012670589
432686,0.08463857434535199
432693,0.017622669172007666
432695,0.20313577375368141
432696,0.1090312182015363
432698,0.16134466347737964
432699,0.012721341310793157
432702,0.04354985250421811
432707,0.013857995478545219
432712,0.02719443656051194
432719,0.013922068967774384
432724,0.015541941122635608
432728,0.12386277218111241
432737,0.06038673853179148
432745,0.20371540282871997
432746,0.05255759489297072
432749,0.10295388777185063
432752,0.012607853436610101
432758,0.018945021767542144
432769,0.025521822634077724
432770,0.04203631247839555
432771,0.022936025969353964
432788,0.019308046068401218
432804,0.022723282393605816
432807,0.20589537922331952
432830,0.13442080474453372
432831,0.025839174441926453
432842,0.07898192147503158
432849,0.19819094225368764
432876,0.28228421905396633
432886,0.026398028164962083
432888,0.042645401060407956
432897,0.010548105935612569
432918,0.05198473206123076
432919,0.07335496746911746
432920,0.02593148191077338
432921,0.04046081895351371
432930,0.10661395426884465
432932,0.038859833059117214
432943,0.1334924593560342
432944,0.01580725117691343
432951,0.028034014568054533
432952,0.01972360683124272
432965,0.17898062269095288
432969,0.03929209844937001
432981,0.019282383426640418
432985,0.08109010241048728
432986,0.032181585835269005
432988,0.10683791006839456
432991,0.030940935325965795
432992,0.049248773470996064
433002,0.016392269304519477
433018,0.04678600615216644
433019,0.04217730816465564
433021,0.041293069002169704
433024,0.013685988838316407
433031,0.03486778337700453
433035,0.21883816928631714
433047,0.28087531880775046
433050,0.00877702911477253
433051,0.013770289430717769
433055,0.03216549667934789
433058,0.1565856498663647
433069,0.06175745797255453
433079,0.13146545523688147
433098,0.13766162925330394
433099,0.017650697009636146
433104,0.055866362908634705
433112,0.027445089468150864
433117,0.01670644508622202
433119,0.009021298236276922
433130,0.013693114303432804
433132,0.07436968505190629
433158,0.21831046567712167
433159,0.011018260070243051
433162,0.009275247783291111
433166,0.07641103851899729
433169,0.1652558303238397
433173,0.03504395472983557
433174,0.032909558195624806
433183,0.2528295438257486
433184,0.03771878334068801
433198,0.03691215507043235
433205,0.06276964543982454
433221,0.11202911863631844
433271,0.29603269589843995
433274,0.013259844361335186
433276,0.18560633428417256
433281,0.022966624915142942
433283,0.025691640272728595
433296,0.051262489845942436
433300,0.04767543232732881
433304,0.02717592477635236
433308,0.055100318023171134
433312,0.020017854570158308
433313,0.15210957968107244
433319,0.01995564474631419
433332,0.10779210018347785
433342,0.022282391511538113
433343,0.014726506612947821
433344,0.059399212601698184
433345,0.012910016555518222
433347,0.07814642277652717
433350,0.038403851565771585
433355,0.3165238337797305
433356,0.012375814157521956
433359,0.05008156769784501
433361,0.06299952203117412
433363,0.10359078086770508
433370,0.011967971635306598
433371,0.026356069432867873
433374,0.057105858201590545
433384,0.0707712115566353
433390,0.039376870642327595
433392,0.011279011814645395
433396,0.09635273454066576
433403,0.12568965282166206
433405,0.010855339519994693
433408,0.228633757403018
433410,0.2429098444716625
433411,0.10628124455961888
433424,0.060861080157320044
433431,0.015763888618328642
433432,0.1915450959165907
433440,0.030899807523752244
433441,0.04554082928293036
433451,0.12343118106971478
433452,0.08067336887839528
433459,0.035297269153232155
433463,0.029200612156669692
433464,0.0690593474150831
433470,0.06743127608352292
433480,0.09623526982788717
433482,0.18738276741841037
433485,0.02336281407627282
433494,0.2604315720331713
433495,0.08710673119408205
433496,0.011432185022023767
433505,0.014728595351100545
433509,0.047025697898512936
433515,0.054520878798898886
433518,0.014914893141322744
433519,0.20009589442155043
433527,0.11642184445599155
433532,0.021981398096845035
433535,0.04447070828640329
433539,0.08744954235940476
433561,0.06708803929996333
433564,0.5134923018283758
433566,0.01103498990030723
433574,0.01591202749671743
433575,0.016961358050429844
433584,0.08702676247204191
433591,0.15919166628859843
433596,0.13536270153842614
433598,0.09126381438951808
433602,0.014571942522067883
433606,0.02003333094479638
433611,0.045371275987088185
433617,0.0720956166634471
433620,0.24359411661376534
433628,0.05917145940441756
433631,0.06411605757042663
433651,0.03369031164257847
433653,0.061510591569387985
433657,0.04369342056494678
433661,0.04301842541204542
433662,0.09957827382347043
433663,0.1650648741140504
433668,0.04299821814083786
433670,0.2713856232982085
433680,0.1436368570290454
433686,0.20920536431152228
433709,0.020370063509249994
433725,0.06684339929512191
433731,0.03368155826184639
433735,0.1547572316248855
433745,0.04685448847786737
433748,0.015473889084608675
433754,0.047682110523899514
433762,0.07429596803109595
433766,0.028215492416538306
433767,0.021406174732887355
433779,0.08467625869377214
433783,0.012709161714174074
433785,0.12969330691004835
433789,0.008891499974611285
433794,0.17700264578549052
433799,0.11532026504583655
433800,0.010536557494345218
433804,0.08710799835183396
433816,0.04262683472450109
433820,0.04873788923407078
433829,0.014590010955704946
433837,0.025204719197620646
433840,0.02079211736310463
433842,0.0898392084531122
433849,0.05443925288190678
433853,0.012248951352318963
433862,0.010888070585281455
433872,0.01335767953503753
433882,0.06077313748891412
433892,0.05101565630938738
433896,0.013305788494507203
433906,0.05541719607159919
433913,0.08192007953563715
433914,0.04357720172719295
433957,0.0514193735910861
433958,0.02938454753775998
433965,0.08591595323341225
433976,0.07640319653495485
433984,0.013770289430717769
433995,0.056497375828717854
433996,0.05248069230636904
434006,0.15795963907259752
434007,0.02135353030026162
434009,0.056144977939919086
434019,0.12719211138164616
434024,0.12875687228966495
434026,0.20744012544918827
434027,0.015608105153977491
434034,0.05290596424646514
434036,0.017011795857262445
434037,0.11231082707260198
434046,0.04760691476386099
434050,0.010333221102861388
434051,0.011897552560294856
434052,0.022535307235294084
434055,0.10337867044794495
434061,0.08803048420028593
434064,0.04176002823252868
434108,0.06503064027595516
434109,0.12095064784447566
434121,0.1091339980224588
434122,0.04137246565244
434140,0.009490385565058341
434151,0.0946328640962826
434156,0.02574491849643671
434157,0.036638529286340336
434160,0.10719444065634962
434164,0.014308981985163787
434167,0.017202560575352452
434169,0.046270256959472254
434173,0.011043924970144548
434176,0.13623794883950213
434177,0.2431771064628338
434179,0.04879253246827581
434180,0.041820429017337825
434183,0.11883994189296095
434192,0.02299435638204727
434205,0.0410567405443725
434209,0.03401183809503688
434212,0.07536034883277885
434214,0.11723265881097229
434216,0.09415651545902744
434222,0.25475385223720076
434223,0.06213044176211023
434224,0.19671914108161434
434259,0.2338830346291115
434261,0.017414012230814617
434263,0.06254296460848582
434264,0.060192591230747806
434282,0.016454919496806372
434283,0.010471233742042101
434293,0.24525347901317568
434317,0.11416459855241523
434322,0.02721272454616343
434326,0.06827219369099403
434327,0.01198230893630561
434328,0.011395239988613717
434336,0.044670285360980395
434340,0.04065883300138114
434342,0.11284375752058887
434350,0.1354690830440041
434355,0.0285218700538653
434375,0.010776544726775007
434387,0.034269996275306684
434390,0.06224975240117588
434391,0.04132055659528659
434408,0.01738290305268091
434410,0.0191453370790895
434423,0.0435010090477851
434439,0.3278219857778077
434442,0.03294771075230538
434445,0.13288890407190085
434448,0.02838936301323778
434460,0.01973139821204293
434465,0.013770289430717769
434467,0.06324035484214588
434468,0.11153097269330989
434501,0.06621798097068629
434504,0.1817776533158066
434505,0.05138294884192488
434507,0.009797020301382593
434514,0.07758625570128669
434535,0.05519000750505142
434538,0.41359153051613573
434542,0.12777265162123486
434545,0.09589781183830488
434554,0.1355454830051686
434556,0.07410150761997092
434568,0.10736802634216513
434569,0.09765657892415439
434571,0.2212865755165867
434574,0.1935561617702945
434579,0.03966520234128417
434599,0.19045544348814686
434604,0.12415415089683472
434606,0.011656521014429086
434607,0.012080905572197115
434608,0.015650956282547437
434610,0.03231251080864592
434615,0.14269939396917844
434616,0.24468439302925055
434619,0.06762007853874301
434658,0.11044263338077284
434669,0.020570487617979066
434675,0.04379523030928833
434678,0.01976742285720507
434680,0.04168730324812564
434690,0.20585355753044166
434698,0.06798167977642881
434702,0.1408425804522358
434704,0.010420762892014974
434722,0.022250204401528185
434727,0.21359758330110368
434730,0.020951573632737818
434735,0.028558165600002166
434739,0.04845175085333569
434765,0.01806144634671816
434767,0.2413694297172798
434784,0.1974618339550612
434787,0.10988938956155936
434788,0.22961950227088884
434789,0.020759512849343482
434790,0.041575298759273835
434791,0.0957126143892332
434802,0.06283154864757565
434806,0.011239797122282843
434807,0.04624876439963367
434808,0.25334484288078596
434815,0.09181773633161858
434816,0.11715750096240665
434817,0.11616578403334796
434818,0.23115072863266467
434830,0.12070889783078849
434918,0.01255842979569855
434920,0.02254301297663968
434921,0.04522634551135465
434922,0.22282343628775178
434937,0.022025800378220932
434948,0.031191071264402966
434949,0.10716204363472157
434952,0.027280185688553976
434954,0.03065861537950177
434957,0.047712417292687735
434968,0.015401660200479575
434974,0.033538389933123816
434982,0.03820002846921843
434986,0.0262584378552906
434993,0.017907670309328872
434995,0.1315041968017549
435005,0.07916778750970078
435013,0.10413278366504948
435027,0.017377579041977034
435034,0.3919648677875079
435056,0.1819295473301639
435060,0.11041869662813308
435062,0.22289208918865877
435068,0.015582963954989548
435069,0.04246764939518672
435071,0.22961950227088884
435079,0.014982902878714155
435086,0.1393594128209503
435092,0.03238386445137941
435099,0.012074203081604585
435100,0.056569225608599026
435108,0.05462558250816468
435118,0.0427858890776555
435120,0.02014965227146876
435129,0.049198726249965644
435132,0.22346057144066128
435138,0.010791589553230514
435139,0.18442678810780622
435142,0.22993175561354123
435147,0.10472789635035376
435148,0.06803747806303351
435151,0.014951111950147936
435153,0.023699925668392647
435154,0.14961587900795587
435164,0.1544966902693662
435173,0.021318850959383035
435174,0.05351920310755044
435179,0.009642805589378516
435199,0.04787277346915371
435202,0.02128943423906491
435203,0.05218510725994584
435214,0.25433621658768024
435217,0.09436754973841203
435222,0.058489051396876476
435229,0.40500267365644727
435239,0.027570004828055543
435248,0.10926643780379112
435259,0.026381649472496466
435260,0.027574369157691854
435263,0.10456570004636472
435264,0.012943487295936617
435267,0.015681556419789036
435274,0.19375789488366954
435286,0.013398724284184963
435296,0.010500748155917155
435308,0.04053074385704883
435328,0.10594426662554735
435333,0.022468196924673424
435363,0.05144276160916399
435366,0.017720141901854104
435375,0.016638596147741484
435378,0.1429068919178375
435400,0.037199517147711504
435408,0.14340898182605383
435409,0.009319807023621675
435415,0.009160776923452357
435419,0.18920101958952706
435422,0.028262058952176743
435428,0.13940952530258438
435432,0.08358485346666161
435434,0.06069368774763408
435435,0.10865794674317608
435440,0.08076042463670904
435455,0.033971281150907126
435464,0.09570948980257694
435470,0.009254483271318555
435475,0.18838299128455896
435478,0.030935657602652683
435480,0.1383313846380368
435482,0.0097448344720573
435490,0.029337419452565194
435507,0.11154693743310573
435509,0.056368022736313014
435510,0.0381793252736633
435519,0.034878372134761734
435527,0.1687500959338859
435533,0.06134852041975095
435534,0.10305495877935578
435535,0.0377951800192395
435536,0.027757391224984596
435540,0.05394550040095447
435551,0.0542828496547737
435562,0.5347305574822794
435564,0.1172887893753275
435585,0.04216891989395552
435590,0.009551965930275613
435609,0.010536557494345218
435610,0.030218039418256664
435611,0.028298575176921838
435623,0.06269889909916468
435681,0.114539411948904
435682,0.06757941306746265
435683,0.021762227440342084
435704,0.06602144168610095
435711,0.05777784132912236
435713,0.03604333861909141
435714,0.04729640313923712
435716,0.013991649774902266
435717,0.12705372885559446
435718,0.1313683941855508
435719,0.037501723748083374
435741,0.01570038862251144
435765,0.11897972960601517
435766,0.046421726515101916
435767,0.013676100974641878
435773,0.19785427397278396
435802,0.05079294373080936
435806,0.028246031010384236
435807,0.1886331230163306
435809,0.01099670592098877
435811,0.19892766665882303
435816,0.038953245012691456
435823,0.060264510659349256
435835,0.12000180924580617
435848,0.2016093017957759
435849,0.3374188461129416
435858,0.02203488224391901
435870,0.06230603801579648
435874,0.062162930591074236
435890,0.1449965353192765
435892,0.010288840758636572
435911,0.06254002220627103
435915,0.024074347341054136
435924,0.12429786870943822
435937,0.06000565299823805
435943,0.20422219317921675
435958,0.02489993299546876
435962,0.011252691260313722
435965,0.10689177144384873
435968,0.22049160604418566
435997,0.012757140354123809
435998,0.23138599871156984
435999,0.009275247783291111
436009,0.040504420466865046
436021,0.12043895657552472
436022,0.047491447092640804
436026,0.13190940144485835
436032,0.023185783939947628
436037,0.06866154886192444
436049,0.13179244872835777
436058,0.033593997626364044
436059,0.07731419228405657
436062,0.1931138652070428
436068,0.017074662949443462
436079,0.06151389268529156
436082,0.04399549993218464
436083,0.20933366594548267
436093,0.12421340536716952
436098,0.0169804616135792
436113,0.046894438803459206
436127,0.16870324263759798
436148,0.07973134759118447
436152,0.24775032447774978
436159,0.009137279203079014
436165,0.021976159357701246
436170,0.013173653164635571
436174,0.009902238330803777
436176,0.04163407267246615
436183,0.010761005532016605
436194,0.01896443063002004
436196,0.0500039872856041
436204,0.0223199181745621
436207,0.14642484503213343
436210,0.012323194400736127
436219,0.229932573524222
436227,0.08429529052892384
436230,0.015238847176915524
436233,0.027591550007918512
436235,0.20518223183262702
436250,0.03761057481643664
436260,0.20488447058624742
436285,0.11516464645829454
436291,0.03392597468510282
436304,0.02119996392689107
436307,0.12674545135900722
436308,0.12554450318760063
436311,0.03528356926971125
436314,0.09055822550840437
436322,0.04577788089460732
436323,0.31057392453648625
436339,0.013219673554126805
436350,0.03223464573415324
436358,0.06767633249390817
436359,0.024325793934810387
436363,0.027483080028515648
436365,0.05177149948075286
436369,0.008975953492059914
436377,0.016497539499711097
436378,0.054409880725800566
436387,0.03590459667024947
436394,0.21531423695571114
436397,0.04100649820061068
436399,0.22512777445622736
436401,0.04662966697020209
436404,0.02489070592227687
436421,0.07402287198961278
436422,0.14808195481494227
436426,0.027105727570568883
436430,0.03859608766878422
436464,0.031986004105540686
436471,0.01631244236956975
436476,0.022177122329626837
436478,0.023139847799440838
436486,0.010632559453061198
436497,0.07554985454651275
436508,0.03225875459976311
436509,0.03421778975724992
436510,0.09127913756878672
436511,0.3581080799002352
436528,0.07944169876055188
436531,0.059314712426672675
436534,0.17032585251838445
436535,0.038136645066281796
436536,0.010754011940652548
436537,0.011186666174889576
436560,0.01980151471236428
436562,0.06604058658826147
436563,0.07576124794053174
436564,0.08184332590119076
436598,0.0400799663669306
436599,0.015845533968540847
436600,0.054252415625028624
436637,0.04688257603054518
436674,0.025868124259640562
436706,0.06916561577003215
436721,0.03943303932633386
436722,0.08459230748183552
436735,0.018572765817911625
436747,0.31198538578851215
436748,0.02892887901959499
436750,0.09695546256276763
436757,0.2519176275585716
436767,0.0964299894927493
436771,0.009242497232500198
436781,0.08336307263093647
436786,0.014109091384721004
436799,0.013202052204886247
436807,0.14861124991734598
436812,0.053605033128824864
436821,0.07331281415745408
436835,0.035762829303121704
436836,0.14928619336946797
436846,0.062371492475277165
436874,0.019865698053775013
436880,0.19096757177484408
436882,0.17908735861416386
436885,0.011288499698160063
436893,0.0481354185998115
436894,0.009158043715051568
436896,0.03615067510504526
436902,0.061320425708885205
436918,0.014934854730755343
436921,0.06228273027561685
436935,0.03696318094641493
436955,0.010757436015319814
436961,0.07127990191945315
436963,0.05106062386406276
436964,0.05460088596669418
436970,0.013559473258151595
436975,0.022598016371888012
437005,0.04784604977527557
437014,0.08633920211919266
437020,0.03742151332166703
437043,0.053430776637604524
437045,0.02646298681000605
437070,0.047842347744266045
437078,0.014032510821760843
437095,0.05589162139033749
437097,0.04258889405365415
437123,0.008891499974611285
437127,0.05362220183108775
437128,0.04873788923407078
437130,0.03670077655448298
437147,0.4190913997791039
437156,0.022282391511538113
437157,0.09700779582285693
437160,0.055834139371418526
437161,0.012512767497069022
437169,0.03378865182231061
437189,0.13449426570211026
437196,0.13689980489573003
437198,0.04914754572186898
437200,0.015422149494150633
437206,0.12776705131920751
437211,0.011609202441219664
437215,0.04974660710850318
437218,0.0667234112568348
437226,0.015304250077464759
437229,0.05838697341181981
437235,0.012861134669546257
437244,0.01316222419970239
437245,0.05792913470884389
437246,0.06279313339811998
437264,0.014487994861400465
437266,0.0134886564385206
437268,0.0257635562593356
437269,0.03344209239624545
437273,0.028090557401321742
437275,0.11446218124317127
437276,0.03376755180369277
437302,0.018881521443841993
437304,0.19173144109417234
437305,0.08650832401592737
437306,0.05380820649678943
437334,0.011395239988613717
437335,0.05355558435104337
437336,0.040516859856307194
437338,0.12377487129835622
437343,0.6108133200109344
437356,0.04846021058621171
437357,0.01957283971797566
437358,0.08504074135047994
437359,0.03381489436974715
437360,0.1407847929759132
437393,0.01202330043377901
437397,0.1265855394885849
437403,0.07570546001609554
437409,0.025826447937799136
437426,0.08311183372136204
437430,0.12332395358690891
437446,0.25519552864699013
437459,0.057976057380757486
437461,0.029032082036009245
437462,0.04034812236791936
437463,0.011849383947145485
437475,0.021958339235830383
437478,0.03198620246942542
437480,0.011950082785329077
437482,0.1096374782956289
437486,0.026480280584737715
437491,0.11335351249262227
437492,0.05986526820228163
437493,0.20542168875146133
437496,0.09112913939956854
437510,0.013118590369242358
437515,0.013745512313879249
437516,0.11684819924330181
437519,0.011071110952927303
437522,0.03733316650471884
437524,0.053547786007529796
437532,0.06011897305371331
437538,0.014076275792237334
437546,0.04182949201326615
437551,0.06166374166747819
437553,0.2140968933632518
437556,0.0459000027616948
437573,0.17546091180825307
437575,0.02930278719971167
437584,0.12353637502837436
437591,0.2254747102236379
437592,0.03935849248981045
437595,0.02984090222804988
437602,0.01749625429066128
437610,0.013638283454891162
437611,0.02542161582770728
437621,0.1378755268347518
437622,0.12574097530297462
437624,0.052923348892279565
437630,0.035514738875654976
437631,0.12641923144876827
437636,0.2175980020650603
437666,0.010812354065203072
437672,0.19208343363726824
437676,0.05235854200548814
437687,0.05635512257661694
437689,0.20583619759844227
437706,0.20935329524960183
437712,0.08539085689680259
437735,0.014323535738491905
437757,0.0156672485857342
437763,0.09185000039923748
437790,0.015103488188122469
437791,0.013073862880352546
437795,0.06295721312194409
437803,0.05531093856938374
437810,0.043888334491662254
437811,0.20088314179513467
437813,0.013818359895953397
437820,0.0304720749498403
437823,0.10111022199824056
437832,0.009922352043191036
437841,0.01766783449504724
437852,0.03844822326072133
437858,0.12855604841311158
437862,0.02765076139642466
437892,0.015099773052722615
437896,0.0467055247031466
437903,0.2901497027196373
437905,0.03233209552869237
437911,0.2394243442751479
437913,0.044264048768823866
437918,0.012324688502360076
437922,0.06509185925909397
437933,0.025677365064752218
437936,0.07015898186697207
437945,0.04408401453210756
437966,0.018261735014017334
437967,0.1260814856813906
437972,0.011231926748341168
437977,0.20776584848771548
437984,0.36713021478665164
437996,0.015798860333239937
437997,0.027525672176714443
437999,0.020323868311447724
438001,0.014874149862425776
438004,0.10665295974202611
438007,0.040855842933699774
438029,0.025285655733042145
438031,0.030806200266540535
438034,0.08999422505697793
438038,0.22431556187686788
438054,0.07714219630390441
438058,0.016974475714828317
438064,0.0419229616229717
438065,0.09695126513245851
438074,0.014639992977287061
438084,0.17013327485641203
438088,0.056991028128466716
438089,0.012826559340214344
438090,0.01864854942196823
438117,0.08130989867823504
438118,0.023868583226314865
438151,0.14705620838458602
438152,0.04224077044839013
438153,0.10652334182908778
438154,0.04248509245126114
438167,0.025030605011454727
438187,0.1022355488848424
438192,0.42718829660539903
438195,0.163982394577378
438196,0.06114967546834464
438220,0.034791326400383904
438223,0.21406076947389222
438229,0.02471814451441805
438256,0.035881741758440236
438258,0.1266794101980533
438260,0.048137136904591246
438264,0.03277617670026097
438273,0.10958424213972758
438306,0.19461413417160509
438307,0.02623613359400694
438308,0.014588862198137745
438309,0.011395239988613717
438310,0.13989607234900814
438341,0.11852551157006527
438348,0.00926160613858865
438349,0.041307203897015005
438364,0.01402460822799824
438368,0.09694899322238842
438380,0.19341585867552485
438382,0.018663945449969098
438402,0.061046225052801065
438404,0.12396706771021211
438408,0.11923512321148724
438410,0.11688586123680038
438429,0.03949305796702547
438434,0.08462384839154166
438435,0.03231409984846883
438437,0.15916043551919423
438438,0.08047517273785906
438444,0.11772532286052714
438471,0.02164824237070506
438506,0.01343044093697135
438521,0.06275960896642434
438524,0.2581840526080633
438525,0.08793140966992703
438534,0.015385036641425546
438541,0.025163922032983028
438546,0.010748076065058697
438547,0.049521407981131034
438564,0.024959610781404122
438568,0.013354144548170336
438570,0.013448349667696317
438578,0.010272309364754716
438582,0.06538764260742395
438587,0.07591847436745489
438604,0.022979598754083064
438620,0.023174429674966312
438621,0.012639127608490555
438624,0.028926487800941158
438634,0.22485020280698423
438644,0.062203457495876024
438645,0.0379653973031115
438651,0.11856890939631919
438659,0.06241094910362183
438660,0.02541075213409264
438662,0.022308267901260264
438668,0.009307274592629342
438673,0.051094461379620836
438677,0.05298974058948708
438683,0.29652045928548576
438687,0.08610515405649946
438700,0.11812651943716639
438713,0.10654716211917556
438714,0.035306768005558486
438715,0.010498390712850044
438717,0.018594787819488277
438721,0.10492212292159395
438738,0.07466588634689457
438749,0.011238400783939515
438750,0.019737195465961144
438756,0.05881600608086747
438771,0.03873708118671242
438777,0.04343394275515127
438781,0.010536557494345218
438783,0.13098883648345
438786,0.47395702898798575
438792,0.03706799794365512
438802,0.055406373407768626
438808,0.06837335814203686
438814,0.04371450564087912
438829,0.057387649826479425
438846,0.02264490578855171
438851,0.04592231282693563
438856,0.6358795539126765
438858,0.11583426847444242
438861,0.013365062390756372
438862,0.1401822161453331
438876,0.202549427990786
438880,0.021308066181715695
438891,0.12025834581839631
438896,0.12588506187078125
438898,0.12869817947727216
438904,0.01793468521764556
438908,0.020477465028294912
438921,0.10962934016950443
438923,0.10380210265015614
438929,0.04686270512786143
438942,0.029534992709243136
438950,0.14201005017851503
438979,0.33428708611350855
438994,0.10440568257628216
438995,0.02760788553708681
438996,0.010025206687653046
439002,0.12714687554131052
439013,0.02273141903078238
439015,0.024863875869772647
439017,0.058817299415349834
439029,0.014173273736140043
439047,0.30473080551691434
439048,0.07457906375988109
439049,0.2537367026286731
439050,0.09658028540753623
439061,0.12650310519728733
439065,0.14059682509660656
439069,0.095026603352008
439070,0.2984022424671786
439071,0.09293609423038508
439072,0.12893200950010136
439073,0.14070554602115684
439076,0.021145448965351095
439077,0.024821167589964582
439078,0.049698596492099345
439089,0.056164701684772944
439095,0.017542702529677302
439113,0.024029900732390815
439122,0.009695574816510509
439127,0.059802435553573466
439153,0.02815381857537107
439154,0.08378546182194314
439157,0.014600928798290983
439197,0.011311522546052066
439205,0.11249944139162567
439207,0.2307081345520176
439209,0.009258872930187859
439213,0.021270966342593615
439218,0.06525122688930521
439222,0.03821025019963538
439229,0.1051111227708107
439233,0.02020753193226581
439235,0.023699925668392647
439236,0.07608519532147642
439239,0.07041919541243245
439248,0.16239081501227381
439255,0.1283942305933093
439265,0.04180889722777964
439266,0.1198907389873902
439268,0.023691373457022453
439270,0.04577561635966938
439276,0.1155077451075425
439285,0.010132113946501122
439294,0.03669195948603328
439296,0.015470030018099032
439299,0.23255370716456367
439310,0.05651429741415498
439319,0.01608198336719607
439320,0.01565749358709916
439325,0.1028547850134605
439327,0.061780761513056136
439328,0.025390964735285137
439334,0.0358175704291398
439335,0.12728451734757149
439339,0.04388754865182747
439343,0.010653323965033752
439353,0.12597334108097713
439356,0.027621477073684658
439374,0.022177345668303185
439391,0.23231856420631775
439400,0.05024579104937471
439405,0.18647965756353596
439413,0.0445691080737268
439448,0.07743997274806663
439451,0.08049902208616921
439455,0.10665709351167321
439468,0.1139667246545801
439472,0.04757416136568212
439473,0.03146335268663591
439477,0.012120061854647028
439483,0.03385073923634174
439484,0.01442185728644744
439501,0.03270693813290246
439505,0.05089738313864008
439512,0.04739405813574848
439515,0.057063181627695234
439525,0.04831881261811212
439535,0.11827452691227117
439539,0.016462561085982052
439548,0.24030084904743773
439549,0.1287120458505594
439550,0.051051618952409894
439551,0.04662419731065553
439558,0.011231926748341168
439562,0.021863113771385657
439566,0.044847207270212006
439571,0.018198401775037034
439587,0.019759472962965492
439591,0.052480282079589435
439595,0.025604254272700456
439611,0.09600669446730721
439614,0.2141710008661558
439618,0.2961154425973449
439620,0.11281736762247285
439626,0.027370495590139675
439633,0.08222091190591643
439657,0.04466865898691101
439660,0.07751743327837839
439661,0.041987510810619966
439666,0.039433025380509815
439673,0.03266197674947115
439675,0.04836720301864135
439705,0.12849516239039258
439707,0.07872313309442805
439720,0.020619794091224025
439727,0.0968945567699667
439733,0.037556120594092454
439736,0.04797772742586409
439737,0.09142856795503476
439746,0.05945668449808693
439755,0.05853582567770017
439763,0.09785879908305242
439765,0.05007557259463754
439766,0.025575794138125225
439768,0.1228046646493012
439774,0.06653518337592665
439779,0.021762227440342084
439781,0.36911984184935875
439784,0.13531296811401652
439808,0.03642410264377856
439816,0.04710958397322622
439818,0.012870487425193176
439820,0.015913803498032515
439824,0.019801139259967463
439830,0.0555944069147408
439839,0.013392045080746026
439841,0.31804011110114105
439845,0.019744132308383917
439874,0.019047646517894017
439875,0.011856866820486723
439879,0.040770031179821975
439882,0.030522258657428258
439883,0.21740782465405628
439900,0.04750905286690216
439901,0.011165901662917022
439906,0.07808950202770991
439909,0.1835647406323206
439911,0.158626091668655
439914,0.015444344791963757
439936,0.12926725038428136
439937,0.0273378068772271
439945,0.025377203316880214
439950,0.03930298598188317
439955,0.1283117110355456
439956,0.05126540879322257
439971,0.06787494223556645
439977,0.04398660118104788
439984,0.24315207005995113
439985,0.0405633617987094
439990,0.016669755984042023
439994,0.0869569556718656
440003,0.011844864755907892
440030,0.09519267550067494
440042,0.12130319480272933
440048,0.08404711619774952
440054,0.0786485911864839
440073,0.07774799601268381
440074,0.16185934323605394
440080,0.02639207018345105
440082,0.09300767975251109
440085,0.1425764800641892
440088,0.05877894547059227
440091,0.013678486789695299
440100,0.010491998254014655
440103,0.030053208351126615
440113,0.44802654139913656
440119,0.018873823265772274
440127,0.0115004580180349
440130,0.017661547285783247
440131,0.017272816778034876
440135,0.1437576976351165
440139,0.055560651926380655
440147,0.07704561233936025
440156,0.15835672823783292
440158,0.04345268756141081
440162,0.029517874774981696
440163,0.2107136346924828
440176,0.019332895401960697
440181,0.010798150558576247
440191,0.024517332247070516
440192,0.09173672501779649
440215,0.00921458899420049
440219,0.09947668631608443
440222,0.022798880173172924
440238,0.022813869849128997
440239,0.018175495286199266
440244,0.0162454752451527
440245,0.022123736061134235
440252,0.051725329306916736
440266,0.03814169191796049
440267,0.06949661615333362
440281,0.13315636623086374
440283,0.05386776845743115
440292,0.03300538667352535
440307,0.025838389348667768
440309,0.022034553718637707
440313,0.04517435925110118
440315,0.04107888899846969
440320,0.03085040297413072
440332,0.009574839082506972
440336,0.021818711137210584
440338,0.037875011783088504
440342,0.23342229240822943
440350,0.0700803262914323
440352,0.040736230449401216
440356,0.015375154931593629
440359,0.025363806923090138
440384,0.026374134767336153
440395,0.04591933402702861
440396,0.018996784672277264
440397,0.0807643646610673
440401,0.01621780119962129
440408,0.11258099844081908
440411,0.08055636870977105
440425,0.04275514577852519
440439,0.07566761947121638
440451,0.26367441689147697
440460,0.20320405801473945
440463,0.061876422138463436
440473,0.02681392863137484
440479,0.0157192316467279
440497,0.07565705105209558
440506,0.024728412145392835
440509,0.038928637297459094
440518,0.01727762467831228
440528,0.09389124151840982
440536,0.10752164087765363
440543,0.13360228323091555
440561,0.010805651574610537
440562,0.06215754050669825
440566,0.05389054085479032
440572,0.0698576313525228
440574,0.1266438896030646
440585,0.12563375021898987
440592,0.05376656391731406
440601,0.08817172040233226
440606,0.06489549000778658
440632,0.10537106103063272
440643,0.05876267248855421
440653,0.014938580987034775
440669,0.021845024198188918
440682,0.03168580878192771
440691,0.017555528272802223
440701,0.009242497232500198
440706,0.056906825928585335
440708,0.04613611388940571
440714,0.4937567328460556
440721,0.14156324378813517
440723,0.2318961666600307
440750,0.019448447134652633
440759,0.20710053831817216
440773,0.027484650545237438
440792,0.28737178443640665
440793,0.011271119692338207
440798,0.3318688892572665
440804,0.07274154315050191
440819,0.03231453996517879
440827,0.2653584470003127
440851,0.11651272122040546
440861,0.015687450501437116
440862,0.03609908010186797
440868,0.022415861898157936
440874,0.04622735412061261
440877,0.08273843401010364
440883,0.030428094298628795
440884,0.20240878728229625
440886,0.010776544726775007
440900,0.16130478857245129
440902,0.021762227440342084
440904,0.09007242671987473
440910,0.08434036310825342
440913,0.05319818038177695
440915,0.2429188837097899
440923,0.04468464515692343
440924,0.034711927390489186
440927,0.02428962879745074
440936,0.01642088788525605
440968,0.0411965002965787
440973,0.02142611671065865
440975,0.03515411954794058
440979,0.0793024838135091
440986,0.10734920439346114
440987,0.010898138453883852
440995,0.013923488866109382
440998,0.030205235867300322
441000,0.011416740575473252
441004,0.0735636470696056
441007,0.1915001579390445
441014,0.2030192830883323
441026,0.06219324358495606
441032,0.19343438566250615
441042,0.01787511057009144
441051,0.15870902964094155
441060,0.023260573956786035
441061,0.019652846932639217
441081,0.06041083434257122
441082,0.04754573715172732
441085,0.053240797239640966
441087,0.0394962905643682
441089,0.02631453100053253
441091,0.012960928943462027
441095,0.03808574786876949
441114,0.028251820391187937
441128,0.05818649186809236
441138,0.1588902360194015
441154,0.028368343052001303
441156,0.13949713591354884
441157,0.3145930122114201
441175,0.04663907255096004
441183,0.08286031051444928
441189,0.014743968260695402
441207,0.011649865408102988
441209,0.16265885080095308
441217,0.0413127637137699
441228,0.012024078574692005
441229,0.021203079562749257
441239,0.01698074522132437
441244,0.020138633278075094
441256,0.05994301706631826
441275,0.047007407975832735
441278,0.027677163526246707
441284,0.012263085559020333
441288,0.06230762297101829
441293,0.15883156144374627
441294,0.17359305532798314
441297,0.4792996240859301
441298,0.04137904941873989
441304,0.009596102954464298
441316,0.010298924873653302
441318,0.03196617492244084
441351,0.03809889232476406
441354,0.1853119166014663
441363,0.05852109536552251
441373,0.24163564096984652
441375,0.01445351469183859
441382,0.040558290316017244
441385,0.019292032581110848
441388,0.06505274516668007
441392,0.17557779240278765
441402,0.20302998239257444
441413,0.11652137434457324
441417,0.2857581804125546
441427,0.07694952517207142
441437,0.03578268512085601
441453,0.09346885240673572
441458,0.1055742227640218
441459,0.017574961746725275
441463,0.008700156921202063
441466,0.01643087224149927
441475,0.014921264803498082
441479,0.01858700657234174
441497,0.028291085518510683
441501,0.05958930845315782
441509,0.023056141762171682
441513,0.10823848308903547
441546,0.11312760805591596
441547,0.011438753232442568
441563,0.25965475036094987
441565,0.02373304251490326
441567,0.05265475565308122
441576,0.12088053635380817
441577,0.07483988676658934
441578,0.07351391904761855
441597,0.07167460309714381
441607,0.02824515263487882
441609,0.02360572475409456
441611,0.048069331547764764
441613,0.06104720712332975
441622,0.01824468841494391
441637,0.058996481096290965
441638,0.03615664261762909
441652,0.02472992293007707
441660,0.11069289131389168
441667,0.06384231626178863
441671,0.06682877243544377
441672,0.01677036746496334
441675,0.05613030108710025
441679,0.01382973385964148
441700,0.030491056589854616
441701,0.02217859512567393
441711,0.012270226832776197
441725,0.03297960041115704
441732,0.029262196657620004
441741,0.06784606450981938
441743,0.04079674253626579
441761,0.010632559453061198
441763,0.011284076297904393
441766,0.009415808982337655
441778,0.08682996487204546
441780,0.0323914512226593
441782,0.048155203071163236
441785,0.18606241502259166
441796,0.014174267543279865
441808,0.11405792643455341
441809,0.08787289189950162
441811,0.023895764348749793
441825,0.03973720972925326
441828,0.07798910693999214
441835,0.13004696678754465
441860,0.014591938924417795
441865,0.05547556926537476
441871,0.05017205570414944
441874,0.020339203926904005
441876,0.02727043530686769
441885,0.011592085290002553
441896,0.06099695789907918
441908,0.0435743504270489
441913,0.026186531549507265
441921,0.12110195635698266
441926,0.012109373989570462
441936,0.04408401453210756
441941,0.040951919519347776
441947,0.033645413621594046
441957,0.051594704505047176
441961,0.022041135993677213
441969,0.012488411279851064
441979,0.13708967223513296
441986,0.034796192384466754
441987,0.011154614325721738
441996,0.13452270377239556
441997,0.011536163355457384
441998,0.0800177222192236
442001,0.02412425042865151
442002,0.044230710999373805
442003,0.11183809518706493
442010,0.011293654563360834
442013,0.031335204515702236
442015,0.20716754544540378
442026,0.030345189927901188
442030,0.03737793540821454
442032,0.19777801796518904
442033,0.4291452357526032
442039,0.11449468494804287
442049,0.04335030255642072
442054,0.0468539093066279
442060,0.02080479925365141
442065,0.13686723204812037
442067,0.1257700846112121
442074,0.025372542791135905
442076,0.023973137643212006
442080,0.10650182146248746
442085,0.022795650568174935
442093,0.025725501162965007
442100,0.09676864624189378
442123,0.1964571263308803
442124,0.18106176934491586
442128,0.052515865206377965
442149,0.10499746081343235
442151,0.15496385211911332
442157,0.08059624461177504
442158,0.023643960220412062
442159,0.0438335855772024
442161,0.07483762050144084
442179,0.07779499116934394
442187,0.07479381976947802
442190,0.03511608849935113
442195,0.04603899333082688
442199,0.06425014092600677
442233,0.013862448796248452
442234,0.2127875365974318
442235,0.009490385565058341
442250,0.010491998254014655
442256,0.030743450149389572
442258,0.14823505314397112
442264,0.10627343214092862
442280,0.051932496598429224
442288,0.00929904251164912
442290,0.011688856070111815
442293,0.1476902522147038
442299,0.1340042785783912
442303,0.30579831143809577
442306,0.012636887793344528
442308,0.018733793706053447
442312,0.03564319340225431
442315,0.02325155474605293
442320,0.08855911050303307
442321,0.07605828493265197
442328,0.18075018305060814
442331,0.32379699742129603
442359,0.01499937096959989
442361,0.01388523259551035
442366,0.0502790975988149
442368,0.039544033192356456
442372,0.20445319040672674
442378,0.022041135993677213
442392,0.24005086925456837
442393,0.039172294869361454
442399,0.040576693977376295
442401,0.276865054637246
442404,0.01389063788736181
442405,0.10637027806464786
442438,0.11191149565773455
442442,0.05667164366015317
442451,0.09578324217500138
442452,0.01145657298742578
442458,0.20449034380040393
442461,0.10574547466785496
442464,0.018874368617414674
442468,0.0739401584402724
442479,0.0907812085307585
442484,0.07287204351930912
442504,0.06195636600504999
442505,0.011799691167928011
442513,0.022792379580648458
442520,0.00899671800403247
442527,0.055139726091332865
442539,0.03894833392455162
442540,0.07765538752941045
442541,0.00991397958609978
442555,0.019165217362271208
442577,0.11092334585014547
442586,0.059379047540950546
442588,0.011676734181639543
442613,0.1382800525173253
442616,0.15406452207885438
442622,0.11163933984993268
442626,0.026920903917428757
442627,0.05235854200548814
442641,0.021318850959383035
442647,0.02543789627163438
442653,0.19891192972783805
442656,0.021845024198188918
442662,0.06314868872463852
442672,0.009359701300739742
442682,0.04145813035620676
442684,0.062152372464503045
442685,0.028975353892948818
442698,0.1985141894703499
442709,0.019448447134652633
442716,0.05971973520548932
442718,0.04176871669912008
442723,0.12086823027819907
442724,0.10120357627845913
442737,0.019652846932639217
442742,0.19152999066994084
442743,0.008700156921202063
442746,0.06100268529304511
442766,0.024095233907132772
442767,0.11793723236261602
442769,0.020587847601872773
442792,0.07583156352361128
442797,0.11727757792551403
442799,0.058596517049812634
442804,0.04297416235803779
442807,0.04943906921159605
442816,0.20126660728091866
442819,0.051349153529332094
442826,0.13214395829835193
442831,0.08105224402122052
442846,0.030996143734552523
442854,0.08761572692821613
442861,0.009170951329996574
442862,0.018096982629037386
442870,0.08251244053175315
442875,0.05442122503247636
442890,0.009595603594479528
442891,0.14212878462642595
442896,0.06863012510848969
442897,0.02026820230310812
442902,0.02399984775334832
442903,0.08659898306311624
442905,0.011248486179002721
442915,0.18989908982652076
442937,0.040961141451295376
442947,0.42078293257367616
442949,0.06517566353745467
442954,0.1902100830785144
442972,0.024965199733607883
443012,0.1754216947087502
443018,0.09430490156550406
443029,0.034260050618267056
443031,0.025550660559759502
443033,0.013297046068541745
443035,0.12180049777607867
443039,0.009145948881610244
443040,0.05251309591976807
443051,0.1048325891513836
443062,0.040890637089609175
443069,0.12733152371716233
443080,0.13246165057303588
443081,0.12952185165029118
443090,0.09218970146450735
443092,0.014590010955704946
443106,0.04602089171675312
443119,0.10815644678997796
443134,0.01527981861200436
443161,0.058261642578745845
443170,0.0288749956447042
443177,0.05292418496015461
443189,0.06273992206801271
443193,0.03336882133230622
443199,0.07291816353383718
443212,0.05555747567469664
443226,0.2966216631645449
443230,0.030616127073679295
443239,0.08666709475727025
443241,0.010737777482482381
443244,0.013753729443516
443249,0.015966496778714135
443253,0.02126671196759692
443262,0.010720354191230835
443264,0.4171314552336184
443266,0.06884851230550007
443274,0.012531400861096883
443283,0.015442163862553005
443295,0.010770343384738338
443304,0.01821060930943104
443313,0.04714734147736013
443317,0.011077075072920417
443324,0.027254643277449125
443339,0.028346745846755637
443344,0.15576680965565104
443345,0.01934598060867802
443352,0.061548403994385936
443355,0.039922803454263994
443356,0.2032682516760743
443360,0.1645886373791005
443364,0.2898723365553102
443368,0.009573393533274792
443375,0.1349028773699832
443380,0.09493215159003884
443391,0.09707245536089484
443392,0.009254483271318555
443397,0.042936656357346316
443403,0.08103234787916196
443406,0.17858390342948988
443420,0.17414701053226295
443431,0.009490385565058341
443441,0.04365204988709924
443456,0.13314163719479183
443457,0.34935211472256344
443459,0.046105060875354806
443460,0.07484449561447237
443471,0.044904675422193195
443474,0.09451975276999461
443486,0.1825674496858272
443487,0.0459591774221451
443490,0.02031053504031352
443492,0.26111456414949985
443495,0.09201081573440012
443505,0.011395239988613717
443512,0.07774670208193968
443555,0.04309205292600084
443576,0.12493261909180564
443582,0.009154302554969605
443583,0.010636455832682289
443585,0.014113102024378547
443588,0.016696206085204786
443592,0.011227234661729087
443596,0.08790989539444825
443597,0.01053076549830728
443606,0.03603833005238503
443607,0.07391115549357372
443608,0.09851981560544859
443611,0.06882627311843374
443612,0.022346901181151384
443618,0.20528264190621673
443623,0.028879750961149746
443632,0.010636455832682289
443633,0.0982097543224416
443634,0.027968988787233327
443637,0.015614374967122239
443638,0.33293246549093847
443669,0.023802284432972935
443672,0.03628680593212112
443685,0.016498248174454482
443686,0.009331355464889024
443694,0.03664192052119163
443695,0.06292967977518533
443697,0.345321998582258
443700,0.047133749854123407
443734,0.1397643513994587
443738,0.06747516733114166
443742,0.018544176901731862
443759,0.08265255418215144
443760,0.02018740001880806
443770,0.051890954803527824
443776,0.019161884440742287
443788,0.02345265865512946
443791,0.14136562571405586
443792,0.018093340131072333
443803,0.034541668106214236
443808,0.031557167415918526
443832,0.060163568471715
443842,0.022352896186656108
443847,0.010922272742938586
443853,0.020739573837374084
443854,0.2274233874302313
443868,0.04156554704821147
443873,0.04254782942133044
443879,0.029516118307555562
443883,0.03393534804138296
443891,0.10908233514906376
443908,0.08601265380422238
443910,0.17955474791971637
443918,0.012411134245531846
443927,0.021414784105762787
443935,0.10277641702414372
443965,0.2110740456885957
443974,0.011455507819765877
443984,0.029980908268881994
443986,0.07290393515660024
443991,0.00938167048315937
443996,0.010521512667889709
444008,0.010254907095232099
444014,0.02317633276774731
444015,0.022428788326129462
444016,0.11601129052151844
444018,0.04671621389618949
444053,0.062399328982455
444058,0.06660443387235619
444065,0.05052530939426682
444069,0.026412604729616478
444082,0.045902361576773104
444087,0.029505182866810743
444089,0.097612967817421
444093,0.14942407274848502
444104,0.010965566740874776
444113,0.014492115305134345
444118,0.24234038105231978
444122,0.02832307251651625
444123,0.047264242221722194
444128,0.042117376727744876
444136,0.017558324505463928
444152,0.03337867691017635
444155,0.04467133179905919
444182,0.010281352541676352
444183,0.05589537433696865
444185,0.01749440289509243
444213,0.03474896316071924
444229,0.026198122591022187
444231,0.01902070323967864
444234,0.02273141903078238
444240,0.022025800378220932
444249,0.06269358359178312
444265,0.052078411431077595
444268,0.023469028015582993
444271,0.05434530438327961
444278,0.025260677667944775
444279,0.1309729812843471
444283,0.08593491845518918
444285,0.010576451771463284
444291,0.09156556225677812
444297,0.018228937649868035
444313,0.05102239170410511
444318,0.04593723008436297
444322,0.009359701300739742
444333,0.03227912357254632
444334,0.021429882099738076
444359,0.09016036233750785
444367,0.0462741121535761
444369,0.06552395395999303
444370,0.12404855030552579
444376,0.011805109001339263
444384,0.014733927590267652
444387,0.03705709265056359
444406,0.009680057111928157
444409,0.09644397697729094
444412,0.011068636546400213
444418,0.13308467383726374
444420,0.09908442250304489
444424,0.011818306703132445
444429,0.009055558894031172
444432,0.02721272454616343
444434,0.024258569877232395
444440,0.03220204939228351
444444,0.02865228799582344
444450,0.010367478950240256
444456,0.025128763695624723
444457,0.024496685228034637
444461,0.18622543529318772
444504,0.11866641378300788
444515,0.1393342572680036
444516,0.12092763630326486
444517,0.011279011814645395
444519,0.17313214936209614
444540,0.020042694003442576
444573,0.12033219383690337
444581,0.021976159357701246
444582,0.009864790089488236
444602,0.3735301280809383
444605,0.04377205192855162
444611,0.01599935437806
444614,0.016320992397963037
444622,0.07489091054518457
444624,0.17815204775632631
444625,0.027885290387164825
444639,0.04284132227760744
444658,0.04124683822297688
444673,0.03959616611357742
444696,0.08746224311161707
444719,0.012399833560178503
444729,0.017599039553530368
444737,0.03852803212528843
444743,0.07575948870352171
444758,0.05704658314616791
444764,0.0369459785695103
444780,0.021590780673152923
444789,0.12872175662196683
444795,0.10186773174466975
444811,0.0729876461096796
444814,0.009254483271318555
444825,0.04001991795413014
444831,0.018116971710657032
444832,0.017646533847194754
444835,0.11836178747915398
444840,0.09637850233861713
444841,0.12024159255212044
444842,0.17804300105247678
444846,0.040287578703224664
444849,0.03430435675180545
444867,0.015219595542811715
444876,0.043993156260974185
444893,0.030438816442574956
444896,0.08035488269952787
444897,0.05162063680221977
444907,0.029681362950173346
444908,0.01663935720306769
444932,0.022896309865079918
444933,0.035691698673685164
444936,0.04058629649024098
444941,0.08199009540177829
444942,0.1044004035076608
444950,0.05536174161249739
444956,0.0179729322676498
444965,0.07941679671745175
444966,0.12289166490816535
444970,0.01281437974359526
444971,0.20176381180871267
444978,0.022637032365566502
444982,0.07096184311301354
444984,0.044464759816020515
444986,0.025176609550320205
445001,0.01616601926594533
445016,0.020295741815516292
445027,0.11573646413062477
445029,0.05544887453174754
445032,0.021654196891721832
445037,0.022023712084422727
445043,0.017956433155491437
445044,0.2165123803421552
445047,0.1037316793558162
445052,0.21976819938010322
445073,0.09445999630147364
445075,0.008983076359330006
445076,0.03824186091178891
445092,0.07022250243645375
445095,0.06888359226108762
445106,0.034538984993297175
445110,0.10353998614226548
445123,0.010852720647274963
445124,0.017835453092220375
445141,0.07344825258554255
445151,0.015509156937701055
445160,0.029654636958001766
445161,0.08321433750303324
445164,0.21490400820422056
445165,0.015753830502401284
445169,0.043991651574226756
445175,0.2863189203061888
445178,0.060337836235747136
445182,0.10799303157165843
445183,0.00886148263222116
445192,0.010635983527728463
445193,0.0728475091512997
445200,0.013489182687031878
445202,0.024507652338845488
445203,0.010747502617853776
445207,0.024113412475679174
445245,0.0251267663586853
445256,0.027417166361700468
445282,0.05985477851548211
445294,0.028886846347339328
445300,0.18110501025285675
445316,0.0418480159578285
445331,0.09166308690605592
445332,0.01437170634634632
445343,0.03131945575850836
445345,0.08412768187457823
445346,0.04890461205602202
445354,0.20338795591362913
445355,0.4871859682262518
445356,0.04069028907022715
445366,0.19448447545120628
445369,0.17702975249414793
445390,0.03898408594908455
445392,0.10465720062254139
445398,0.014830267123987675
445401,0.07652896425586038
445417,0.03565224077018939
445427,0.024865343793332207
445465,0.17645644551454942
445469,0.023954880752987774
445472,0.010536557494345218
445475,0.19975881496146625
445483,0.02308972939971874
445484,0.05064961117201827
445493,0.17001495329086552
445496,0.07266838113989102
445504,0.009137279203079014
445505,0.13578007098815525
445507,0.03613483362329123
445531,0.4014566035177502
445536,0.051577502674436525
445544,0.0387836646176828
445559,0.014087260679634218
445580,0.04134940602081425
445589,0.02324227575630168
445591,0.03519451336240389
445595,0.03961978580389711
445601,0.028833489672826246
445612,0.030822067011228155
445639,0.02540327164872702
445656,0.11614815934713871
445666,0.016640417320780775
445682,0.22383585424580144
445686,0.03724994071575853
445700,0.027882356546407895
445713,0.047908156245242625
445716,0.07567203291256665
445725,0.02312570961965852
445728,0.03583151105052264
445731,0.010737777482482381
445742,0.0676606533322604
445743,0.3183941412631685
445755,0.021928843790955395
445766,0.02407392406774983
445781,0.492133655285799
445798,0.11317492829257832
445799,0.10194862917519953
445801,0.25625103728283094
445810,0.02750460501045667
445813,0.05716444786312004
445822,0.01421157186214897
445824,0.08366389751967461
445826,0.06763212886385828
445828,0.012170731145896087
445829,0.022901073390038853
445838,0.02261197369364623
445840,0.021721696417008617
445845,0.044233442526227025
445847,0.053646886186532725
445849,0.07636715824203165
445852,0.1047008766877208
445853,0.12911751854549838
445856,0.037549311565103674
445863,0.016512328845166593
445864,0.20129882585160924
445871,0.11088644556075211
445907,0.05276237178528294
445908,0.025540335963047257
445917,0.03788582524889135
445919,0.06948857446859229
445925,0.043197844215569464
445930,0.024704848859090807
445938,0.011252024448736554
445943,0.056427402413746344
445946,0.012215638951211397
445948,0.1379876467985624
445970,0.042406150662631314
445972,0.016214949923676964
445974,0.20219832340167482
445976,0.020539155195202434
445979,0.06512974895682161
445993,0.02100551118295616
446001,0.193363928424017
446004,0.07777630136177088
446025,0.04033452890306399
446026,0.0773122294282009
446046,0.0981230394691801
446048,0.03351353619415251
446055,0.022345243002605087
446064,0.15609972600567598
446068,0.02182507893140906
446078,0.011731304390623731
446094,0.04080695189473381
446096,0.21178917852773532
446120,0.05848605335156758
446131,0.04077369663947386
446139,0.11960306547796432
446157,0.14868658624439396
446179,0.12748941127207636
446180,0.11762714057635985
446186,0.08243189901867845
446189,0.49328469134158637
446200,0.08278017640089409
446208,0.46150922091434204
446210,0.05542609877067508
446214,0.04970945892825451
446226,0.035267006390243744
446229,0.01882896045938673
446237,0.04269597680389106
446247,0.01552696425995947
446256,0.010431339464924031
446273,0.0981086872352935
446286,0.025198804104043758
446296,0.009463145601904272
446302,0.12120731991232522
446310,0.039118760553858704
446315,0.013974850639575941
446319,0.3314983462101321
446320,0.1929255669481661
446322,0.07289119374019444
446356,0.30197409220171567
446374,0.03393134485621328
446375,0.04513030357495622
446406,0.021931646701870443
446407,0.01281437974359526
446426,0.10982690422180756
446428,0.049882616366293035
446431,0.11735818594179151
446433,0.01684593369038277
446437,0.17652544411877671
446441,0.1556298786713023
446452,0.022429697938998218
446464,0.15515877209287368
446466,0.14319124937431935
446468,0.2342210045141513
446469,0.1452324579208346
446472,0.4247282951193626
446476,0.047520658641124085
446478,0.019874967961543664
446485,0.011708937237626919
446499,0.06317787477759051
446503,0.04715139514630992
446504,0.013340632822647983
446509,0.08310730652066269
446512,0.16719446508930216
446525,0.060596755039466974
446534,0.011560725849187062
446535,0.056480733846937636
446543,0.12715999375944467
446546,0.01673688196082023
446550,0.27815308011515694
446555,0.08541960024246839
446560,0.016814483840007364
446564,0.029743625958101143
446572,0.022625809734486513
446593,0.05606967312181649
446616,0.11297979290348666
446617,0.057772043540275174
446625,0.013259844361335186
446626,0.23332665134535685
446631,0.0924789015040144
446643,0.1192225381322767
446647,0.040064440663533755
446652,0.018213737390493315
446655,0.10636872166779783
446657,0.3402568773129217
446663,0.14478924733266255
446665,0.1445414679957115
446676,0.030442577796981552
446684,0.12712499037077482
446694,0.019320337492772628
446699,0.011009443073088406
446702,0.04461502382686067
446713,0.03691761934388614
446720,0.1426172076011849
446724,0.12483350907163389
446728,0.05596094193164312
446730,0.023190348948990375
446738,0.06718287317320562
446742,0.013252128453865853
446743,0.015410559871153296
446744,0.033475644834919646
446750,0.0810138413765302
446759,0.0492914091037087
446760,0.10751418806714638
446772,0.03571671676613305
446786,0.04046588856345613
446799,0.05569237330306883
446800,0.26189170875994294
446803,0.20155612904916156
446812,0.034929299210080623
446813,0.0628739888974533
446815,0.01650627641513664
446816,0.01944086139200634
446832,0.07663732285931014
446845,0.04187537014571664
446846,0.015126501909221749
446847,0.03093280297031196
446850,0.01957580687209917
446851,0.13698102086828595
446855,0.03797875405798557
446856,0.024089488846007978
446867,0.009595603594479528
446877,0.21234434204932223
446880,0.10790068969238428
446885,0.0201197304433911
446892,0.022367610898874953
446905,0.08126650178989839
446909,0.31842571884358384
446924,0.011395239988613717
446935,0.02513917387374509
446944,0.022394379503311614
446945,0.03582017741374135
446949,0.008700156921202063
446952,0.04232324137591452
446957,0.010579157272435859
446961,0.09210736343972785
446979,0.03883709158605498
446980,0.1227080802455496
446987,0.11049645524622856
446991,0.047414052989298364
447001,0.010630736147165242
447013,0.12799110592161117
447014,0.09845889046644739
447023,0.07758404806832188
447062,0.009359701300739742
447072,0.04615426579033626
447082,0.15767904448712697
447084,0.019470692983503603
447087,0.011337899127843654
447092,0.027981767990468885
447106,0.023016744994178783
447107,0.053052036283744976
447112,0.024526955828472485
447147,0.047674692796338625
447160,0.2010657809193213
447176,0.03278431619909129
447184,0.04947093097015716
447188,0.010272309364754716
447190,0.05442421618890274
447191,0.026544359108000654
447198,0.05785719660432083
447199,0.07704548060156821
447200,0.11304877623197215
447202,0.022953265449670284
447209,0.20246842488645816
447210,0.10450529461380517
447228,0.2929055476907465
447230,0.010640558708396922
447235,0.06271607560810634
447246,0.12691953802001726
447248,0.050282687923928926
447263,0.05162835810381091
447265,0.059928392170570596
447272,0.034519229258765986
447285,0.06454545700599046
447293,0.1998020149027883
447305,0.05333799961176352
447312,0.01970704642068445
447326,0.043785367636125824
447327,0.09097210868871206
447361,0.011851567246500423
447367,0.23788165776120168
447381,0.03920267847898772
447387,0.11098720833692229
447390,0.19914187761797658
447391,0.04719356194612994
447416,0.09175099531286815
447419,0.0691907767413413
447420,0.05720776266466726
447422,0.009574839082506972
447425,0.08179764546883919
447444,0.01669613533985199
447458,0.03580654515903411
447460,0.009574839082506972
447467,0.08628623525824868
447479,0.13959092598033865
447482,0.09182582729709798
447496,0.05426118462464067
447504,0.011128155136250454
447507,0.020115444356805484
447519,0.026566862097918042
447522,0.04126205550634403
447528,0.059952291946585315
447529,0.015417169342953887
447532,0.18257723946242815
447540,0.06663917002970977
447543,0.08462346165146307
447546,0.0658316042760635
447554,0.019831118020793466
447571,0.02261810399314091
447575,0.015894297938919742
447591,0.025427429868100482
447599,0.13062883220062643
447600,0.07567276156865926
447601,0.05214181203947511
447606,0.05728322911941732
447607,0.040330457242552756
447618,0.11968021388190409
447621,0.011729746280361813
447633,0.014463919840303579
447638,0.011784773139593583
447642,0.03771931623777194
447644,0.03569311838135382
447654,0.11845047936331148
447670,0.04284457142014085
447671,0.035904740907918634
447672,0.05911878208343274
447674,0.12323431598557766
447676,0.08800451802435863
447692,0.19703299816943134
447696,0.13755354181296595
447698,0.044384430830487785
447704,0.024712605561808976
447705,0.04946703719399144
447708,0.049657001942271704
447709,0.2108759868877661
447715,0.06840670959773845
447727,0.021006967767260958
447736,0.0638168694409347
447742,0.014982929888450102
447743,0.10409833088282165
447745,0.07936114473792691
447748,0.28656514033452607
447751,0.23455663917867398
447752,0.03426915375980265
447796,0.04033504389237804
447810,0.055941275173067774
447812,0.04900866860271653
447814,0.277073694195907
447815,0.023393301042284344
447816,0.1273005922399472
447817,0.2866407931261038
447835,0.02829518315764016
447842,0.37677671872132207
447844,0.017661547285783247
447862,0.33266318944789247
447865,0.06619919434544341
447868,0.1728169690244567
447873,0.009642805589378516
447876,0.00952969669029007
447881,0.10392656408473126
447882,0.12804553740706703
447883,0.012266447843026438
447904,0.06013158308629392
447907,0.10099662598988508
447915,0.30277402152903954
447931,0.02951483356889955
447945,0.11233583451828888
447947,0.10598175912039982
447958,0.016478724734409235
447967,0.009585804371887984
447968,0.11839994422515643
447972,0.30494574405706926
447975,0.04026990292026793
447976,0.08725377148904849
447978,0.014119539642966342
447983,0.020255609393084066
447993,0.09743177338377504
447998,0.13218919219623626
448001,0.056080674988197174
448005,0.13082406993934553
448007,0.05847812062042597
448011,0.057291682719710225
448012,0.024572180970593
448016,0.1417278719655717
448030,0.016741229369199022
448039,0.10620106325802992
448040,0.03324145628401043
448045,0.07666496803710951
448046,0.07776237127754135
448051,0.06437711558543899
448084,0.1117107680846561
448091,0.08070487695950465
448100,0.08142372050962993
448125,0.12650350256435
448143,0.015624562581393706
448146,0.051135612175393155
448150,0.05657260096208351
448160,0.20638880281914815
448163,0.025463768848903362
448165,0.105849819034362
448182,0.014600928798290983
448185,0.041612359567456535
448188,0.05043785455254087
448189,0.022995464459367308
448209,0.035798433766473
448210,0.04807423836906879
448218,0.010138610033286411
448224,0.23951965467066522
448241,0.014980274762881727
448243,0.017209162613431642
448244,0.010521512667889709
448245,0.1205655150232802
448254,0.032721461441881136
448278,0.15157742227230034
448279,0.07997316980927488
448282,0.12561008775516694
448284,0.05447576336367051
448285,0.3012701296235717
448301,0.12486889327150748
448302,0.24399270074361912
448305,0.06840514240526505
448317,0.09192031340632148
448330,0.13896177019775233
448335,0.03720020344399161
448338,0.07043654061665204
448340,0.015274384677659097
448341,0.04572978318555262
448347,0.3077043506134763
448350,0.04527640871075189
448353,0.039316894414197404
448361,0.049700220562355665
448370,0.039339487279474214
448380,0.15398412749305762
448400,0.14172367946185993
448411,0.07959846606090673
448412,0.13265516656409282
448417,0.07067667982702637
448420,0.05945385096065546
448422,0.03797416014604755
448424,0.013488257836156278
448447,0.1026258326857572
448459,0.05138397242904615
448464,0.013162623742224358
448470,0.1287032335395441
448490,0.028977451275545723
448494,0.09715416170871155
448500,0.3482220437019786
448515,0.010615219015755909
448522,0.07684671906820986
448526,0.023886259936001443
448536,0.26188050092876114
448548,0.011279011814645395
448566,0.08371750517831791
448573,0.050925112832549115
448584,0.023637242870058316
448585,0.0275085594786866
448597,0.03554383901505018
448599,0.01806693328129487
448601,0.01198230893630561
448604,0.07190223346703103
448606,0.08025010987052272
448610,0.06737246230416169
448642,0.061579800547428676
448660,0.043669185026547055
448669,0.017841317684560497
448674,0.07747448974732106
448675,0.07310200908208032
448678,0.04472510711862517
448690,0.0456105071223419
448693,0.010754153180170044
448695,0.2906149490408127
448700,0.07443064382240026
448703,0.014100449061871653
448704,0.1910279910802415
448707,0.037771136106737754
448720,0.18537357650744524
448727,0.15067328240401467
448728,0.04810742911330601
448734,0.1794980836492544
448746,0.030626947021596778
448755,0.05994720632441959
448760,0.2982639498877459
448770,0.038450921906281584
448778,0.025996206319800246
448788,0.030337371729053302
448790,0.200883890486686
448801,0.024717151499627266
448805,0.08576547751278342
448806,0.009595603594479528
448812,0.015557965740938411
448817,0.20838180268309375
448834,0.028065593835236484
448837,0.329186619594282
448838,0.023232293234868
448853,0.09476493942141737
448856,0.055516306296685594
448868,0.11324965794043537
448876,0.022415861898157936
448909,0.33626840600781976
448917,0.18723740640143238
448919,0.1304358512691677
448922,0.052859354084774456
448931,0.0734095733037295
448935,0.018402065657377936
448937,0.020685341074032908
448940,0.029843852545687506
448948,0.11510992768334036
448958,0.05153644799238052
448967,0.05194713406702097
448968,0.03230492961332328
448973,0.09970481963775087
448993,0.04326858235851068
449000,0.18797355249293407
449011,0.1881118103218691
449015,0.011438753232442568
449030,0.03384171358655615
449035,0.024823978072943557
449040,0.009137279203079014
449045,0.014620124218693714
449060,0.015464090427374563
449081,0.07174397402592585
449082,0.041649530983189485
449087,0.13442079054125722
449095,0.01996113323660309
449105,0.09316259310654676
449110,0.042066526071587826
449117,0.057915410023718326
449126,0.10659610739742595
449134,0.02767857560156698
449141,0.05558470956626834
449148,0.12574661649609759
449155,0.012014125224800673
449158,0.14365402070471106
449160,0.016878123898182378
449178,0.19228845577698886
449180,0.20576850116889026
449183,0.06945223643777536
449186,0.0522050274865547
449193,0.02400717553365867
449196,0.02251105257118627
449203,0.02010070227595171
449213,0.028538410668482155
449214,0.011239797122282843
449215,0.020292386637774506
449216,0.04563293003887875
449224,0.07585137190546867
449227,0.04939562260424127
449230,0.015913803498032515
449233,0.19243826635386468
449253,0.05432247177070408
449254,0.06577964780696698
449264,0.3924344938734749
449289,0.14849970926807576
449302,0.012729653151881667
449308,0.045313274708246885
449314,0.02447587618981804
449322,0.21689919017659426
449323,0.029244317675418158
449364,0.07673098033055711
449368,0.017397471099398654
449391,0.022687521148844148
449403,0.07719725544153748
449408,0.03761432860877659
449409,0.010797309238747561
449412,0.009574839082506972
449424,0.06650485415278526
449427,0.02215374085844037
449462,0.025570353783736115
449465,0.018466205820013685
449469,0.027543720929953025
449475,0.010896871218080247
449476,0.09720508216360749
449483,0.01787511057009144
449484,0.16220459815970512
449487,0.01255153273344341
449492,0.015341031224689433
449499,0.19121116339173713
449502,0.017883684184931147
449506,0.015600535941993668
449508,0.04744480932999106
449514,0.015554119432240618
449517,0.09383500689616782
449534,0.08586122418240001
449540,0.020379059586571817
449543,0.06290395651342075
449545,0.02261197369364623
449548,0.12123965095042395
449555,0.01987770636672607
449556,0.1428471843124834
449558,0.052412978483861894
449566,0.04686776100802923
449574,0.11546087963106881
449576,0.0278003447965375
449578,0.010471233742042101
449581,0.047102197447299175
449586,0.11249510614733282
449591,0.08865564060067387
449594,0.059725394690343325
449599,0.09091715946656835
449606,0.014900649290133813
449615,0.016298600634304692
449616,0.045997594969991944
449625,0.019427096907781292
449633,0.016420409514346937
449636,0.2606787579365869
449637,0.22286427618517446
449642,0.01474554572086661
449683,0.1582915711458653
449684,0.015656884287428185
449711,0.014968424277035205
449713,0.02713589974339875
449716,0.07281696375360529
449741,0.04220599890772163
449745,0.03048404377379201
449747,0.030180587440611674
449756,0.03573642069148752
449759,0.014486529728045308
449760,0.09661392003042732
449768,0.03234689937207561
449773,0.06393079299778189
449775,0.024695131807234438
449780,0.011551863384170939
449788,0.1215411501506372
449792,0.040998143577098224
449802,0.04404343864874642
449812,0.18673205442864638
449815,0.12746981461922738
449818,0.02283143466398635
449820,0.042188630950136544
449821,0.013184112131651226
449822,0.27543485529786615
449831,0.02432811706708903
449837,0.09601842689583616
449855,0.10943253450337323
449857,0.0383286113904266
449865,0.06122662242695246
449866,0.017806085765992498
449871,0.10582140000202647
449873,0.026800006464980437
449874,0.04703108299599499
449877,0.021464722932073705
449881,0.035667669115483074
449889,0.0712967908134032
449893,0.013595806151682654
449894,0.07980246870647138
449897,0.10581763807298405
449900,0.022798244586558974
449910,0.016820257646829755
449924,0.08543446220153549
449928,0.09244176457530769
449932,0.21452677882667182
449942,0.04441910316339145
449947,0.04283667144023529
449955,0.05268195677341603
449972,0.017357853290237837
449984,0.13527571947846806
450004,0.017811355361884815
450027,0.06955764936516777
450029,0.009432832334228248
450035,0.06573241995005383
450038,0.00877702911477253
450042,0.4638140412497377
450044,0.030122588179074455
450060,0.048804755689211506
450065,0.07629803463479518
450076,0.04305108138827589
450081,0.22311296205709188
450083,0.04369094021905374
450096,0.12162976910719617
450102,0.0306202436697862
450107,0.12254151914983161
450109,0.07021710056678626
450110,0.03703507829960158
450111,0.046617320086007843
450114,0.0455440111369645
450117,0.08704404998603746
450118,0.11461025830167079
450124,0.12413488636329872
450141,0.11727184133505411
450145,0.04658060191141987
450148,0.042954549253266014
450169,0.04854068253415735
450172,0.2650286873331401
450173,0.03131297025911543
450180,0.04259538108242928
450182,0.009052825685630383
450190,0.04559896977818126
450200,0.047225957388669
450216,0.021897595473646305
450221,0.036138113831972685
450227,0.36208700147203743
450229,0.012429961291620733
450233,0.060102679320834226
450244,0.06534169715663239
450251,0.4517533754666113
450260,0.01607528145953336
450266,0.13852054141178724
450267,0.05911992031823891
450272,0.014633223024147306
450280,0.10779046568864219
450287,0.019165217362271208
450290,0.05491227937767481
450291,0.2923759068745682
450303,0.021762227440342084
450310,0.06051288727548212
450311,0.04541974020985855
450358,0.07733561300183918
450373,0.12307138506640883
450376,0.1358098798849388
450383,0.022086279716049817
450395,0.052838260916796144
450398,0.22309657466385047
450412,0.14415706753334728
450415,0.08218681236610029
450420,0.038415205744751234
450421,0.14858950842020244
450427,0.016794445560419487
450428,0.015639898196849987
450429,0.046085723725149914
450433,0.015498662539942499
450443,0.04688398490318303
450453,0.01556134390856668
450454,0.02463720938303387
450458,0.1631897059958643
450464,0.012595285126426192
450469,0.15907364344591152
450475,0.02309313720850597
450478,0.26376507742877864
450498,0.047820518146407476
450501,0.1754735761004088
450503,0.03636816550128876
450513,0.23942365559251524
450523,0.0380268290093118
450530,0.21169769255835585
450537,0.07559123689906984
450543,0.02929161958812823
450554,0.045966641312301645
450555,0.018806143483601708
450558,0.04254850763327696
450568,0.017617770872585186
450569,0.016273264051110573
450580,0.01645135722256592
450581,0.009490385565058341
450588,0.02096415783657372
450589,0.04131002118389717
450602,0.038759096666080586
450603,0.01294703882476191
450621,0.03459382560111597
450626,0.5361226310077465
450640,0.022526882790253853
450641,0.02114527194671361
450644,0.13770684371665842
450658,0.16594832689472314
450672,0.3058391979086446
450685,0.024239481813151175
450687,0.24918254857777145
450689,0.08486160509908916
450690,0.07793068817329724
450693,0.04381416925460268
450699,0.016280244552948957
450706,0.32603972274504056
450708,0.13313980652949087
450710,0.035915114523344595
450716,0.08235859432351166
450722,0.05103200453683202
450752,0.14862592672689853
450759,0.11614773822887407
450763,0.08059228252013628
450767,0.0387645029772339
450768,0.13093452638538014
450772,0.021595006492154546
450778,0.032133755909059994
450781,0.04137760498411548
450788,0.032229173813661444
450792,0.1176164471529717
450817,0.009415808982337655
450820,0.012575699820117664
450835,0.13333141810669885
450848,0.2267538107032081
450853,0.2746087953916906
450865,0.02241270414499564
450878,0.014508260524064629
450883,0.009909395437624851
450885,0.04731984088015097
450896,0.0112808448277096
450897,0.05681699389526096
450898,0.14516280107489335
450904,0.0688411317776658
450908,0.1292350245374824
450917,0.02132956345866389
450921,0.010548105935612569
450923,0.10779712882512701
450926,0.0910867491593595
450929,0.03748634154439339
450937,0.06063867426625402
450963,0.17550212430801165
450971,0.19992893174646828
450973,0.07522196403885888
450978,0.12148408688567673
450982,0.012503172238683285
450995,0.10634613660607009
450997,0.018364190165128656
451033,0.02071072971761599
451035,0.013693743895890051
451037,0.1570105833196589
451039,0.011523394966797596
451063,0.015372006664132562
451079,0.05697630641326893
451081,0.014735289461417786
451083,0.04199894441833506
451100,0.08125764790729928
451101,0.010973700829912487
451104,0.028926487800941158
451109,0.015618669337718546
451119,0.03285791421991962
451124,0.019034262729401737
451126,0.028383714708786693
451146,0.09186647756634045
451155,0.017734267474227787
451156,0.022440920570078203
451160,0.15510162289753535
451163,0.015283364868538415
451168,0.05854514709500556
451175,0.07833697491777052
451184,0.02342807023251455
451189,0.08553159066553559
451206,0.05374831310940788
451208,0.039732999448753574
451225,0.011947583913700627
451226,0.01807268489704223
451228,0.31462337490429554
451230,0.11802889453870588
451235,0.02207407977645238
451239,0.01685655034432222
451242,0.013421166364817253
451247,0.0475683427673286
451248,0.07309848992309168
451255,0.10332455417347763
451261,0.02646433486411618
451270,0.137695677896368
451277,0.017272316188647267
451278,0.10484578080634879
451282,0.023530346266038366
451283,0.05869229478387115
451302,0.06654074428859662
451310,0.04338873758680732
451315,0.046699465948679936
451328,0.04986109427848957
451330,0.0608079272353621
451331,0.2466633444735465
451338,0.024401570096776758
451342,0.13558589222847076
451347,0.011438753232442568
451350,0.12655598433494047
451351,0.04802425211491898
451354,0.014899560615824144
451358,0.03939585112483439
451370,0.012179421111025771
451379,0.3370289243091745
451383,0.04060076340655315
451390,0.13617443670321078
451391,0.014837525525558079
451392,0.1921102331285884
451412,0.025163922032983028
451422,0.01910323194353541
451429,0.013947075176798218
451432,0.058472059525116006
451437,0.06139962292440092
451442,0.049761491565414
451455,0.05941000104600484
451457,0.052285609534971786
451464,0.08468559933197264
451472,0.0401477249994612
451474,0.1155110117120133
451488,0.11774582016878443
451512,0.011351555984528156
451516,0.1995133709659349
451519,0.23950407406851548
451528,0.012395599737153996
451531,0.022473113164884956
451551,0.07089050465605959
451564,0.06331442256771198
451570,0.21244578874545575
451571,0.051117104176634155
451575,0.17714301674164354
451576,0.10562325763937166
451582,0.11912505101976723
451586,0.034786521002738116
451587,0.1535269473207043
451594,0.09251345627966584
451596,0.039097654086509157
451600,0.12088425602157223
451615,0.03180693385168108
451616,0.04373482325458474
451646,0.12652225028211955
451648,0.20007391071884767
451650,0.02846493490766257
451651,0.11597592687047005
451662,0.07949368204228781
451675,0.015827089618436235
451680,0.028530560326935267
451682,0.11156799922930968
451688,0.046461699812629674
451691,0.03653468079295384
451698,0.056225794362909455
451703,0.06146236585721947
451709,0.07840992562721037
451714,0.0835112692025183
451716,0.08237310515957748
451719,0.0423641393815093
451724,0.03211263260573579
451726,0.027044548567401478
451733,0.013770289430717769
451743,0.04445601366072245
451747,0.0145566069066116
451756,0.010296551182033539
451761,0.13231935179702806
451762,0.14112365646135766
451768,0.016513352267515928
451785,0.011126145908348394
451805,0.011070160808273107
451811,0.21584289722947309
451817,0.010929373484907655
451823,0.11358728767833004
451831,0.021684667773957327
451840,0.04678730879190697
451845,0.02714267694472086
451852,0.047440024551157006
451855,0.01714904347870617
451856,0.027016612750675136
451871,0.05470369521561062
451873,0.06818031463256698
451897,0.09012797516857042
451907,0.04398182015037228
451908,0.07388924979061895
451919,0.02088775080270856
451932,0.043811207571035835
451934,0.048203652556346774
451935,0.04201082863522487
451936,0.10604336630619096
451938,0.016741229369199022
451954,0.016027382250481226
451958,0.04648395362754814
451976,0.21851790779783956
451977,0.11570296199008637
451983,0.13295756495144653
452000,0.08722162912056379
452023,0.016368770968288135
452024,0.010632559453061198
452028,0.021309076968182968
452039,0.031189993245374043
452043,0.04624437137326938
452047,0.0153460155474635
452067,0.20207985786272592
452069,0.017710503438100027
452071,0.021189936280504123
452096,0.3292503699621601
452101,0.19554966409372782
452107,0.0641423260661681
452108,0.05781298798151565
452109,0.08579355581193096
452123,0.02317131138836946
452127,0.014464433578408615
452131,0.03871602497425704
452133,0.014037654821282369
452136,0.2757178311314087
452137,0.1259655930984451
452142,0.06653038629927994
452147,0.045090918738039144
452158,0.04396757853333262
452172,0.08540445985636588
452190,0.11859393839872254
452191,0.05825932845840944
452192,0.010615219015755909
452195,0.026474499338473047
452209,0.06833359532307984
452237,0.0501789954029447
452239,0.01311162723230484
452242,0.07614972382409442
452246,0.010222594141992192
452249,0.11713543570046121
452263,0.052939560036377634
452267,0.020707154484015174
452273,0.09593251466764947
452274,0.04783016692976917
452291,0.11525808117138672
452310,0.13558446732314328
452319,0.13583427989346875
452325,0.024555943533789388
452328,0.1106631471222221
452330,0.18400046494187977
452332,0.02938525716320863
452337,0.022798244586558974
452353,0.2698985041465287
452356,0.21639096727776694
452368,0.022699084438345524
452379,0.1072571337919724
452380,0.48449753398479156
452396,0.05673730953619728
452398,0.10654553343920752
452401,0.037463862468916434
452408,0.0367410182605228
452409,0.07709733613546002
452414,0.06184665973238136
452418,0.10693771787904949
452422,0.06578142525116433
452430,0.1103778650403654
452432,0.012939997211787003
452451,0.05823925294957931
452455,0.025632170308733715
452495,0.04308945254695854
452497,0.2863012386044306
452511,0.11314906307085056
452514,0.010548105935612569
452522,0.11530593047528674
452529,0.03400682097062427
452530,0.19459308206143516
452542,0.012266447843026438
452545,0.01852517926352223
452558,0.031028189266711314
452592,0.11677866997699948
452604,0.011395239988613717
452616,0.01832778940762282
452619,0.0552287385337704
452620,0.019874967961543664
452630,0.02988658548727091
452644,0.12378946416796546
452658,0.01612451391019493
452663,0.0383897738393343
452668,0.019114429918561833
452672,0.07482817630990368
452679,0.02489385873398304
452685,0.11395443524908908
452690,0.0843970898322828
452701,0.2227567530237442
452702,0.09260333654921192
452708,0.08528635461820797
452714,0.02626591923258716
452718,0.06367440219634543
452731,0.0103775273941759
452733,0.06093978487957732
452741,0.02709792181005612
452748,0.2353492102506792
452750,0.02064466459466486
452753,0.04663311533337527
452759,0.013356155377737235
452767,0.2621506564969994
452768,0.28372293353645395
452788,0.009837641662865292
452802,0.013991649774902266
452807,0.041189531679978734
452819,0.04107859730699777
452820,0.01938489736694757
452821,0.022041135993677213
452840,0.14495900367543313
452851,0.012225829970932729
452861,0.02755211168762799
452865,0.026953482070426103
452871,0.06749833846464173
452882,0.033884001493402274
452903,0.02848397623875722
452906,0.14871603227063696
452907,0.21137065650337433
452914,0.029304795141982736
452929,0.03892612486955603
452931,0.14865704706788016
452932,0.042441868412395264
452948,0.030577711278718594
452950,0.04245969984369953
452963,0.032405205477952254
452974,0.014969244447311226
452982,0.08768650572002674
452984,0.1764774291131305
452994,0.023103058891624208
452995,0.06975891211807536
452998,0.03792523774719066
453003,0.1345477604752841
453021,0.03644677315066825
453040,0.06695621309122407
453042,0.11275469360943557
453052,0.07392499821407537
453056,0.017195876731202365
453066,0.034344769648323406
453067,0.009055558894031172
453072,0.016038389806287287
453085,0.06601174027679664
453093,0.03722401974907991
453094,0.02022120611905424
453100,0.010632559453061198
453101,0.0949645319827546
453107,0.1142972097224334
453110,0.11755677996208558
453111,0.22066738187275442
453113,0.013301676347394892
453114,0.009137279203079014
453124,0.01783044201911352
453129,0.018604245592130284
453142,0.0846278508956224
453145,0.08178360492020413
453152,0.13102353023179963
453159,0.04849583292492014
453168,0.06102882877026057
453196,0.06829258518347026
453212,0.05872541080438781
453214,0.02308466254041678
453215,0.06712973688763861
453220,0.011049396296300553
453230,0.23724183304694976
453233,0.19610060210513228
453235,0.031766331403379575
453244,0.13264169849676496
453248,0.3547296561049319
453262,0.009145948881610244
453268,0.03646712522378599
453283,0.020761860746615686
453284,0.04028045433013428
453287,0.022041135993677213
453299,0.03049990883592159
453314,0.036938966585530045
453322,0.049983311361625406
453349,0.22073900511030858
453354,0.13261363254656697
453356,0.13997057006651809
453359,0.1316674022886547
453366,0.04375345315146245
453367,0.04825224887218127
453372,0.021691484822733365
453378,0.3852022612386471
453390,0.02246365655339398
453397,0.11198862747065921
453403,0.015227916819681345
453406,0.21834064916221263
453412,0.10522840292032691
453415,0.2970982744165613
453428,0.058254443991959226
453431,0.02273141903078238
453442,0.028269042438861386
453449,0.018784769612383824
453465,0.04015965089437008
453473,0.2231479409644527
453476,0.032729754860454714
453479,0.01836611358427253
453480,0.014370088868458239
453481,0.022703096163563065
453493,0.015682677858178524
453494,0.019463111293274313
453507,0.30114162896555474
453509,0.011165901662917022
453514,0.12316722933757496
453524,0.1128804951823112
453534,0.084632793983536
453538,0.048399365071049416
453544,0.12004090791192552
453549,0.008870152310752392
453550,0.08088314373757827
453551,0.011041847738451332
453556,0.04212522903537662
453560,0.3295206807471718
453566,0.046085541248279606
453569,0.08206791582431294
453579,0.05076944343481167
453582,0.017081903071051383
453586,0.20383131690158263
453618,0.021611477995874144
453620,0.098441948836571
453655,0.21023030540092905
453659,0.03591955278888802
453668,0.0871537683446614
453681,0.03536022633358708
453686,0.0757822798361496
453687,0.04366954709290527
453704,0.011575189948307156
453707,0.09033693127850359
453708,0.01662634312055829
453709,0.04986007983079686
453715,0.019574864021506298
453721,0.11608304273085295
453725,0.03297614814918047
453727,0.033515517799572465
453747,0.24819086013596853
453753,0.08895313676207464
453755,0.02304334434449496
453761,0.0304197807782526
453763,0.010419660607656839
453766,0.020752529909095273
453774,0.012728241751295605
453781,0.3747687366707031
453790,0.04414801143764701
453797,0.32976000756642465
453808,0.13285700622906274
453814,0.04521507562315803
453836,0.12128765860550728
453837,0.016617022656175772
453843,0.033211418247662265
453844,0.01248656866704457
453871,0.014185932260539722
453881,0.1254278034790476
453892,0.2545580266674457
453893,0.02679272110900823
453894,0.06607699721458038
453895,0.023883276761790466
453903,0.07896613877417182
453906,0.06706159093671002
453918,0.04573799988731107
453924,0.06787788645170685
453930,0.11448111294680093
453940,0.009055558894031172
453944,0.15191839538141624
453947,0.3068776300172942
453949,0.12174701510479144
453952,0.1765614627126404
453959,0.09534023011172102
453971,0.11108581457875881
453986,0.3312275066185723
453988,0.0419229616229717
453989,0.1760040411816417
453999,0.13287100352835246
454007,0.11231531292629357
454021,0.010582088603034072
454023,0.2443915397939457
454036,0.01571796826164488
454046,0.014250636041145048
454052,0.04808470734471782
454066,0.045921462659738864
454070,0.11937465601244077
454071,0.05403148664181216
454075,0.07097526812651071
454080,0.013841268120314335
454085,0.023615124174862917
454097,0.12009363533036332
454103,0.026484991652050545
454105,0.043905370278028176
454108,0.0419229616229717
454109,0.13803512061232265
454137,0.06041837615656141
454150,0.012498730925712475
454155,0.01718864419761857
454164,0.046458474405251464
454165,0.04872401705316158
454170,0.22402345635534182
454173,0.026149738638599762
454181,0.014498557372536063
454183,0.21726294093296508
454188,0.20373862203328003
454192,0.019034262729401737
454198,0.18881057884632077
454200,0.017294047149667084
454209,0.010386780224593469
454211,0.3735282255117837
454212,0.01727762467831228
454218,0.25369278707260484
454220,0.06794280736188993
454231,0.010678655616339999
454242,0.018052794937278037
454245,0.0189854520673814
454261,0.013957982874269784
454269,0.08197887759234454
454271,0.034143545620928285
454287,0.10874194004050777
454293,0.11849192898946075
454296,0.022198267707823315
454304,0.09342164738105832
454313,0.1048775485286237
454315,0.1187349466130218
454321,0.0404540669392869
454333,0.12947719482520303
454334,0.08069720101519703
454345,0.024993352634231587
454347,0.09692981205729678
454361,0.1788258244375753
454380,0.020027358387986298
454382,0.24399951575764053
454386,0.11020544671704118
454390,0.0577243902706057
454396,0.0359186382809249
454398,0.20621441878134475
454403,0.013909366781030191
454405,0.04837443905753713
454406,0.07038684579210655
454412,0.05588581475873796
454418,0.04412876456190672
454436,0.04412377870708399
454443,0.048317002797002045
454449,0.1129629525502048
454457,0.3143306285535169
454466,0.01147568090119638
454471,0.20038332672282627
454476,0.29365714110083924
454489,0.30463575818041205
454493,0.1733875885674455
454495,0.04432953995299063
454497,0.014600928798290983
454522,0.01319026726915872
454554,0.06361621159646563
454557,0.017164379094162453
454560,0.030715190794099866
454561,0.05352756235304111
454563,0.07194877187298819
454565,0.04137760498411548
454566,0.07184551574412576
454578,0.07478308945478644
454605,0.07361045964852268
454608,0.07871680903421449
454612,0.02469555335048043
454618,0.14008339507384449
454622,0.045381533900519674
454631,0.07625953270328864
454638,0.012210260463845612
454639,0.10933162177845106
454640,0.06430903937303381
454653,0.1257264793528505
454663,0.045636507206780405
454664,0.3004272158358702
454674,0.22997363590104464
454678,0.26386428867931067
454680,0.036698147821102416
454687,0.07973627470521481
454690,0.04532252132129074
454698,0.1037293760927815
454700,0.057878193580505624
454707,0.01053076549830728
454714,0.018237470507597872
454722,0.1198590719319402
454723,0.016111162560833583
454739,0.09171623668902901
454745,0.02025441402162833
454763,0.04778256883257978
454765,0.02618310223639076
454774,0.048687418749856326
454778,0.027497701323586355
454780,0.051716472311423456
454781,0.08680533138744681
454789,0.009595603594479528
454801,0.0768916393054965
454802,0.0783758225594314
454835,0.07998841252060566
454837,0.0733500686672495
454841,0.009416457481124995
454872,0.12402062684092856
454878,0.029302233255794334
454884,0.01061312714121908
454891,0.12804951482573831
454897,0.06125339805633032
454908,0.0355740108762167
454912,0.05381079827076853
454922,0.02263942160031157
454929,0.04210255958122297
454935,0.04463241054633159
454946,0.08136833265896412
454959,0.025681105365986008
454970,0.027268498090498083
454991,0.0864340447474106
455002,0.21052854114415923
455005,0.15152990367613062
455016,0.21861224539496954
455021,0.019138506278758936
455022,0.06146120121875305
455024,0.11566228436190902
455044,0.1492749436317103
455050,0.010913042040821865
455055,0.1830876889266452
455056,0.05525049718658583
455067,0.026388193589115382
455069,0.00921458899420049
455082,0.04440026370626153
455087,0.040210273114980835
455088,0.09221948809870728
455112,0.04633557567121086
455126,0.0640302092596507
455132,0.026567124539675253
455135,0.1791547468420906
455148,0.016448518450234234
455156,0.06058328929001774
455161,0.08364027309918547
455162,0.08268017210742748
455164,0.20850273891856358
455171,0.11541824622505777
455174,0.01519020180499125
455175,0.048158603849421396
455184,0.16325166196589833
455188,0.05502986527017345
455200,0.21063974763077914
455209,0.23260874986472574
455212,0.15976482650667428
455217,0.028864294680421974
455222,0.019785389768440693
455223,0.03906660749158672
455228,0.04753183324675654
455243,0.043975123302153044
455246,0.026783373469733408
455255,0.22848786657617035
455262,0.11317149469910615
455268,0.06989504266213864
455277,0.3363252397313342
455281,0.19084761181236315
455296,0.03870814500625668
455297,0.010651500659137796
455322,0.012123410560927006
455326,0.2838065637959975
455327,0.2580853322009584
455328,0.0514804514489976
455368,0.01166836875078741
455374,0.09459391351979661
455377,0.01020573203736975
455378,0.010635983527728463
455379,0.03600671205848285
455395,0.01642997367046964
455424,0.10409152908913624
455425,0.009804177408203666
455429,0.010635983527728463
455434,0.15731097751838358
455436,0.020212877420389665
455438,0.01993197945279398
455439,0.048903854098202096
455440,0.018907061274782356
455441,0.010803617067832826
455481,0.0103775273941759
455482,0.012929322908387835
455483,0.0093224497781901
455484,0.20276951472512236
455489,0.09115867010109878
455490,0.11685683906949054
455513,0.5107163606241107
455515,0.12213016220267
455536,0.02148880702988607
455537,0.03139184728972014
455538,0.013551980678366372
455539,0.03874987234488966
455567,0.2511544007470662
455583,0.05972649962614347
455607,0.023302900922874452
455636,0.24532831557343043
455638,0.02636257321708645
455640,0.2697842890667652
455644,0.013215581801794463
455645,0.03371897066458683
455648,0.01890599317705494
455650,0.023387092658784154
455658,0.2154915769799342
455694,0.025428378301913756
455695,0.024798417625062706
455696,0.041207273942187456
455703,0.1550419428627639
455742,0.011003215243787544
455748,0.04214729614479065
455749,0.19160657132952738
455750,0.14250036039243166
455751,0.024536672880328854
455752,0.1054749426349798
455787,0.07593090492670874
455798,0.051569794176642855
455802,0.103008822896777
455803,0.08548594526226057
455804,0.09264114591647732
455805,0.017597745501862414
455829,0.009716339328483065
455840,0.07487812395213753
455849,0.06058143594901817
455850,0.07588555253708504
455852,0.10027785585404703
455854,0.11738817921410691
455863,0.03785491239134352
455897,0.02408248725324795
455902,0.019206275544739942
455907,0.011516249388035889
455908,0.05136031887028183
455909,0.0772191652616577
455940,0.06919032478184829
455955,0.12044016426113446
455958,0.04118679683249306
455959,0.10626393587847682
455960,0.016445134504253216
455961,0.318337450918212
455962,0.04467532774889696
455963,0.04501567750506447
455965,0.017388771849513054
456007,0.25990537871781993
456008,0.027376271358555932
456009,0.02656138165020779
456010,0.04435245107347509
456011,0.020601659488001335
456013,0.1121697121369705
456028,0.09246550571108991
456058,0.1504763837144649
456111,0.2000299740873685
456114,0.06667781316493052
456115,0.041683902197824654
456116,0.01220907622639478
456119,0.01987136130553417
456120,0.13007492589940844
456122,0.0778836300474182
456123,0.014007913912379762
456166,0.1781129116213563
456167,0.03859153101331415
456168,0.07278446754043885
456169,0.03038362933499227
456170,0.020550746004118586
456189,0.1981009503218832
456202,0.09885265155874426
456221,0.040192461575194634
456222,0.057434383831606116
456223,0.023273320384075574
456224,0.026853877284017412
456250,0.2051843210275214
